0
0.0013312
0.0025407
0.0042483
0.0060904
0.0083087
0.011117
0.014049
0.016908
0.020006
0.023596
0.027567
0.031313
0.035248
0.039639
0.044576
0.049153
0.053885
0.05903
0.064638
0.070235
0.075862
0.081894
0.088377
0.095146
0.10178
0.10878
0.11623
0.12387
0.13167
0.13972
0.14818
0.15698
0.16599
0.17539
0.18507
0.19463
0.20476
0.21437
0.22433
0.23373
0.24361
0.25315
0.26263
0.27163
0.28072
0.2898
0.29802
0.30699
0.31478
0.32319
0.33098
0.33811
0.34493
0.35179
0.35916
0.36559
0.37161
0.37696
0.38264
0.38835
0.39354
0.39767
0.40162
0.40575
0.41006
0.41365
0.41632
0.41883
0.42131
0.42379
0.42565
0.42719
0.42857
0.42985
0.43107
0.43226
0.43341
0.43454
0.43565
0.43675
0.43783
0.4389
0.43997
0.44102
0.44206
0.4431
0.44413
0.44515
0.44617
0.44718
0.44819
0.44919
0.45019
0.45119
0.45219
0.45318
0.45417
0.45516
0.45615
0.45714
0.45813
0.45912
0.46011
