0
0
0.002267
0.0045369
0.0065121
0.0090814
0.011497
0.013972
0.017125
0.020046
0.023186
0.027104
0.030706
0.03464
0.039036
0.043464
0.048003
0.053373
0.058358
0.063854
0.070052
0.075766
0.082383
0.08896
0.095757
0.10366
0.11114
0.11925
0.12895
0.13772
0.14748
0.15804
0.16861
0.18023
0.19211
0.20546
0.21954
0.23439
0.2525
0.271
0.29084
0.31063
0.33005
0.34926
0.36762
0.38722
0.40462
0.42187
0.43915
0.4552
0.47344
0.48879
0.50633
0.5212
0.5377
0.55263
0.56785
0.58369
0.59786
0.61364
0.62749
0.64182
0.65622
0.66912
0.68008
0.69063
0.70165
0.70872
0.71443
0.71959
0.7245
0.72873
0.73183
0.73415
0.73605
0.73778
0.73941
0.74098
0.7425
0.74398
0.74544
0.74687
0.74828
0.74967
0.75105
0.75241
0.75376
0.7551
0.75643
0.75775
0.75906
0.76037
0.76167
0.76297
0.76426
0.76555
0.76683
0.76811
0.76938
0.77066
0.77193
0.7732
0.77446
0.77573
0.77699
0.77826
0.77952
0.78078
0.78204
0.7833
0.78456
0.78582
0.78708
0.78834
0.7896
0.79086
0.79212
0.79338
0.79464
0.7959
0.79717
0.79843
0.7997
0.80096
0.80223
0.8035
0.80477
0.80604
0.80732
0.80859
0.80987
0.81115
0.81243
0.81371
0.81499
0.81628
0.81757
0.81886
0.82015
0.82145
0.82274
0.82404
0.82534
0.82665
0.82795
0.82926
0.83057
0.83189
0.8332
0.83452
0.83584
0.83717
0.83849
0.83982
0.84116
0.84249
0.84383
0.84517
0.84652
0.84786
0.84921
0.85057
0.85192
0.85328
0.85465
0.85601
0.85738
0.85875
0.86013
0.86151
0.86289
0.86428
0.86567
0.86706
0.86846
0.86986
0.87126
0.87267
0.87408
0.87549
0.87691
0.87833
0.87976
0.88119
0.88262
0.88405
0.88549
0.88694
0.88839
0.88984
0.89129
0.89275
0.89422
0.89569
0.89716
0.89863
0.90011
0.9016
0.90309
0.90458
0.90607
0.90758
0.90908
0.91059
0.9121
0.91362
0.91514
0.91667
0.9182
0.91973
0.92127
0.92282
0.92437
0.92592
0.92748
0.92904
0.93061
0.93218
0.93375
0.93533
0.93692
0.93851
0.9401
0.9417
0.9433
0.94491
0.94653
0.94815
0.94977
0.9514
0.95303
0.95467
0.95631
0.95796
0.95961
0.96127
0.96293
0.9646
0.96627
0.96795
0.96963
0.97132
0.97301
0.97471
0.97641
0.97812
0.97983
0.98155
0.98328
0.98501
0.98674
0.98848
0.99023
0.99198
0.99373
0.9955
0.99726
0.99903
1.0008
