0
0
0.011497
0.020046
0.030706
0.043464
0.053373
0.063854
0.070052
0.082383
0.095757
0.10366
0.11114
0.12895
0.13772
0.14748
0.15804
0.16861
0.18023
0.19211
0.20546
0.21954
0.23439
0.2525
0.271
0.29084
0.31063
0.33005
0.34926
0.36762
0.38722
0.40462
0.42187
0.43915
0.4552
0.47344
0.48879
0.50633
0.5212
0.5377
0.55263
0.56785
0.58369
0.59786
0.61364
0.62749
0.64182
0.65622
0.66912
0.68008
0.69063
0.70165
0.70872
0.71443
0.71959
0.7245
0.72873
0.73183
0.73415
0.73605
0.73778
0.73941
0.74098
0.7425
0.74398
0.74544
0.74687
0.74828
0.74967
0.75105
0.75241
0.75376
0.7551
0.75643
0.75775
0.75906
0.76037
0.76167
0.77066
0.78078
0.79086
0.80096
0.81115
0.82015
0.83057
0.84116
0.85057
0.86013
0.87126
0.88119
0.89129
0.90011
0.91059
0.92127
0.93061
0.9401
0.9514
0.96127
0.97132
0.98155
0.99023
1.0008
