    0.000e+00     1.000e+00     0.000e+00     0.000e+00 
    6.663e-04     1.000e+00     7.328e-04     1.000e-06 
    1.225e-03     1.000e+00     1.404e-03     1.000e-06 
    1.927e-03     1.000e+00     2.214e-03     1.000e-06 
    2.673e-03     1.000e+00     3.051e-03     1.000e-06 
    3.430e-03     1.000e+00     3.878e-03     1.000e-06 
    4.217e-03     1.000e+00     4.723e-03     1.000e-06 
    5.085e-03     1.000e+00     5.635e-03     1.000e-06 
    6.106e-03     1.000e+00     6.694e-03     1.000e-06 
    7.201e-03     1.000e+00     7.817e-03     1.000e-06 
    8.270e-03     1.000e+00     8.905e-03     1.000e-06 
    9.314e-03     1.000e+00     9.961e-03     1.000e-06 
    1.037e-02     1.000e+00     1.103e-02     1.000e-06 
    1.145e-02     1.000e+00     1.211e-02     1.000e-06 
    1.252e-02     1.000e+00     1.319e-02     1.000e-06 
    1.366e-02     1.000e+00     1.433e-02     1.000e-06 
    1.493e-02     1.000e+00     1.560e-02     1.000e-06 
    1.612e-02     1.000e+00     1.679e-02     1.000e-06 
    1.728e-02     1.000e+00     1.795e-02     1.000e-06 
    1.840e-02     1.000e+00     1.907e-02     1.000e-06 
    1.952e-02     1.000e+00     2.019e-02     1.000e-06 
    2.069e-02     1.000e+00     2.136e-02     1.000e-06 
    2.190e-02     1.000e+00     2.257e-02     1.000e-06 
    2.311e-02     1.000e+00     2.378e-02     1.000e-06 
    2.437e-02     1.000e+00     2.504e-02     1.000e-06 
    2.559e-02     1.000e+00     2.626e-02     1.000e-06 
    2.672e-02     1.000e+00     2.739e-02     1.000e-06 
    2.781e-02     1.000e+00     2.848e-02     1.000e-06 
    2.888e-02     1.000e+00     2.955e-02     1.000e-06 
    2.997e-02     1.000e+00     3.064e-02     1.000e-06 
    3.110e-02     1.000e+00     3.177e-02     1.000e-06 
    3.230e-02     1.000e+00     3.297e-02     1.000e-06 
    3.362e-02     1.000e+00     3.429e-02     1.000e-06 
    3.487e-02     1.000e+00     3.554e-02     1.000e-06 
    3.606e-02     1.000e+00     3.673e-02     1.000e-06 
    3.723e-02     1.000e+00     3.790e-02     1.000e-06 
    3.841e-02     1.000e+00     3.908e-02     1.000e-06 
    3.964e-02     1.000e+00     4.031e-02     1.000e-06 
    4.093e-02     1.000e+00     4.160e-02     1.000e-06 
    4.234e-02     1.000e+00     4.301e-02     1.000e-06 
    4.380e-02     1.000e+00     4.447e-02     1.000e-06 
    4.518e-02     1.000e+00     4.585e-02     1.000e-06 
    4.654e-02     1.000e+00     4.721e-02     1.000e-06 
    4.789e-02     1.000e+00     4.856e-02     1.000e-06 
    4.927e-02     1.000e+00     4.994e-02     1.000e-06 
    5.072e-02     1.000e+00     5.139e-02     1.000e-06 
    5.230e-02     1.000e+00     5.296e-02     1.000e-06 
    5.384e-02     1.000e+00     5.451e-02     1.000e-06 
    5.533e-02     1.000e+00     5.599e-02     1.000e-06 
    5.680e-02     1.000e+00     5.747e-02     1.000e-06 
    5.833e-02     1.000e+00     5.900e-02     1.000e-06 
    5.991e-02     1.000e+00     6.057e-02     1.000e-06 
    6.159e-02     1.000e+00     6.226e-02     1.000e-06 
    6.330e-02     1.000e+00     6.396e-02     1.000e-06 
    6.488e-02     1.000e+00     6.555e-02     1.000e-06 
    6.640e-02     1.000e+00     6.707e-02     1.000e-06 
    6.795e-02     1.000e+00     6.861e-02     1.000e-06 
    6.956e-02     1.000e+00     7.023e-02     1.000e-06 
    7.127e-02     1.000e+00     7.194e-02     1.000e-06 
    7.293e-02     1.000e+00     7.360e-02     1.000e-06 
    7.449e-02     1.000e+00     7.516e-02     1.000e-06 
    7.601e-02     1.000e+00     7.668e-02     1.000e-06 
    7.754e-02     1.000e+00     7.821e-02     1.000e-06 
    7.914e-02     1.000e+00     7.981e-02     1.000e-06 
    8.085e-02     1.000e+00     8.152e-02     1.000e-06 
    8.265e-02     1.000e+00     8.331e-02     1.000e-06 
    8.448e-02     1.000e+00     8.515e-02     1.000e-06 
    8.637e-02     1.000e+00     8.704e-02     1.000e-06 
    8.814e-02     1.000e+00     8.881e-02     1.000e-06 
    8.982e-02     1.000e+00     9.049e-02     1.000e-06 
    9.146e-02     1.000e+00     9.213e-02     1.000e-06 
    9.310e-02     1.000e+00     9.377e-02     1.000e-06 
    9.480e-02     1.000e+00     9.547e-02     1.000e-06 
    9.660e-02     1.000e+00     9.726e-02     1.000e-06 
    9.838e-02     1.000e+00     9.904e-02     1.000e-06 
    1.000e-01     1.000e+00     1.007e-01     1.000e-06 
    1.016e-01     1.000e+00     1.022e-01     1.000e-06 
    1.031e-01     1.000e+00     1.038e-01     1.000e-06 
    1.046e-01     1.000e+00     1.053e-01     1.000e-06 
    1.058e-01     1.000e+00     1.065e-01     1.000e-06 
    1.067e-01     1.000e+00     1.074e-01     1.000e-06 
    1.075e-01     1.000e+00     1.082e-01     1.000e-06 
    1.082e-01     1.000e+00     1.088e-01     1.000e-06 
    1.088e-01     1.000e+00     1.095e-01     1.000e-06 
    1.094e-01     1.000e+00     1.101e-01     1.000e-06 
    1.100e-01     1.000e+00     1.107e-01     1.000e-06 
    1.106e-01     1.000e+00     1.113e-01     1.000e-06 
    1.111e-01     1.000e+00     1.118e-01     1.000e-06 
    1.116e-01     1.000e+00     1.122e-01     1.000e-06 
    1.120e-01     1.000e+00     1.126e-01     1.000e-06 
    1.124e-01     1.000e+00     1.130e-01     1.000e-06 
    1.127e-01     1.000e+00     1.134e-01     1.000e-06 
    1.131e-01     1.000e+00     1.138e-01     1.000e-06 
    1.134e-01     1.000e+00     1.141e-01     1.000e-06 
    1.138e-01     1.000e+00     1.145e-01     1.000e-06 
    1.142e-01     1.000e+00     1.148e-01     1.000e-06 
    1.145e-01     1.000e+00     1.152e-01     1.000e-06 
    1.149e-01     1.000e+00     1.156e-01     1.000e-06 
    1.153e-01     1.000e+00     1.160e-01     1.000e-06 
    1.157e-01     1.000e+00     1.164e-01     1.000e-06 
    1.162e-01     1.000e+00     1.168e-01     1.000e-06 
    1.167e-01     1.000e+00     1.173e-01     1.000e-06 
    1.172e-01     1.000e+00     1.179e-01     1.000e-06 
    1.179e-01     1.000e+00     1.185e-01     1.000e-06 
    1.186e-01     1.000e+00     1.192e-01     1.000e-06 
    1.193e-01     1.000e+00     1.200e-01     1.000e-06 
    1.202e-01     1.000e+00     1.209e-01     1.000e-06 
    1.211e-01     1.000e+00     1.218e-01     1.000e-06 
    1.222e-01     1.000e+00     1.228e-01     1.000e-06 
    1.233e-01     1.000e+00     1.239e-01     1.000e-06 
    1.245e-01     1.000e+00     1.251e-01     1.000e-06 
    1.258e-01     1.000e+00     1.264e-01     1.000e-06 
    1.271e-01     1.000e+00     1.278e-01     1.000e-06 
    1.285e-01     1.000e+00     1.292e-01     1.000e-06 
    1.300e-01     1.000e+00     1.307e-01     1.000e-06 
    1.316e-01     1.000e+00     1.323e-01     1.000e-06 
    1.332e-01     1.000e+00     1.339e-01     1.000e-06 
    1.350e-01     1.000e+00     1.356e-01     1.000e-06 
    1.367e-01     1.000e+00     1.374e-01     1.000e-06 
    1.386e-01     1.000e+00     1.392e-01     1.000e-06 
    1.404e-01     1.000e+00     1.410e-01     1.000e-06 
    1.421e-01     1.000e+00     1.428e-01     1.000e-06 
    1.439e-01     1.000e+00     1.446e-01     1.000e-06 
    1.456e-01     1.000e+00     1.462e-01     1.000e-06 
    1.472e-01     1.000e+00     1.479e-01     1.000e-06 
    1.489e-01     1.000e+00     1.495e-01     1.000e-06 
    1.505e-01     1.000e+00     1.511e-01     1.000e-06 
    1.521e-01     1.000e+00     1.527e-01     1.000e-06 
    1.537e-01     1.000e+00     1.544e-01     1.000e-06 
    1.553e-01     1.000e+00     1.560e-01     1.000e-06 
    1.568e-01     1.000e+00     1.575e-01     1.000e-06 
    1.583e-01     1.000e+00     1.590e-01     1.000e-06 
    1.598e-01     1.000e+00     1.605e-01     1.000e-06 
    1.613e-01     1.000e+00     1.620e-01     1.000e-06 
    1.628e-01     1.000e+00     1.635e-01     1.000e-06 
    1.644e-01     1.000e+00     1.650e-01     1.000e-06 
    1.658e-01     1.000e+00     1.665e-01     1.000e-06 
    1.672e-01     1.000e+00     1.678e-01     1.000e-06 
    1.685e-01     1.000e+00     1.692e-01     1.000e-06 
    1.698e-01     1.000e+00     1.705e-01     1.000e-06 
    1.711e-01     1.000e+00     1.718e-01     1.000e-06 
    1.724e-01     1.000e+00     1.731e-01     1.000e-06 
    1.737e-01     1.000e+00     1.744e-01     1.000e-06 
    1.750e-01     1.000e+00     1.757e-01     1.000e-06 
    1.763e-01     1.000e+00     1.770e-01     1.000e-06 
    1.776e-01     1.000e+00     1.782e-01     1.000e-06 
    1.788e-01     1.000e+00     1.795e-01     1.000e-06 
    1.800e-01     1.000e+00     1.807e-01     1.000e-06 
    1.812e-01     1.000e+00     1.819e-01     1.000e-06 
    1.823e-01     1.000e+00     1.829e-01     1.000e-06 
    1.833e-01     1.000e+00     1.840e-01     1.000e-06 
    1.843e-01     1.000e+00     1.850e-01     1.000e-06 
    1.852e-01     1.000e+00     1.859e-01     1.000e-06 
    1.861e-01     1.000e+00     1.868e-01     1.000e-06 
    1.870e-01     1.000e+00     1.877e-01     1.000e-06 
    1.879e-01     1.000e+00     1.886e-01     1.000e-06 
    1.888e-01     1.000e+00     1.895e-01     1.000e-06 
    1.897e-01     1.000e+00     1.903e-01     1.000e-06 
    1.906e-01     1.000e+00     1.912e-01     1.000e-06 
    1.914e-01     1.000e+00     1.921e-01     1.000e-06 
    1.923e-01     1.000e+00     1.930e-01     1.000e-06 
    1.932e-01     1.000e+00     1.938e-01     1.000e-06 
    1.941e-01     1.000e+00     1.947e-01     1.000e-06 
    1.949e-01     1.000e+00     1.956e-01     1.000e-06 
    1.958e-01     1.000e+00     1.965e-01     1.000e-06 
    1.967e-01     1.000e+00     1.974e-01     1.000e-06 
    1.976e-01     1.000e+00     1.982e-01     1.000e-06 
    1.985e-01     1.000e+00     1.991e-01     1.000e-06 
    1.994e-01     1.000e+00     2.000e-01     1.000e-06 
    2.003e-01     1.000e+00     2.009e-01     1.000e-06 
    2.012e-01     1.000e+00     2.018e-01     1.000e-06 
    2.021e-01     1.000e+00     2.027e-01     1.000e-06 
    2.030e-01     1.000e+00     2.037e-01     1.000e-06 
    2.039e-01     1.000e+00     2.046e-01     1.000e-06 
    2.048e-01     1.000e+00     2.055e-01     1.000e-06 
    2.058e-01     1.000e+00     2.064e-01     1.000e-06 
    2.067e-01     1.000e+00     2.073e-01     1.000e-06 
    2.076e-01     1.000e+00     2.083e-01     1.000e-06 
    2.086e-01     1.000e+00     2.092e-01     1.000e-06 
    2.095e-01     1.000e+00     2.102e-01     1.000e-06 
    2.104e-01     1.000e+00     2.111e-01     1.000e-06 
    2.114e-01     1.000e+00     2.121e-01     1.000e-06 
    2.124e-01     1.000e+00     2.130e-01     1.000e-06 
    2.133e-01     1.000e+00     2.140e-01     1.000e-06 
    2.143e-01     1.000e+00     2.149e-01     1.000e-06 
    2.153e-01     1.000e+00     2.159e-01     1.000e-06 
    2.162e-01     1.000e+00     2.169e-01     1.000e-06 
    2.172e-01     1.000e+00     2.179e-01     1.000e-06 
    2.182e-01     1.000e+00     2.189e-01     1.000e-06 
    2.193e-01     1.000e+00     2.199e-01     1.000e-06 
    2.203e-01     1.000e+00     2.209e-01     1.000e-06 
    2.213e-01     1.000e+00     2.220e-01     1.000e-06 
    2.224e-01     1.000e+00     2.230e-01     1.000e-06 
    2.234e-01     1.000e+00     2.241e-01     1.000e-06 
    2.245e-01     1.000e+00     2.251e-01     1.000e-06 
    2.256e-01     1.000e+00     2.262e-01     1.000e-06 
    2.267e-01     1.000e+00     2.273e-01     1.000e-06 
    2.278e-01     1.000e+00     2.284e-01     1.000e-06 
    2.289e-01     1.000e+00     2.296e-01     1.000e-06 
    2.300e-01     1.000e+00     2.307e-01     1.000e-06 
    2.312e-01     1.000e+00     2.318e-01     1.000e-06 
    2.323e-01     1.000e+00     2.330e-01     1.000e-06 
    2.334e-01     1.000e+00     2.341e-01     1.000e-06 
    2.346e-01     1.000e+00     2.352e-01     1.000e-06 
    2.357e-01     1.000e+00     2.364e-01     1.000e-06 
    2.369e-01     1.000e+00     2.375e-01     1.000e-06 
    2.380e-01     1.000e+00     2.387e-01     1.000e-06 
    2.392e-01     1.000e+00     2.399e-01     1.000e-06 
    2.404e-01     1.000e+00     2.410e-01     1.000e-06 
    2.415e-01     1.000e+00     2.422e-01     1.000e-06 
    2.427e-01     1.000e+00     2.434e-01     1.000e-06 
    2.439e-01     1.000e+00     2.445e-01     1.000e-06 
    2.451e-01     1.000e+00     2.457e-01     1.000e-06 
    2.462e-01     1.000e+00     2.469e-01     1.000e-06 
    2.474e-01     1.000e+00     2.481e-01     1.000e-06 
    2.486e-01     1.000e+00     2.493e-01     1.000e-06 
    2.498e-01     1.000e+00     2.504e-01     1.000e-06 
    2.510e-01     1.000e+00     2.516e-01     1.000e-06 
    2.522e-01     1.000e+00     2.528e-01     1.000e-06 
    2.534e-01     1.000e+00     2.540e-01     1.000e-06 
    2.546e-01     1.000e+00     2.552e-01     1.000e-06 
    2.558e-01     1.000e+00     2.564e-01     1.000e-06 
    2.570e-01     1.000e+00     2.576e-01     1.000e-06 
    2.582e-01     1.000e+00     2.588e-01     1.000e-06 
    2.594e-01     1.000e+00     2.600e-01     1.000e-06 
    2.606e-01     1.000e+00     2.612e-01     1.000e-06 
    2.618e-01     1.000e+00     2.625e-01     1.000e-06 
    2.631e-01     1.000e+00     2.637e-01     1.000e-06 
    2.643e-01     1.000e+00     2.650e-01     1.000e-06 
    2.655e-01     1.000e+00     2.662e-01     1.000e-06 
    2.668e-01     1.000e+00     2.674e-01     1.000e-06 
    2.680e-01     1.000e+00     2.687e-01     1.000e-06 
    2.693e-01     1.000e+00     2.699e-01     1.000e-06 
    2.705e-01     1.000e+00     2.712e-01     1.000e-06 
    2.718e-01     1.000e+00     2.725e-01     1.000e-06 
    2.731e-01     1.000e+00     2.738e-01     1.000e-06 
    2.745e-01     1.000e+00     2.751e-01     1.000e-06 
    2.758e-01     1.000e+00     2.765e-01     1.000e-06 
    2.772e-01     1.000e+00     2.778e-01     1.000e-06 
    2.785e-01     1.000e+00     2.791e-01     1.000e-06 
    2.798e-01     1.000e+00     2.805e-01     1.000e-06 
    2.812e-01     1.000e+00     2.818e-01     1.000e-06 
    2.825e-01     1.000e+00     2.832e-01     1.000e-06 
    2.840e-01     1.000e+00     2.846e-01     1.000e-06 
    2.854e-01     1.000e+00     2.861e-01     1.000e-06 
    2.869e-01     1.000e+00     2.875e-01     1.000e-06 
    2.883e-01     1.000e+00     2.889e-01     1.000e-06 
    2.898e-01     1.000e+00     2.904e-01     1.000e-06 
    2.913e-01     1.000e+00     2.919e-01     1.000e-06 
    2.928e-01     1.000e+00     2.935e-01     1.000e-06 
    2.944e-01     1.000e+00     2.951e-01     1.000e-06 
    2.960e-01     1.000e+00     2.967e-01     1.000e-06 
    2.976e-01     1.000e+00     2.982e-01     1.000e-06 
    2.991e-01     1.000e+00     2.998e-01     1.000e-06 
    3.008e-01     1.000e+00     3.014e-01     1.000e-06 
    3.024e-01     1.000e+00     3.031e-01     1.000e-06 
    3.041e-01     1.000e+00     3.047e-01     1.000e-06 
    3.057e-01     1.000e+00     3.063e-01     1.000e-06 
    3.073e-01     1.000e+00     3.079e-01     1.000e-06 
    3.089e-01     1.000e+00     3.095e-01     1.000e-06 
    3.104e-01     1.000e+00     3.111e-01     1.000e-06 
    3.120e-01     1.000e+00     3.126e-01     1.000e-06 
    3.136e-01     1.000e+00     3.142e-01     1.000e-06 
    3.152e-01     1.000e+00     3.158e-01     1.000e-06 
    3.168e-01     1.000e+00     3.174e-01     1.000e-06 
    3.183e-01     1.000e+00     3.189e-01     1.000e-06 
    3.198e-01     1.000e+00     3.204e-01     1.000e-06 
    3.213e-01     1.000e+00     3.219e-01     1.000e-06 
    3.227e-01     1.000e+00     3.234e-01     1.000e-06 
    3.242e-01     1.000e+00     3.249e-01     1.000e-06 
    3.257e-01     1.000e+00     3.263e-01     1.000e-06 
    3.272e-01     1.000e+00     3.278e-01     1.000e-06 
    3.285e-01     1.000e+00     3.292e-01     1.000e-06 
    3.299e-01     1.000e+00     3.305e-01     1.000e-06 
    3.312e-01     1.000e+00     3.319e-01     1.000e-06 
    3.325e-01     1.000e+00     3.332e-01     1.000e-06 
    3.338e-01     1.000e+00     3.345e-01     1.000e-06 
    3.352e-01     1.000e+00     3.358e-01     1.000e-06 
    3.365e-01     1.000e+00     3.371e-01     1.000e-06 
    3.377e-01     1.000e+00     3.383e-01     1.000e-06 
    3.388e-01     1.000e+00     3.395e-01     1.000e-06 
    3.400e-01     1.000e+00     3.406e-01     1.000e-06 
    3.411e-01     1.000e+00     3.417e-01     1.000e-06 
    3.422e-01     1.000e+00     3.428e-01     1.000e-06 
    3.433e-01     1.000e+00     3.439e-01     1.000e-06 
    3.443e-01     1.000e+00     3.450e-01     1.000e-06 
    3.453e-01     1.000e+00     3.460e-01     1.000e-06 
    3.464e-01     1.000e+00     3.470e-01     1.000e-06 
    3.474e-01     1.000e+00     3.480e-01     1.000e-06 
    3.484e-01     1.000e+00     3.490e-01     1.000e-06 
    3.494e-01     1.000e+00     3.501e-01     1.000e-06 
    3.505e-01     1.000e+00     3.511e-01     1.000e-06 
    3.515e-01     1.000e+00     3.522e-01     1.000e-06 
    3.526e-01     1.000e+00     3.533e-01     1.000e-06 
    3.537e-01     1.000e+00     3.543e-01     1.000e-06 
    3.547e-01     1.000e+00     3.554e-01     1.000e-06 
    3.558e-01     1.000e+00     3.564e-01     1.000e-06 
    3.569e-01     1.000e+00     3.575e-01     1.167e-06 
    3.579e-01     1.000e+00     3.585e-01     4.610e-06 
    3.589e-01     1.000e+00     3.596e-01     7.989e-06 
    3.599e-01     1.000e+00     3.606e-01     2.412e-05 
    3.610e-01     1.000e+00     3.616e-01     9.833e-05 
    3.620e-01     1.000e+00     3.627e-01     3.046e-04 
    3.631e-01     1.000e+00     3.637e-01     1.765e-03 
    3.641e-01     1.000e+00     3.648e-01     7.509e-03 
    3.650e-01     9.997e-01     3.656e-01     1.763e-02 
    3.658e-01     9.984e-01     3.664e-01     3.202e-02 
    3.665e-01     9.945e-01     3.672e-01     4.893e-02 
    3.672e-01     9.868e-01     3.679e-01     6.773e-02 
    3.679e-01     9.740e-01     3.686e-01     9.306e-02 
    3.686e-01     9.500e-01     3.692e-01     1.173e-01 
    3.692e-01     9.188e-01     3.697e-01     1.371e-01 
    3.698e-01     8.878e-01     3.703e-01     1.534e-01 
    3.703e-01     8.587e-01     3.707e-01     1.676e-01 
    3.709e-01     8.313e-01     3.712e-01     1.795e-01 
    3.714e-01     8.067e-01     3.716e-01     1.878e-01 
    3.719e-01     7.888e-01     3.720e-01     1.937e-01 
    3.724e-01     7.760e-01     3.724e-01     2.003e-01 
    3.729e-01     7.610e-01     3.728e-01     2.067e-01 
    3.734e-01     7.464e-01     3.732e-01     2.123e-01 
    3.739e-01     7.336e-01     3.735e-01     2.174e-01 
    3.744e-01     7.216e-01     3.739e-01     2.226e-01 
    3.749e-01     7.091e-01     3.742e-01     2.279e-01 
    3.755e-01     6.965e-01     3.746e-01     2.324e-01 
    3.760e-01     6.856e-01     3.749e-01     2.365e-01 
    3.765e-01     6.757e-01     3.753e-01     2.399e-01 
    3.770e-01     6.675e-01     3.756e-01     2.451e-01 
    3.775e-01     6.547e-01     3.759e-01     2.479e-01 
    3.780e-01     6.480e-01     3.763e-01     2.505e-01 
    3.785e-01     6.417e-01     3.766e-01     2.542e-01 
    3.790e-01     6.326e-01     3.769e-01     2.568e-01 
    3.795e-01     6.262e-01     3.772e-01     2.593e-01 
    3.800e-01     6.201e-01     3.775e-01     2.616e-01 
    3.805e-01     6.145e-01     3.778e-01     2.646e-01 
    3.810e-01     6.070e-01     3.782e-01     2.677e-01 
    3.815e-01     5.995e-01     3.785e-01     2.703e-01 
    3.820e-01     5.931e-01     3.788e-01     2.723e-01 
    3.825e-01     5.883e-01     3.791e-01     2.741e-01 
    3.830e-01     5.839e-01     3.794e-01     2.757e-01 
    3.835e-01     5.800e-01     3.797e-01     2.775e-01 
    3.841e-01     5.756e-01     3.800e-01     2.790e-01 
    3.846e-01     5.719e-01     3.803e-01     2.804e-01 
    3.851e-01     5.684e-01     3.805e-01     2.822e-01 
    3.856e-01     5.642e-01     3.808e-01     2.835e-01 
    3.861e-01     5.609e-01     3.811e-01     2.848e-01 
    3.866e-01     5.578e-01     3.814e-01     2.866e-01 
    3.872e-01     5.535e-01     3.817e-01     2.880e-01 
    3.877e-01     5.502e-01     3.820e-01     2.893e-01 
    3.882e-01     5.471e-01     3.823e-01     2.907e-01 
    3.887e-01     5.437e-01     3.826e-01     2.930e-01 
    3.893e-01     5.382e-01     3.828e-01     2.936e-01 
    3.898e-01     5.367e-01     3.831e-01     2.943e-01 
    3.903e-01     5.350e-01     3.834e-01     2.950e-01 
    3.908e-01     5.332e-01     3.837e-01     2.960e-01 
    3.914e-01     5.310e-01     3.840e-01     2.975e-01 
    3.919e-01     5.273e-01     3.843e-01     2.977e-01 
    3.924e-01     5.268e-01     3.845e-01     2.989e-01 
    3.930e-01     5.240e-01     3.848e-01     3.001e-01 
    3.935e-01     5.211e-01     3.851e-01     3.011e-01 
    3.940e-01     5.189e-01     3.854e-01     3.018e-01 
    3.946e-01     5.171e-01     3.856e-01     3.025e-01 
    3.951e-01     5.155e-01     3.859e-01     3.031e-01 
    3.956e-01     5.140e-01     3.862e-01     3.038e-01 
    3.962e-01     5.124e-01     3.865e-01     3.045e-01 
    3.967e-01     5.108e-01     3.867e-01     3.051e-01 
    3.973e-01     5.092e-01     3.870e-01     3.058e-01 
    3.978e-01     5.076e-01     3.873e-01     3.068e-01 
    3.983e-01     5.052e-01     3.876e-01     3.076e-01 
    3.989e-01     5.033e-01     3.878e-01     3.091e-01 
    3.994e-01     5.000e-01     3.881e-01     3.098e-01 
    4.000e-01     4.983e-01     3.884e-01     3.102e-01 
    4.005e-01     4.974e-01     3.887e-01     3.107e-01 
    4.011e-01     4.963e-01     3.889e-01     3.119e-01 
    4.016e-01     4.936e-01     3.892e-01     3.125e-01 
    4.022e-01     4.921e-01     3.895e-01     3.132e-01 
    4.027e-01     4.904e-01     3.897e-01     3.141e-01 
    4.033e-01     4.883e-01     3.900e-01     3.161e-01 
    4.038e-01     4.839e-01     3.903e-01     3.164e-01 
    4.044e-01     4.832e-01     3.905e-01     3.173e-01 
    4.049e-01     4.811e-01     3.908e-01     3.180e-01 
    4.055e-01     4.795e-01     3.911e-01     3.187e-01 
    4.060e-01     4.778e-01     3.913e-01     3.195e-01 
    4.066e-01     4.760e-01     3.916e-01     3.204e-01 
    4.071e-01     4.740e-01     3.919e-01     3.211e-01 
    4.077e-01     4.725e-01     3.921e-01     3.219e-01 
    4.082e-01     4.704e-01     3.924e-01     3.231e-01 
    4.088e-01     4.678e-01     3.926e-01     3.242e-01 
    4.094e-01     4.654e-01     3.929e-01     3.251e-01 
    4.099e-01     4.633e-01     3.932e-01     3.256e-01 
    4.105e-01     4.622e-01     3.934e-01     3.263e-01 
    4.110e-01     4.604e-01     3.937e-01     3.269e-01 
    4.116e-01     4.592e-01     3.939e-01     3.273e-01 
    4.122e-01     4.583e-01     3.942e-01     3.277e-01 
    4.127e-01     4.575e-01     3.945e-01     3.281e-01 
    4.133e-01     4.566e-01     3.947e-01     3.286e-01 
    4.139e-01     4.555e-01     3.950e-01     3.292e-01 
    4.144e-01     4.543e-01     3.952e-01     3.299e-01 
    4.150e-01     4.526e-01     3.955e-01     3.308e-01 
    4.155e-01     4.506e-01     3.957e-01     3.318e-01 
    4.161e-01     4.485e-01     3.960e-01     3.326e-01 
    4.167e-01     4.467e-01     3.962e-01     3.333e-01 
    4.172e-01     4.450e-01     3.965e-01     3.342e-01 
    4.178e-01     4.430e-01     3.968e-01     3.351e-01 
    4.184e-01     4.410e-01     3.970e-01     3.360e-01 
    4.190e-01     4.390e-01     3.973e-01     3.371e-01 
    4.195e-01     4.366e-01     3.975e-01     3.378e-01 
    4.201e-01     4.350e-01     3.977e-01     3.386e-01 
    4.207e-01     4.333e-01     3.980e-01     3.390e-01 
    4.212e-01     4.324e-01     3.982e-01     3.396e-01 
    4.218e-01     4.312e-01     3.985e-01     3.400e-01 
    4.224e-01     4.301e-01     3.987e-01     3.407e-01 
    4.230e-01     4.286e-01     3.990e-01     3.412e-01 
    4.235e-01     4.276e-01     3.992e-01     3.423e-01 
    4.241e-01     4.252e-01     3.995e-01     3.424e-01 
    4.247e-01     4.249e-01     3.997e-01     3.440e-01 
    4.253e-01     4.215e-01     4.000e-01     3.442e-01 
    4.259e-01     4.209e-01     4.002e-01     3.447e-01 
    4.264e-01     4.199e-01     4.005e-01     3.449e-01 
    4.270e-01     4.194e-01     4.007e-01     3.455e-01 
    4.276e-01     4.180e-01     4.009e-01     3.460e-01 
    4.282e-01     4.170e-01     4.012e-01     3.465e-01 
    4.288e-01     4.159e-01     4.014e-01     3.473e-01 
    4.294e-01     4.141e-01     4.017e-01     3.477e-01 
    4.300e-01     4.132e-01     4.019e-01     3.482e-01 
    4.305e-01     4.122e-01     4.022e-01     3.489e-01 
    4.311e-01     4.108e-01     4.024e-01     3.503e-01 
    4.317e-01     4.077e-01     4.026e-01     3.507e-01 
    4.323e-01     4.068e-01     4.029e-01     3.510e-01 
    4.329e-01     4.063e-01     4.031e-01     3.514e-01 
    4.335e-01     4.053e-01     4.034e-01     3.517e-01 
    4.341e-01     4.047e-01     4.036e-01     3.521e-01 
    4.347e-01     4.039e-01     4.039e-01     3.526e-01 
    4.353e-01     4.028e-01     4.041e-01     3.532e-01 
    4.359e-01     4.016e-01     4.043e-01     3.536e-01 
    4.365e-01     4.008e-01     4.046e-01     3.540e-01 
    4.371e-01     3.999e-01     4.048e-01     3.547e-01 
    4.377e-01     3.983e-01     4.051e-01     3.550e-01 
    4.383e-01     3.977e-01     4.053e-01     3.559e-01 
    4.389e-01     3.958e-01     4.055e-01     3.564e-01 
    4.395e-01     3.949e-01     4.058e-01     3.566e-01 
    4.401e-01     3.944e-01     4.060e-01     3.573e-01 
    4.407e-01     3.928e-01     4.063e-01     3.582e-01 
    4.414e-01     3.911e-01     4.065e-01     3.585e-01 
    4.420e-01     3.904e-01     4.067e-01     3.594e-01 
    4.426e-01     3.886e-01     4.070e-01     3.598e-01 
    4.432e-01     3.878e-01     4.072e-01     3.605e-01 
    4.438e-01     3.864e-01     4.075e-01     3.607e-01 
    4.444e-01     3.858e-01     4.077e-01     3.616e-01 
    4.451e-01     3.841e-01     4.079e-01     3.619e-01 
    4.457e-01     3.834e-01     4.082e-01     3.627e-01 
    4.463e-01     3.818e-01     4.084e-01     3.629e-01 
    4.469e-01     3.813e-01     4.086e-01     3.637e-01 
    4.475e-01     3.798e-01     4.089e-01     3.639e-01 
    4.482e-01     3.793e-01     4.091e-01     3.646e-01 
    4.488e-01     3.779e-01     4.093e-01     3.649e-01 
    4.494e-01     3.773e-01     4.096e-01     3.657e-01 
    4.500e-01     3.758e-01     4.098e-01     3.660e-01 
    4.507e-01     3.751e-01     4.101e-01     3.667e-01 
    4.513e-01     3.737e-01     4.103e-01     3.671e-01 
    4.519e-01     3.729e-01     4.105e-01     3.675e-01 
    4.526e-01     3.720e-01     4.108e-01     3.679e-01 
    4.532e-01     3.712e-01     4.110e-01     3.681e-01 
    4.538e-01     3.709e-01     4.112e-01     3.686e-01 
    4.545e-01     3.698e-01     4.115e-01     3.689e-01 
    4.551e-01     3.692e-01     4.117e-01     3.699e-01 
    4.558e-01     3.673e-01     4.119e-01     3.700e-01 
    4.564e-01     3.670e-01     4.122e-01     3.704e-01 
    4.571e-01     3.662e-01     4.124e-01     3.707e-01 
    4.577e-01     3.657e-01     4.127e-01     3.709e-01 
    4.584e-01     3.652e-01     4.129e-01     3.713e-01 
    4.590e-01     3.645e-01     4.131e-01     3.717e-01 
    4.596e-01     3.636e-01     4.134e-01     3.720e-01 
    4.603e-01     3.630e-01     4.136e-01     3.723e-01 
    4.610e-01     3.624e-01     4.138e-01     3.728e-01 
    4.616e-01     3.614e-01     4.141e-01     3.735e-01 
    4.623e-01     3.602e-01     4.143e-01     3.740e-01 
    4.629e-01     3.591e-01     4.145e-01     3.743e-01 
    4.636e-01     3.585e-01     4.148e-01     3.747e-01 
    4.642e-01     3.577e-01     4.150e-01     3.753e-01 
    4.649e-01     3.566e-01     4.153e-01     3.757e-01 
    4.656e-01     3.557e-01     4.155e-01     3.760e-01 
    4.662e-01     3.551e-01     4.157e-01     3.763e-01 
    4.669e-01     3.547e-01     4.160e-01     3.765e-01 
    4.675e-01     3.541e-01     4.162e-01     3.769e-01 
    4.682e-01     3.535e-01     4.164e-01     3.773e-01 
    4.689e-01     3.527e-01     4.167e-01     3.777e-01 
    4.695e-01     3.518e-01     4.169e-01     3.782e-01 
    4.702e-01     3.508e-01     4.171e-01     3.787e-01 
    4.709e-01     3.500e-01     4.174e-01     3.787e-01 
    4.716e-01     3.499e-01     4.176e-01     3.797e-01 
    4.722e-01     3.480e-01     4.178e-01     3.804e-01 
    4.729e-01     3.468e-01     4.181e-01     3.811e-01 
    4.736e-01     3.454e-01     4.183e-01     3.819e-01 
    4.743e-01     3.438e-01     4.185e-01     3.816e-01 
    4.749e-01     3.444e-01     4.188e-01     3.824e-01 
    4.756e-01     3.429e-01     4.190e-01     3.823e-01 
    4.763e-01     3.430e-01     4.192e-01     3.832e-01 
    4.770e-01     3.414e-01     4.195e-01     3.838e-01 
    4.777e-01     3.402e-01     4.197e-01     3.837e-01 
    4.784e-01     3.404e-01     4.199e-01     3.839e-01 
    4.790e-01     3.401e-01     4.202e-01     3.850e-01 
    4.797e-01     3.379e-01     4.204e-01     3.855e-01 
    4.804e-01     3.369e-01     4.206e-01     3.857e-01 
    4.811e-01     3.366e-01     4.209e-01     3.860e-01 
    4.818e-01     3.360e-01     4.211e-01     3.870e-01 
    4.825e-01     3.342e-01     4.213e-01     3.884e-01 
    4.832e-01     3.316e-01     4.216e-01     3.886e-01 
    4.839e-01     3.312e-01     4.218e-01     3.888e-01 
    4.846e-01     3.308e-01     4.220e-01     3.896e-01 
    4.853e-01     3.293e-01     4.223e-01     3.898e-01 
    4.860e-01     3.290e-01     4.225e-01     3.905e-01 
    4.867e-01     3.276e-01     4.227e-01     3.911e-01 
    4.874e-01     3.266e-01     4.230e-01     3.917e-01 
    4.881e-01     3.255e-01     4.232e-01     3.923e-01 
    4.889e-01     3.243e-01     4.234e-01     3.930e-01 
    4.896e-01     3.232e-01     4.237e-01     3.936e-01 
    4.903e-01     3.220e-01     4.239e-01     3.942e-01 
    4.910e-01     3.208e-01     4.241e-01     3.949e-01 
    4.917e-01     3.197e-01     4.243e-01     3.955e-01 
    4.924e-01     3.186e-01     4.246e-01     3.961e-01 
    4.932e-01     3.175e-01     4.248e-01     3.966e-01 
    4.939e-01     3.166e-01     4.250e-01     3.971e-01 
    4.946e-01     3.157e-01     4.253e-01     3.975e-01 
    4.953e-01     3.148e-01     4.255e-01     3.980e-01 
    4.961e-01     3.141e-01     4.257e-01     3.984e-01 
    4.968e-01     3.132e-01     4.259e-01     3.990e-01 
    4.975e-01     3.123e-01     4.262e-01     3.995e-01 
    4.983e-01     3.113e-01     4.264e-01     4.001e-01 
    4.990e-01     3.103e-01     4.266e-01     4.006e-01 
    4.998e-01     3.094e-01     4.269e-01     4.010e-01 
    5.005e-01     3.086e-01     4.271e-01     4.016e-01 
    5.012e-01     3.076e-01     4.273e-01     4.018e-01 
    5.020e-01     3.072e-01     4.276e-01     4.023e-01 
    5.027e-01     3.062e-01     4.278e-01     4.030e-01 
    5.035e-01     3.051e-01     4.280e-01     4.032e-01 
    5.042e-01     3.046e-01     4.282e-01     4.036e-01 
    5.050e-01     3.040e-01     4.285e-01     4.041e-01 
    5.058e-01     3.032e-01     4.287e-01     4.048e-01 
    5.065e-01     3.019e-01     4.289e-01     4.052e-01 
    5.073e-01     3.012e-01     4.292e-01     4.055e-01 
    5.080e-01     3.007e-01     4.294e-01     4.065e-01 
    5.088e-01     2.990e-01     4.296e-01     4.074e-01 
    5.096e-01     2.974e-01     4.298e-01     4.075e-01 
    5.103e-01     2.972e-01     4.301e-01     4.081e-01 
    5.111e-01     2.961e-01     4.303e-01     4.084e-01 
    5.119e-01     2.956e-01     4.305e-01     4.088e-01 
    5.127e-01     2.949e-01     4.308e-01     4.093e-01 
    5.134e-01     2.941e-01     4.310e-01     4.100e-01 
    5.142e-01     2.928e-01     4.312e-01     4.108e-01 
    5.150e-01     2.915e-01     4.314e-01     4.111e-01 
    5.158e-01     2.910e-01     4.317e-01     4.119e-01 
    5.165e-01     2.897e-01     4.319e-01     4.123e-01 
    5.173e-01     2.890e-01     4.321e-01     4.127e-01 
    5.181e-01     2.882e-01     4.323e-01     4.134e-01 
    5.189e-01     2.871e-01     4.326e-01     4.140e-01 
    5.197e-01     2.861e-01     4.328e-01     4.147e-01 
    5.205e-01     2.850e-01     4.330e-01     4.150e-01 
    5.213e-01     2.845e-01     4.332e-01     4.155e-01 
    5.221e-01     2.836e-01     4.335e-01     4.161e-01 
    5.229e-01     2.826e-01     4.337e-01     4.164e-01 
    5.237e-01     2.820e-01     4.339e-01     4.168e-01 
    5.245e-01     2.813e-01     4.341e-01     4.173e-01 
    5.253e-01     2.806e-01     4.344e-01     4.179e-01 
    5.261e-01     2.796e-01     4.346e-01     4.182e-01 
    5.269e-01     2.791e-01     4.348e-01     4.185e-01 
    5.277e-01     2.786e-01     4.350e-01     4.193e-01 
    5.285e-01     2.773e-01     4.353e-01     4.197e-01 
    5.293e-01     2.766e-01     4.355e-01     4.201e-01 
    5.301e-01     2.760e-01     4.357e-01     4.209e-01 
    5.309e-01     2.746e-01     4.359e-01     4.218e-01 
    5.317e-01     2.732e-01     4.362e-01     4.229e-01 
    5.326e-01     2.714e-01     4.364e-01     4.226e-01 
    5.334e-01     2.718e-01     4.366e-01     4.233e-01 
    5.342e-01     2.708e-01     4.368e-01     4.235e-01 
    5.350e-01     2.705e-01     4.371e-01     4.238e-01 
    5.358e-01     2.699e-01     4.373e-01     4.244e-01 
    5.367e-01     2.689e-01     4.375e-01     4.250e-01 
    5.375e-01     2.681e-01     4.377e-01     4.256e-01 
    5.383e-01     2.671e-01     4.379e-01     4.259e-01 
    5.392e-01     2.666e-01     4.382e-01     4.264e-01 
    5.400e-01     2.657e-01     4.384e-01     4.270e-01 
    5.408e-01     2.648e-01     4.386e-01     4.277e-01 
    5.417e-01     2.637e-01     4.388e-01     4.280e-01 
    5.425e-01     2.632e-01     4.390e-01     4.287e-01 
    5.433e-01     2.622e-01     4.393e-01     4.291e-01 
    5.442e-01     2.615e-01     4.395e-01     4.297e-01 
    5.450e-01     2.606e-01     4.397e-01     4.304e-01 
    5.458e-01     2.595e-01     4.399e-01     4.311e-01 
    5.467e-01     2.584e-01     4.401e-01     4.316e-01 
    5.475e-01     2.576e-01     4.404e-01     4.322e-01 
    5.484e-01     2.566e-01     4.406e-01     4.328e-01 
    5.492e-01     2.558e-01     4.408e-01     4.334e-01 
    5.501e-01     2.549e-01     4.410e-01     4.338e-01 
    5.509e-01     2.542e-01     4.412e-01     4.343e-01 
    5.518e-01     2.535e-01     4.414e-01     4.347e-01 
    5.526e-01     2.528e-01     4.417e-01     4.351e-01 
    5.535e-01     2.522e-01     4.419e-01     4.358e-01 
    5.543e-01     2.511e-01     4.421e-01     4.364e-01 
    5.552e-01     2.503e-01     4.423e-01     4.369e-01 
    5.561e-01     2.496e-01     4.425e-01     4.372e-01 
    5.569e-01     2.490e-01     4.427e-01     4.375e-01 
    5.578e-01     2.486e-01     4.429e-01     4.378e-01 
    5.586e-01     2.481e-01     4.432e-01     4.382e-01 
    5.595e-01     2.475e-01     4.434e-01     4.386e-01 
    5.604e-01     2.469e-01     4.436e-01     4.390e-01 
    5.613e-01     2.464e-01     4.438e-01     4.393e-01 
    5.621e-01     2.458e-01     4.440e-01     4.397e-01 
    5.630e-01     2.453e-01     4.442e-01     4.400e-01 
    5.639e-01     2.447e-01     4.444e-01     4.407e-01 
    5.648e-01     2.437e-01     4.447e-01     4.412e-01 
    5.656e-01     2.430e-01     4.449e-01     4.417e-01 
    5.665e-01     2.423e-01     4.451e-01     4.420e-01 
    5.674e-01     2.418e-01     4.453e-01     4.423e-01 
    5.683e-01     2.413e-01     4.455e-01     4.427e-01 
    5.692e-01     2.408e-01     4.457e-01     4.430e-01 
    5.700e-01     2.403e-01     4.459e-01     4.434e-01 
    5.709e-01     2.398e-01     4.461e-01     4.437e-01 
    5.718e-01     2.392e-01     4.464e-01     4.441e-01 
    5.727e-01     2.387e-01     4.466e-01     4.445e-01 
    5.736e-01     2.381e-01     4.468e-01     4.449e-01 
    5.745e-01     2.376e-01     4.470e-01     4.453e-01 
    5.754e-01     2.370e-01     4.472e-01     4.456e-01 
    5.763e-01     2.364e-01     4.474e-01     4.460e-01 
    5.772e-01     2.359e-01     4.476e-01     4.464e-01 
    5.781e-01     2.353e-01     4.478e-01     4.468e-01 
    5.790e-01     2.348e-01     4.481e-01     4.472e-01 
    5.799e-01     2.342e-01     4.483e-01     4.475e-01 
    5.808e-01     2.337e-01     4.485e-01     4.479e-01 
    5.817e-01     2.331e-01     4.487e-01     4.483e-01 
    5.826e-01     2.325e-01     4.489e-01     4.487e-01 
    5.835e-01     2.319e-01     4.491e-01     4.491e-01 
    5.845e-01     2.314e-01     4.493e-01     4.495e-01 
    5.854e-01     2.309e-01     4.495e-01     4.499e-01 
    5.863e-01     2.303e-01     4.498e-01     4.503e-01 
    5.872e-01     2.297e-01     4.500e-01     4.507e-01 
    5.881e-01     2.292e-01     4.502e-01     4.511e-01 
    5.890e-01     2.286e-01     4.504e-01     4.514e-01 
    5.900e-01     2.280e-01     4.506e-01     4.518e-01 
    5.909e-01     2.275e-01     4.508e-01     4.522e-01 
    5.918e-01     2.269e-01     4.510e-01     4.526e-01 
    5.928e-01     2.264e-01     4.512e-01     4.530e-01 
    5.937e-01     2.258e-01     4.514e-01     4.534e-01 
    5.946e-01     2.252e-01     4.516e-01     4.538e-01 
    5.955e-01     2.247e-01     4.519e-01     4.542e-01 
    5.965e-01     2.241e-01     4.521e-01     4.546e-01 
    5.974e-01     2.236e-01     4.523e-01     4.550e-01 
    5.984e-01     2.230e-01     4.525e-01     4.554e-01 
    5.993e-01     2.225e-01     4.527e-01     4.558e-01 
    6.002e-01     2.219e-01     4.529e-01     4.562e-01 
    6.012e-01     2.214e-01     4.531e-01     4.566e-01 
    6.021e-01     2.208e-01     4.533e-01     4.570e-01 
    6.031e-01     2.203e-01     4.535e-01     4.574e-01 
    6.040e-01     2.197e-01     4.537e-01     4.578e-01 
    6.050e-01     2.192e-01     4.539e-01     4.582e-01 
    6.059e-01     2.186e-01     4.542e-01     4.585e-01 
    6.069e-01     2.181e-01     4.544e-01     4.589e-01 
    6.079e-01     2.176e-01     4.546e-01     4.593e-01 
    6.088e-01     2.170e-01     4.548e-01     4.597e-01 
    6.098e-01     2.165e-01     4.550e-01     4.601e-01 
    6.107e-01     2.159e-01     4.552e-01     4.605e-01 
    6.117e-01     2.154e-01     4.554e-01     4.609e-01 
    6.127e-01     2.149e-01     4.556e-01     4.613e-01 
    6.136e-01     2.143e-01     4.558e-01     4.617e-01 
    6.146e-01     2.138e-01     4.560e-01     4.620e-01 
    6.156e-01     2.133e-01     4.562e-01     4.624e-01 
    6.166e-01     2.129e-01     4.564e-01     4.627e-01 
    6.175e-01     2.125e-01     4.567e-01     4.629e-01 
    6.185e-01     2.122e-01     4.569e-01     4.632e-01 
    6.195e-01     2.118e-01     4.571e-01     4.634e-01 
    6.205e-01     2.115e-01     4.573e-01     4.637e-01 
    6.215e-01     2.110e-01     4.575e-01     4.640e-01 
    6.225e-01     2.106e-01     4.577e-01     4.642e-01 
    6.234e-01     2.104e-01     4.579e-01     4.646e-01 
    6.244e-01     2.099e-01     4.581e-01     4.650e-01 
    6.254e-01     2.094e-01     4.583e-01     4.653e-01 
    6.264e-01     2.090e-01     4.585e-01     4.657e-01 
    6.274e-01     2.084e-01     4.587e-01     4.660e-01 
    6.284e-01     2.080e-01     4.589e-01     4.665e-01 
    6.294e-01     2.074e-01     4.591e-01     4.668e-01 
    6.304e-01     2.069e-01     4.594e-01     4.672e-01 
    6.314e-01     2.065e-01     4.596e-01     4.676e-01 
    6.325e-01     2.059e-01     4.598e-01     4.679e-01 
    6.335e-01     2.055e-01     4.600e-01     4.683e-01 
    6.345e-01     2.050e-01     4.602e-01     4.688e-01 
    6.355e-01     2.043e-01     4.604e-01     4.692e-01 
    6.365e-01     2.038e-01     4.606e-01     4.697e-01 
    6.375e-01     2.031e-01     4.608e-01     4.701e-01 
    6.385e-01     2.026e-01     4.610e-01     4.704e-01 
    6.396e-01     2.022e-01     4.612e-01     4.708e-01 
    6.406e-01     2.017e-01     4.614e-01     4.713e-01 
    6.416e-01     2.010e-01     4.616e-01     4.717e-01 
    6.426e-01     2.005e-01     4.618e-01     4.721e-01 
    6.437e-01     2.000e-01     4.620e-01     4.725e-01 
    6.447e-01     1.995e-01     4.623e-01     4.730e-01 
    6.457e-01     1.990e-01     4.625e-01     4.734e-01 
    6.468e-01     1.984e-01     4.627e-01     4.738e-01 
    6.478e-01     1.979e-01     4.629e-01     4.741e-01 
    6.489e-01     1.974e-01     4.631e-01     4.746e-01 
    6.499e-01     1.969e-01     4.633e-01     4.749e-01 
    6.509e-01     1.964e-01     4.635e-01     4.754e-01 
    6.520e-01     1.958e-01     4.637e-01     4.758e-01 
    6.530e-01     1.954e-01     4.639e-01     4.762e-01 
    6.541e-01     1.948e-01     4.641e-01     4.767e-01 
    6.551e-01     1.943e-01     4.643e-01     4.770e-01 
    6.562e-01     1.938e-01     4.645e-01     4.774e-01 
    6.573e-01     1.933e-01     4.647e-01     4.778e-01 
    6.583e-01     1.929e-01     4.649e-01     4.781e-01 
    6.594e-01     1.924e-01     4.651e-01     4.786e-01 
    6.604e-01     1.918e-01     4.653e-01     4.790e-01 
    6.615e-01     1.913e-01     4.655e-01     4.794e-01 
    6.626e-01     1.908e-01     4.657e-01     4.796e-01 
    6.636e-01     1.905e-01     4.659e-01     4.800e-01 
    6.647e-01     1.901e-01     4.661e-01     4.804e-01 
    6.658e-01     1.896e-01     4.663e-01     4.808e-01 
    6.668e-01     1.891e-01     4.665e-01     4.812e-01 
    6.679e-01     1.886e-01     4.667e-01     4.814e-01 
    6.690e-01     1.883e-01     4.669e-01     4.819e-01 
    6.701e-01     1.878e-01     4.672e-01     4.823e-01 
    6.712e-01     1.872e-01     4.674e-01     4.827e-01 
    6.723e-01     1.867e-01     4.676e-01     4.830e-01 
    6.733e-01     1.864e-01     4.678e-01     4.837e-01 
    6.744e-01     1.856e-01     4.680e-01     4.843e-01 
    6.755e-01     1.848e-01     4.682e-01     4.845e-01 
    6.766e-01     1.846e-01     4.684e-01     4.848e-01 
    6.777e-01     1.842e-01     4.686e-01     4.851e-01 
    6.788e-01     1.838e-01     4.688e-01     4.854e-01 
    6.799e-01     1.834e-01     4.690e-01     4.858e-01 
    6.810e-01     1.830e-01     4.692e-01     4.862e-01 
    6.821e-01     1.825e-01     4.694e-01     4.866e-01 
    6.832e-01     1.821e-01     4.696e-01     4.869e-01 
    6.843e-01     1.816e-01     4.698e-01     4.873e-01 
    6.854e-01     1.812e-01     4.700e-01     4.878e-01 
    6.866e-01     1.807e-01     4.702e-01     4.881e-01 
    6.877e-01     1.802e-01     4.704e-01     4.885e-01 
    6.888e-01     1.798e-01     4.706e-01     4.890e-01 
    6.899e-01     1.793e-01     4.708e-01     4.893e-01 
    6.910e-01     1.789e-01     4.710e-01     4.900e-01 
    6.921e-01     1.780e-01     4.712e-01     4.906e-01 
    6.933e-01     1.774e-01     4.714e-01     4.908e-01 
    6.944e-01     1.771e-01     4.716e-01     4.916e-01 
    6.955e-01     1.762e-01     4.718e-01     4.922e-01 
    6.967e-01     1.755e-01     4.720e-01     4.923e-01 
    6.978e-01     1.754e-01     4.722e-01     4.926e-01 
    6.989e-01     1.750e-01     4.724e-01     4.930e-01 
    7.001e-01     1.745e-01     4.726e-01     4.933e-01 
    7.012e-01     1.742e-01     4.728e-01     4.935e-01 
    7.023e-01     1.740e-01     4.730e-01     4.941e-01 
    7.035e-01     1.733e-01     4.732e-01     4.945e-01 
    7.046e-01     1.728e-01     4.734e-01     4.947e-01 
    7.058e-01     1.725e-01     4.736e-01     4.950e-01 
    7.069e-01     1.723e-01     4.738e-01     4.953e-01 
    7.081e-01     1.719e-01     4.740e-01     4.956e-01 
    7.093e-01     1.715e-01     4.742e-01     4.959e-01 
    7.104e-01     1.712e-01     4.744e-01     4.962e-01 
    7.116e-01     1.709e-01     4.746e-01     4.965e-01 
    7.127e-01     1.705e-01     4.748e-01     4.969e-01 
    7.139e-01     1.701e-01     4.750e-01     4.977e-01 
    7.151e-01     1.692e-01     4.752e-01     4.983e-01 
    7.162e-01     1.685e-01     4.753e-01     4.986e-01 
    7.174e-01     1.682e-01     4.755e-01     4.992e-01 
    7.186e-01     1.675e-01     4.757e-01     4.997e-01 
    7.198e-01     1.670e-01     4.759e-01     4.998e-01 
    7.209e-01     1.669e-01     4.761e-01     4.999e-01 
    7.221e-01     1.668e-01     4.763e-01     5.001e-01 
    7.233e-01     1.666e-01     4.765e-01     5.003e-01 
    7.245e-01     1.663e-01     4.767e-01     5.007e-01 
    7.257e-01     1.659e-01     4.769e-01     5.014e-01 
    7.269e-01     1.651e-01     4.771e-01     5.019e-01 
    7.280e-01     1.646e-01     4.773e-01     5.023e-01 
    7.292e-01     1.641e-01     4.775e-01     5.027e-01 
    7.304e-01     1.637e-01     4.777e-01     5.031e-01 
    7.316e-01     1.633e-01     4.779e-01     5.035e-01 
    7.328e-01     1.628e-01     4.781e-01     5.037e-01 
    7.341e-01     1.626e-01     4.783e-01     5.040e-01 
    7.353e-01     1.623e-01     4.785e-01     5.044e-01 
    7.365e-01     1.618e-01     4.787e-01     5.048e-01 
    7.377e-01     1.614e-01     4.789e-01     5.053e-01 
    7.389e-01     1.608e-01     4.791e-01     5.058e-01 
    7.401e-01     1.603e-01     4.793e-01     5.061e-01 
    7.413e-01     1.600e-01     4.795e-01     5.064e-01 
    7.425e-01     1.597e-01     4.797e-01     5.067e-01 
    7.438e-01     1.594e-01     4.799e-01     5.070e-01 
    7.450e-01     1.590e-01     4.801e-01     5.073e-01 
    7.462e-01     1.587e-01     4.802e-01     5.075e-01 
    7.474e-01     1.584e-01     4.804e-01     5.079e-01 
    7.487e-01     1.580e-01     4.806e-01     5.083e-01 
    7.499e-01     1.576e-01     4.808e-01     5.087e-01 
    7.511e-01     1.572e-01     4.810e-01     5.093e-01 
    7.524e-01     1.566e-01     4.812e-01     5.098e-01 
    7.536e-01     1.560e-01     4.814e-01     5.101e-01 
    7.549e-01     1.557e-01     4.816e-01     5.103e-01 
    7.561e-01     1.554e-01     4.818e-01     5.106e-01 
    7.574e-01     1.552e-01     4.820e-01     5.108e-01 
    7.586e-01     1.549e-01     4.822e-01     5.111e-01 
    7.599e-01     1.547e-01     4.824e-01     5.117e-01 
    7.611e-01     1.541e-01     4.826e-01     5.124e-01 
    7.624e-01     1.533e-01     4.828e-01     5.130e-01 
    7.636e-01     1.527e-01     4.830e-01     5.135e-01 
    7.649e-01     1.521e-01     4.831e-01     5.137e-01 
    7.662e-01     1.520e-01     4.833e-01     5.139e-01 
    7.674e-01     1.518e-01     4.835e-01     5.142e-01 
    7.687e-01     1.515e-01     4.837e-01     5.144e-01 
    7.700e-01     1.512e-01     4.839e-01     5.146e-01 
    7.712e-01     1.511e-01     4.841e-01     5.149e-01 
    7.725e-01     1.507e-01     4.843e-01     5.154e-01 
    7.738e-01     1.503e-01     4.845e-01     5.157e-01 
    7.751e-01     1.500e-01     4.847e-01     5.163e-01 
    7.764e-01     1.493e-01     4.849e-01     5.168e-01 
    7.776e-01     1.488e-01     4.851e-01     5.171e-01 
    7.789e-01     1.485e-01     4.853e-01     5.174e-01 
    7.802e-01     1.482e-01     4.855e-01     5.177e-01 
    7.815e-01     1.478e-01     4.856e-01     5.180e-01 
    7.828e-01     1.475e-01     4.858e-01     5.183e-01 
    7.841e-01     1.473e-01     4.860e-01     5.185e-01 
    7.854e-01     1.471e-01     4.862e-01     5.189e-01 
    7.867e-01     1.467e-01     4.864e-01     5.192e-01 
    7.880e-01     1.464e-01     4.866e-01     5.195e-01 
    7.893e-01     1.461e-01     4.868e-01     5.200e-01 
    7.907e-01     1.456e-01     4.870e-01     5.204e-01 
    7.920e-01     1.451e-01     4.872e-01     5.209e-01 
    7.933e-01     1.447e-01     4.874e-01     5.214e-01 
    7.946e-01     1.442e-01     4.876e-01     5.217e-01 
    7.959e-01     1.439e-01     4.877e-01     5.219e-01 
    7.973e-01     1.437e-01     4.879e-01     5.222e-01 
    7.986e-01     1.434e-01     4.881e-01     5.226e-01 
    7.999e-01     1.430e-01     4.883e-01     5.228e-01 
    8.012e-01     1.428e-01     4.885e-01     5.232e-01 
    8.026e-01     1.424e-01     4.887e-01     5.236e-01 
    8.039e-01     1.420e-01     4.889e-01     5.240e-01 
    8.053e-01     1.416e-01     4.891e-01     5.245e-01 
    8.066e-01     1.412e-01     4.893e-01     5.249e-01 
    8.079e-01     1.408e-01     4.895e-01     5.252e-01 
    8.093e-01     1.405e-01     4.896e-01     5.255e-01 
    8.106e-01     1.402e-01     4.898e-01     5.258e-01 
    8.120e-01     1.399e-01     4.900e-01     5.262e-01 
    8.133e-01     1.395e-01     4.902e-01     5.266e-01 
    8.147e-01     1.391e-01     4.904e-01     5.271e-01 
    8.161e-01     1.386e-01     4.906e-01     5.276e-01 
    8.174e-01     1.381e-01     4.908e-01     5.279e-01 
    8.188e-01     1.379e-01     4.910e-01     5.282e-01 
    8.201e-01     1.376e-01     4.912e-01     5.285e-01 
    8.215e-01     1.373e-01     4.913e-01     5.290e-01 
    8.229e-01     1.369e-01     4.915e-01     5.292e-01 
    8.243e-01     1.366e-01     4.917e-01     5.295e-01 
    8.256e-01     1.363e-01     4.919e-01     5.299e-01 
    8.270e-01     1.360e-01     4.921e-01     5.303e-01 
    8.284e-01     1.356e-01     4.923e-01     5.306e-01 
    8.298e-01     1.353e-01     4.925e-01     5.308e-01 
    8.312e-01     1.351e-01     4.927e-01     5.310e-01 
    8.326e-01     1.349e-01     4.928e-01     5.313e-01 
    8.340e-01     1.346e-01     4.930e-01     5.316e-01 
    8.354e-01     1.343e-01     4.932e-01     5.320e-01 
    8.368e-01     1.340e-01     4.934e-01     5.323e-01 
    8.382e-01     1.337e-01     4.936e-01     5.327e-01 
    8.396e-01     1.333e-01     4.938e-01     5.331e-01 
    8.410e-01     1.330e-01     4.940e-01     5.335e-01 
    8.424e-01     1.326e-01     4.942e-01     5.339e-01 
    8.438e-01     1.323e-01     4.943e-01     5.342e-01 
    8.452e-01     1.320e-01     4.945e-01     5.345e-01 
    8.466e-01     1.317e-01     4.947e-01     5.348e-01 
    8.480e-01     1.314e-01     4.949e-01     5.351e-01 
    8.495e-01     1.312e-01     4.951e-01     5.354e-01 
    8.509e-01     1.309e-01     4.953e-01     5.357e-01 
    8.523e-01     1.306e-01     4.955e-01     5.362e-01 
    8.537e-01     1.302e-01     4.956e-01     5.366e-01 
    8.552e-01     1.298e-01     4.958e-01     5.370e-01 
    8.566e-01     1.295e-01     4.960e-01     5.373e-01 
    8.580e-01     1.291e-01     4.962e-01     5.377e-01 
    8.595e-01     1.288e-01     4.964e-01     5.380e-01 
    8.609e-01     1.285e-01     4.966e-01     5.383e-01 
    8.624e-01     1.283e-01     4.968e-01     5.384e-01 
    8.638e-01     1.281e-01     4.969e-01     5.387e-01 
    8.653e-01     1.279e-01     4.971e-01     5.391e-01 
    8.667e-01     1.275e-01     4.973e-01     5.395e-01 
    8.682e-01     1.271e-01     4.975e-01     5.399e-01 
    8.696e-01     1.268e-01     4.977e-01     5.403e-01 
    8.711e-01     1.264e-01     4.979e-01     5.407e-01 
    8.725e-01     1.261e-01     4.981e-01     5.411e-01 
    8.740e-01     1.258e-01     4.982e-01     5.413e-01 
    8.755e-01     1.255e-01     4.984e-01     5.416e-01 
    8.770e-01     1.253e-01     4.986e-01     5.419e-01 
    8.784e-01     1.250e-01     4.988e-01     5.421e-01 
    8.799e-01     1.248e-01     4.990e-01     5.425e-01 
    8.814e-01     1.245e-01     4.992e-01     5.429e-01 
    8.829e-01     1.242e-01     4.993e-01     5.432e-01 
    8.844e-01     1.239e-01     4.995e-01     5.436e-01 
    8.858e-01     1.235e-01     4.997e-01     5.440e-01 
    8.873e-01     1.232e-01     4.999e-01     5.443e-01 
    8.888e-01     1.229e-01     5.001e-01     5.446e-01 
    8.903e-01     1.227e-01     5.003e-01     5.449e-01 
    8.918e-01     1.224e-01     5.004e-01     5.452e-01 
    8.933e-01     1.222e-01     5.006e-01     5.455e-01 
    8.948e-01     1.219e-01     5.008e-01     5.458e-01 
    8.963e-01     1.216e-01     5.010e-01     5.461e-01 
    8.978e-01     1.213e-01     5.012e-01     5.465e-01 
    8.994e-01     1.211e-01     5.014e-01     5.469e-01 
    9.009e-01     1.207e-01     5.015e-01     5.472e-01 
    9.024e-01     1.204e-01     5.017e-01     5.476e-01 
    9.039e-01     1.201e-01     5.019e-01     5.479e-01 
    9.054e-01     1.199e-01     5.021e-01     5.482e-01 
    9.069e-01     1.196e-01     5.023e-01     5.485e-01 
    9.085e-01     1.193e-01     5.025e-01     5.488e-01 
    9.100e-01     1.190e-01     5.026e-01     5.492e-01 
    9.115e-01     1.187e-01     5.028e-01     5.495e-01 
    9.131e-01     1.184e-01     5.030e-01     5.498e-01 
    9.146e-01     1.182e-01     5.032e-01     5.502e-01 
    9.162e-01     1.179e-01     5.034e-01     5.506e-01 
    9.177e-01     1.176e-01     5.035e-01     5.509e-01 
    9.193e-01     1.173e-01     5.037e-01     5.511e-01 
    9.208e-01     1.171e-01     5.039e-01     5.514e-01 
    9.224e-01     1.169e-01     5.041e-01     5.517e-01 
    9.239e-01     1.167e-01     5.043e-01     5.520e-01 
    9.255e-01     1.164e-01     5.045e-01     5.524e-01 
    9.270e-01     1.161e-01     5.046e-01     5.528e-01 
    9.286e-01     1.158e-01     5.048e-01     5.531e-01 
    9.302e-01     1.155e-01     5.050e-01     5.534e-01 
    9.317e-01     1.152e-01     5.052e-01     5.536e-01 
    9.333e-01     1.150e-01     5.054e-01     5.539e-01 
    9.349e-01     1.148e-01     5.055e-01     5.542e-01 
    9.365e-01     1.146e-01     5.057e-01     5.545e-01 
    9.380e-01     1.143e-01     5.059e-01     5.548e-01 
    9.396e-01     1.140e-01     5.061e-01     5.552e-01 
    9.412e-01     1.138e-01     5.063e-01     5.556e-01 
    9.428e-01     1.135e-01     5.064e-01     5.559e-01 
    9.444e-01     1.132e-01     5.066e-01     5.563e-01 
    9.460e-01     1.129e-01     5.068e-01     5.566e-01 
    9.476e-01     1.126e-01     5.070e-01     5.568e-01 
    9.492e-01     1.124e-01     5.072e-01     5.571e-01 
    9.508e-01     1.122e-01     5.073e-01     5.574e-01 
    9.524e-01     1.120e-01     5.075e-01     5.577e-01 
    9.540e-01     1.117e-01     5.077e-01     5.580e-01 
    9.556e-01     1.115e-01     5.079e-01     5.583e-01 
    9.572e-01     1.112e-01     5.081e-01     5.587e-01 
    9.589e-01     1.110e-01     5.082e-01     5.590e-01 
    9.605e-01     1.107e-01     5.084e-01     5.593e-01 
    9.621e-01     1.104e-01     5.086e-01     5.597e-01 
    9.637e-01     1.102e-01     5.088e-01     5.599e-01 
    9.654e-01     1.100e-01     5.090e-01     5.602e-01 
    9.670e-01     1.098e-01     5.091e-01     5.605e-01 
    9.686e-01     1.095e-01     5.093e-01     5.608e-01 
    9.703e-01     1.093e-01     5.095e-01     5.611e-01 
    9.719e-01     1.090e-01     5.097e-01     5.614e-01 
    9.735e-01     1.088e-01     5.099e-01     5.617e-01 
    9.752e-01     1.085e-01     5.100e-01     5.621e-01 
    9.768e-01     1.083e-01     5.102e-01     5.624e-01 
    9.785e-01     1.080e-01     5.104e-01     5.627e-01 
    9.801e-01     1.078e-01     5.106e-01     5.630e-01 
    9.818e-01     1.075e-01     5.107e-01     5.633e-01 
    9.835e-01     1.073e-01     5.109e-01     5.638e-01 
    9.851e-01     1.069e-01     5.111e-01     5.641e-01 
    9.868e-01     1.067e-01     5.113e-01     5.644e-01 
    9.885e-01     1.064e-01     5.115e-01     5.647e-01 
    9.901e-01     1.062e-01     5.116e-01     5.649e-01 
    9.918e-01     1.061e-01     5.118e-01     5.651e-01 
    9.935e-01     1.059e-01     5.120e-01     5.654e-01 
    9.952e-01     1.057e-01     5.122e-01     5.657e-01 
    9.968e-01     1.055e-01     5.123e-01     5.659e-01 
    9.985e-01     1.052e-01     5.125e-01     5.663e-01 
    1.000e+00     1.050e-01     5.127e-01     5.666e-01 
