0
0
6.1077e-05
0.00010574
0.00014622
0.00018553
0.00022563
0.00026812
0.00031437
0.00036566
0.00042321
0.00048825
0.00055901
0.00063063
0.00070527
0.00078387
0.00086598
0.00095364
0.0010487
0.0011409
0.0012321
0.0013261
0.0014251
0.0015311
0.0016426
0.0017491
0.0018541
0.0019602
0.0020692
0.0021826
0.0023015
0.0024269
0.002552
0.0026742
0.0027971
0.0029232
0.0030543
0.0031917
0.0033364
0.0034835
0.0036282
0.0037729
0.0039195
0.0040694
0.0042211
0.0043722
0.0045251
0.0046817
0.0048434
0.0050115
0.0051869
0.0053663
0.0055375
0.0057049
0.0058716
0.0060396
0.0062105
0.0063854
0.0065653
0.0067462
0.0069265
0.0071082
0.0072933
0.0074828
0.007678
0.0078796
0.0080882
0.0083022
0.0085171
0.0087297
0.0089426
0.0091581
0.009378
0.0096037
0.0098361
0.010075
0.010318
0.010568
0.010818
0.011063
0.0113
0.011536
0.011772
0.012011
0.012254
0.012503
0.012759
0.013022
0.013293
0.013572
0.013853
0.014136
0.014423
0.014715
0.015015
0.015324
0.015641
0.015969
0.016307
0.016646
0.016985
0.017326
0.017652
0.017971
0.018288
0.018606
0.018929
0.019257
0.019592
0.019935
0.020288
0.020643
0.020998
0.021358
0.021725
0.022099
0.022478
0.022854
0.023233
0.023617
0.024003
0.024392
0.024788
0.025189
0.025597
0.026014
0.02643
0.026848
0.027272
0.027702
0.028143
0.028594
0.029058
0.029532
0.029996
0.030437
0.030866
0.03129
0.031715
0.032143
0.032578
0.033021
0.033474
0.033937
0.034413
0.034889
0.035365
0.035844
0.03632
0.036782
0.037237
0.037689
0.038142
0.0386
0.039062
0.039532
0.04001
0.040497
0.040993
0.041484
0.041975
0.042469
0.042967
0.043469
0.043971
0.044476
0.044988
0.045505
0.046021
0.046539
0.047061
0.047591
0.048129
0.048676
0.049214
0.049746
0.050275
0.050807
0.051343
0.051886
0.052433
0.052977
0.053523
0.054072
0.054628
0.055191
0.055762
0.056341
0.056929
0.057527
0.058136
0.058754
0.059382
0.060014
0.060652
0.061298
0.061954
0.062607
0.063263
0.063924
0.064593
0.06527
0.065958
0.066641
0.067324
0.068013
0.06871
0.069418
0.070128
0.070839
0.071532
0.072217
0.072899
0.073583
0.074272
0.074969
0.075677
0.076395
0.077127
0.077871
0.078629
0.079401
0.080188
0.080989
0.081806
0.082637
0.083483
0.084345
0.085221
0.086113
0.08702
0.087922
0.088807
0.089687
0.090566
0.091452
0.092346
0.093251
0.094171
0.095105
0.096055
0.097021
0.097997
0.098982
0.09998
0.10099
0.10203
0.10308
0.10415
0.10525
0.10636
0.1075
0.10867
0.10985
0.11104
0.11226
0.11349
0.11473
0.11599
0.11726
0.11856
0.11986
0.12114
0.12241
0.12369
0.12498
0.12629
0.12761
0.12896
0.13033
0.13173
0.13316
0.13461
0.13606
0.1375
0.13894
0.14039
0.14185
0.14333
0.14482
0.14635
0.1479
0.14948
0.15107
0.15266
0.15415
0.15558
0.15697
0.15834
0.15971
0.16107
0.16244
0.16381
0.16519
0.16656
0.16789
0.16921
0.17052
0.17184
0.17316
0.17448
0.17582
0.17717
0.17853
0.17991
0.1813
0.1827
0.18413
0.18556
0.18702
0.18849
0.18998
0.19148
0.193
0.19454
0.1961
0.19767
0.19927
0.20088
0.20251
0.20417
0.20584
0.20754
0.20924
0.21096
0.21269
0.21443
0.21616
0.2179
0.21962
0.22135
0.22308
0.22482
0.22658
0.22833
0.23008
0.23182
0.23355
0.23528
0.23703
0.23878
0.24056
0.24235
0.24414
0.24593
0.24771
0.24944
0.25112
0.25279
0.25439
0.25595
0.25748
0.259
0.26052
0.26203
0.26355
0.26507
0.26661
0.26816
0.26972
0.27129
0.27286
0.27442
0.27596
0.27751
0.27906
0.28058
0.28209
0.28359
0.28509
0.28659
0.28811
0.28963
0.29118
0.29273
0.2943
0.29587
0.29739
0.2989
0.30039
0.30188
0.30336
0.30485
0.30634
0.30779
0.30922
0.31064
0.31205
0.31347
0.31484
0.31613
0.31738
0.3186
0.31981
0.321
0.32219
0.32337
0.32457
0.32576
0.32691
0.32803
0.32914
0.33024
0.33133
0.33241
0.3335
0.3346
0.3357
0.33681
0.3379
0.33899
0.34006
0.34113
0.34221
0.34325
0.34427
0.34527
0.34625
0.34723
0.3482
0.34917
0.35013
0.3511
0.35205
0.35299
0.35392
0.35484
0.35576
0.35668
0.35755
0.3584
0.35922
0.36003
0.36082
0.36161
0.3624
0.36318
0.36397
0.36475
0.36553
0.36629
0.36703
0.36772
0.36838
0.36902
0.36965
0.37026
0.37087
0.37147
0.37206
0.37265
0.37324
0.37383
0.37443
0.37502
0.37561
0.3762
0.3768
0.37738
0.37796
0.37852
0.37907
0.37962
0.38016
0.3807
0.38123
0.38176
0.38229
0.38282
0.38335
0.38387
0.3844
0.38492
0.38544
0.38594
0.38642
0.3869
0.38737
0.38783
0.3883
0.38876
0.38921
0.38966
0.39009
0.39051
0.39093
0.39134
0.39175
0.39216
0.39257
0.39298
0.39338
0.39379
0.39419
0.39459
0.39499
0.39538
0.39577
0.39616
0.39654
0.39691
0.39727
0.39762
0.39797
0.39832
0.39867
0.39901
0.39935
0.39969
0.40003
0.40037
0.40071
0.40104
0.40138
0.40171
0.40205
0.40238
0.40272
0.40305
0.40339
0.40372
0.40404
0.40436
0.40468
0.405
0.40531
0.40561
0.4059
0.40619
0.40648
0.40676
0.40702
0.40727
0.40752
0.40776
0.40799
0.40822
0.40845
0.40867
0.40889
0.40911
0.40933
0.40954
0.40976
0.40997
0.41019
0.4104
0.41061
0.41082
0.41103
0.41124
0.41146
0.41167
0.41188
0.41209
0.4123
0.41251
0.41272
0.41293
0.41314
0.41334
0.41353
0.41371
0.41389
0.41406
0.41423
0.4144
0.41456
0.41472
0.41488
0.41504
0.41519
0.41535
0.4155
0.41565
0.4158
0.41595
0.4161
0.41625
0.4164
0.41655
0.4167
0.41685
0.41699
0.41714
0.41729
0.41743
0.41758
0.41772
0.41787
0.41801
0.41816
0.4183
0.41845
0.41859
0.41874
0.41887
0.41901
0.41913
0.41926
0.41938
0.4195
0.41961
0.41972
0.41982
0.41992
0.42002
0.42012
0.42022
0.42031
0.42041
0.4205
0.42059
0.42068
0.42077
0.42085
0.42093
0.421
0.42107
0.42114
0.4212
0.42127
0.42133
0.42139
0.42145
0.42151
0.42157
0.42162
0.42168
0.42174
0.42179
0.42185
0.4219
0.42196
0.42201
0.42207
0.42212
0.42217
0.42223
0.42228
0.42233
0.42238
0.42244
0.42249
0.42254
0.42259
0.42264
0.42269
0.42274
0.42279
0.42284
0.42289
0.42294
0.42299
0.42304
0.42309
0.42314
0.42319
0.42323
0.42328
0.42333
0.42338
0.42343
0.42348
0.42352
0.42357
0.42362
0.42367
0.42371
0.42376
0.42381
0.42385
0.4239
0.42395
0.42399
0.42404
0.42408
0.42413
0.42418
0.42422
0.42427
0.42431
0.42436
0.42441
0.42445
0.4245
0.42454
0.42459
0.42463
0.42468
0.42472
0.42477
0.42481
0.42485
0.4249
0.42494
0.42499
0.42503
0.42508
0.42512
0.42516
0.42521
0.42525
0.4253
0.42534
0.42538
0.42543
0.42547
0.42552
0.42556
0.4256
0.42565
0.42569
0.42573
0.42578
0.42582
0.42586
0.4259
0.42595
0.42599
0.42603
0.42608
0.42612
0.42616
0.4262
0.42625
0.42629
0.42633
0.42637
0.42642
0.42646
0.4265
0.42654
0.42659
0.42663
0.42667
0.42671
0.42676
0.4268
0.42684
0.42688
0.42692
0.42697
0.42701
0.42705
0.42709
0.42713
0.42718
0.42722
0.42726
0.4273
0.42734
0.42738
0.42743
0.42747
0.42751
0.42755
0.42759
0.42763
0.42767
0.42772
0.42776
0.4278
0.42784
0.42788
0.42792
0.42796
0.428
0.42805
0.42809
0.42813
0.42817
0.42821
0.42825
0.42829
0.42833
0.42837
0.42842
0.42846
0.4285
0.42854
0.42858
0.42862
0.42866
0.4287
0.42874
0.42878
0.42882
0.42886
0.4289
0.42895
0.42899
0.42903
0.42907
0.42911
0.42915
0.42919
0.42923
0.42927
0.42931
0.42935
0.42939
0.42943
0.42947
0.42951
0.42955
0.42959
0.42963
0.42967
0.42971
0.42975
0.42979
0.42983
0.42987
0.42991
0.42995
0.42999
0.43003
0.43007
0.43011
0.43015
0.43019
0.43023
0.43027
0.43031
0.43035
0.43039
0.43043
0.43047
0.43051
0.43055
0.43059
0.43063
0.43067
0.43071
0.43075
0.43079
0.43083
0.43087
0.43091
0.43095
0.43099
0.43103
0.43107
0.43111
0.43115
0.43119
0.43123
0.43127
0.43131
0.43135
0.43138
0.43142
0.43146
0.4315
0.43154
0.43158
0.43162
0.43166
0.4317
0.43174
0.43178
0.43182
0.43186
0.4319
0.43194
0.43198
0.43201
0.43205
0.43209
0.43213
0.43217
0.43221
0.43225
0.43229
0.43233
0.43237
0.43241
0.43245
0.43248
0.43252
0.43256
0.4326
0.43264
0.43268
0.43272
0.43276
0.4328
0.43284
0.43288
0.43291
0.43295
0.43299
0.43303
0.43307
0.43311
0.43315
0.43319
0.43323
0.43326
0.4333
0.43334
0.43338
0.43342
0.43346
0.4335
0.43354
0.43357
0.43361
0.43365
0.43369
0.43373
0.43377
0.43381
0.43385
0.43388
0.43392
0.43396
0.434
0.43404
0.43408
0.43412
0.43416
0.43419
0.43423
0.43427
0.43431
0.43435
0.43439
0.43443
0.43446
0.4345
0.43454
0.43458
0.43462
0.43466
0.43469
0.43473
0.43477
0.43481
0.43485
0.43489
0.43493
0.43496
0.435
0.43504
0.43508
0.43512
0.43516
0.43519
0.43523
0.43527
0.43531
0.43535
0.43539
0.43542
0.43546
0.4355
0.43554
0.43558
0.43562
0.43565
0.43569
0.43573
0.43577
0.43581
0.43585
0.43588
0.43592
0.43596
0.436
0.43604
0.43607
0.43611
0.43615
0.43619
0.43623
0.43627
0.4363
0.43634
0.43638
0.43642
0.43646
0.43649
0.43653
0.43657
0.43661
0.43665
0.43668
0.43672
0.43676
0.4368
0.43684
0.43687
0.43691
0.43695
0.43699
0.43703
0.43706
0.4371
0.43714
0.43718
0.43722
0.43725
0.43729
0.43733
0.43737
0.43741
0.43744
0.43748
0.43752
0.43756
0.43759
0.43763
0.43767
0.43771
0.43775
0.43778
0.43782
0.43786
0.4379
0.43793
0.43797
0.43801
0.43805
0.43809
0.43812
0.43816
0.4382
0.43824
0.43827
0.43831
0.43835
0.43839
0.43843
0.43846
0.4385
0.43854
0.43858
0.43861
0.43865
0.43869
0.43873
0.43876
0.4388
0.43884
0.43888
0.43891
0.43895
0.43899
0.43903
0.43907
0.4391
0.43914
0.43918
0.43922
0.43925
0.43929
0.43933
0.43937
0.4394
0.43944
0.43948
0.43952
0.43955
0.43959
0.43963
0.43967
0.4397
0.43974
0.43978
0.43982
0.43985
0.43989
0.43993
0.43997
0.44
0.44004
0.44008
0.44011
0.44015
0.44019
0.44023
0.44026
0.4403
0.44034
0.44038
0.44041
0.44045
0.44049
0.44053
0.44056
0.4406
0.44064
0.44068
0.44071
0.44075
0.44079
0.44082
0.44086
0.4409
0.44094
0.44097
0.44101
0.44105
0.44109
0.44112
0.44116
0.4412
0.44123
0.44127
0.44131
0.44135
0.44138
0.44142
0.44146
0.44149
0.44153
0.44157
0.44161
0.44164
0.44168
0.44172
0.44175
0.44179
0.44183
0.44187
0.4419
0.44194
0.44198
0.44201
0.44205
0.44209
0.44213
0.44216
0.4422
0.44224
0.44227
0.44231
0.44235
0.44239
0.44242
0.44246
0.4425
0.44253
0.44257
0.44261
0.44264
0.44268
0.44272
0.44276
0.44279
0.44283
0.44287
0.4429
0.44294
0.44298
0.44301
0.44305
0.44309
0.44313
0.44316
0.4432
0.44324
0.44327
0.44331
0.44335
0.44338
0.44342
0.44346
0.44349
0.44353
0.44357
0.44361
0.44364
0.44368
0.44372
0.44375
0.44379
0.44383
0.44386
0.4439
0.44394
0.44397
0.44401
0.44405
0.44408
0.44412
0.44416
0.44419
0.44423
0.44427
0.44431
0.44434
0.44438
0.44442
0.44445
0.44449
0.44453
0.44456
0.4446
0.44464
0.44467
0.44471
0.44475
0.44478
0.44482
0.44486
0.44489
0.44493
0.44497
0.445
0.44504
0.44508
0.44511
0.44515
0.44519
0.44522
0.44526
0.4453
0.44533
0.44537
0.44541
0.44544
0.44548
0.44552
0.44555
0.44559
0.44563
0.44566
0.4457
0.44574
0.44577
0.44581
0.44585
0.44588
0.44592
0.44596
0.44599
0.44603
0.44607
0.4461
0.44614
0.44618
0.44621
0.44625
0.44629
0.44632
0.44636
0.4464
0.44643
0.44647
0.44651
0.44654
0.44658
0.44662
0.44665
0.44669
0.44673
0.44676
0.4468
0.44684
0.44687
0.44691
0.44694
0.44698
0.44702
0.44705
0.44709
0.44713
0.44716
0.4472
0.44724
0.44727
0.44731
0.44735
0.44738
0.44742
0.44746
0.44749
0.44753
0.44756
0.4476
0.44764
0.44767
0.44771
0.44775
0.44778
0.44782
0.44786
0.44789
0.44793
0.44797
0.448
0.44804
0.44808
0.44811
0.44815
0.44818
0.44822
0.44826
0.44829
0.44833
0.44837
0.4484
0.44844
0.44848
0.44851
0.44855
0.44858
0.44862
0.44866
0.44869
0.44873
0.44877
0.4488
0.44884
0.44888
0.44891
0.44895
0.44898
0.44902
0.44906
0.44909
0.44913
0.44917
0.4492
0.44924
0.44928
0.44931
0.44935
0.44938
0.44942
0.44946
0.44949
0.44953
0.44957
0.4496
0.44964
0.44967
0.44971
0.44975
0.44978
0.44982
0.44986
0.44989
0.44993
0.44996
0.45
0.45004
0.45007
0.45011
0.45015
0.45018
0.45022
0.45025
0.45029
0.45033
0.45036
0.4504
0.45044
0.45047
0.45051
0.45054
0.45058
0.45062
0.45065
0.45069
0.45073
0.45076
0.4508
0.45083
0.45087
0.45091
0.45094
0.45098
0.45102
0.45105
0.45109
0.45112
0.45116
0.4512
0.45123
0.45127
0.45131
0.45134
0.45138
0.45141
0.45145
0.45149
0.45152
0.45156
0.45159
0.45163
0.45167
0.4517
0.45174
0.45178
0.45181
0.45185
0.45188
0.45192
0.45196
0.45199
0.45203
0.45206
0.4521
0.45214
0.45217
0.45221
0.45225
0.45228
0.45232
0.45235
0.45239
0.45243
0.45246
0.4525
0.45253
0.45257
0.45261
0.45264
0.45268
0.45271
0.45275
0.45279
0.45282
0.45286
0.45289
0.45293
0.45297
0.453
0.45304
0.45308
0.45311
0.45315
0.45318
0.45322
0.45326
0.45329
0.45333
0.45336
0.4534
0.45344
0.45347
0.45351
0.45354
0.45358
0.45362
0.45365
0.45369
0.45372
0.45376
0.4538
0.45383
0.45387
0.4539
0.45394
0.45398
0.45401
0.45405
0.45408
0.45412
0.45416
0.45419
0.45423
0.45427
0.4543
0.45434
0.45437
0.45441
0.45445
0.45448
0.45452
0.45455
0.45459
0.45463
0.45466
0.4547
0.45473
0.45477
0.45481
0.45484
0.45488
0.45491
0.45495
0.45499
0.45502
0.45506
0.45509
0.45513
0.45517
0.4552
0.45524
0.45527
0.45531
0.45535
0.45538
0.45542
0.45545
0.45549
0.45552
0.45556
0.4556
0.45563
0.45567
0.4557
0.45574
0.45578
0.45581
0.45585
0.45588
0.45592
0.45596
0.45599
0.45603
0.45606
0.4561
0.45614
0.45617
0.45621
0.45624
0.45628
0.45632
0.45635
0.45639
0.45642
0.45646
0.4565
0.45653
0.45657
0.4566
0.45664
0.45668
0.45671
0.45675
0.45678
0.45682
0.45685
0.45689
0.45693
0.45696
0.457
0.45703
0.45707
0.45711
0.45714
0.45718
0.45721
0.45725
0.45729
0.45732
0.45736
0.45739
0.45743
0.45747
0.4575
0.45754
0.45757
0.45761
0.45764
0.45768
0.45772
0.45775
0.45779
0.45782
0.45786
0.4579
0.45793
0.45797
0.458
0.45804
0.45808
0.45811
0.45815
0.45818
0.45822
0.45825
0.45829
0.45833
0.45836
0.4584
0.45843
0.45847
0.45851
0.45854
0.45858
0.45861
0.45865
0.45869
0.45872
0.45876
0.45879
0.45883
0.45886
0.4589
0.45894
0.45897
0.45901
0.45904
0.45908
0.45912
0.45915
0.45919
0.45922
0.45926
0.45929
0.45933
0.45937
0.4594
0.45944
0.45947
0.45951
0.45955
0.45958
0.45962
0.45965
0.45969
0.45972
0.45976
0.4598
0.45983
0.45987
0.4599
0.45994
0.45998
0.46001
0
4.5226e-05
8.6624e-05
0.00012645
0.00016365
0.00020077
0.00023922
0.00028027
0.00032529
0.00037347
0.00042646
0.0004859
0.00055102
0.00061861
0.00068907
0.0007652
0.00084614
0.00093064
0.0010183
0.0011089
0.0012026
0.0012993
0.0013992
0.0015022
0.0016085
0.0017182
0.0018299
0.0019435
0.0020638
0.0021887
0.0023181
0.0024521
0.0025866
0.0027188
0.0028578
0.0030111
0.0031727
0.0033413
0.0035175
0.0036916
0.0038577
0.0040227
0.0041939
0.0043731
0.0045667
0.0047742
0.0049885
0.0051953
0.0054024
0.0056181
0.0058241
0.0060241
0.0062313
0.0064372
0.0066423
0.0068551
0.0070716
0.0072847
0.0074999
0.0077231
0.0079458
0.0081701
0.0083801
0.0084313
0.0084981
0.0085718
0.008689
0.0088772
0.0091196
0.0093845
0.0096323
0.0098744
0.0099452
0.0099908
0.010035
0.010074
0.010106
0.010132
0.010151
0.010163
0.010171
0.010177
0.010185
0.010188
0.01019
0.010235
0.010363
0.010585
0.010853
0.011146
0.011452
0.011591
0.011712
0.011875
0.012047
0.012192
0.012288
0.012332
0.012339
0.012378
0.012391
0.012415
0.012431
0.012443
0.012465
0.012468
0.012468
0.012496
0.012584
0.012735
0.01293
0.013027
0.013091
0.013198
0.0133
0.013379
0.013423
0.013471
0.013532
0.013568
0.013573
0.013595
0.01365
0.013715
0.013781
0.013849
0.01393
0.01401
0.014095
0.014171
0.014227
0.014273
0.014315
0.014348
0.014376
0.014438
0.014512
0.014596
0.014671
0.014738
0.01479
0.014833
0.01487
0.014904
0.01494
0.01497
0.015001
0.015025
0.01506
0.015099
0.015139
0.015183
0.015232
0.01528
0.015331
0.015366
0.01539
0.015416
0.015439
0.015465
0.015486
0.015514
0.015547
0.015582
0.015621
0.015645
0.015666
0.015693
0.015722
0.015743
0.015771
0.015803
0.01583
0.015854
0.015879
0.015904
0.015925
0.015931
0.015937
0.015945
0.015966
0.015999
0.016019
0.016046
0.016079
0.01612
0.016143
0.016147
0.016148
0.016176
0.01621
0.016245
0.016274
0.016291
0.016311
0.016333
0.016348
0.01637
0.016393
0.01641
0.016432
0.016457
0.016489
0.016511
0.016533
0.016566
0.016587
0.016602
0.016626
0.016652
0.016684
0.016717
0.016744
0.016763
0.016789
0.016818
0.016856
0.016886
0.016914
0.016952
0.016989
0.01702
0.017049
0.01708
0.017105
0.017143
0.017174
0.017204
0.017236
0.017267
0.017322
0.01736
0.017395
0.01743
0.017476
0.01752
0.017557
0.017592
0.017617
0.017646
0.017672
0.017696
0.017724
0.017776
0.017825
0.017826
0.017866
0.017887
0.017914
0.017956
0.018015
0.018059
0.018097
0.018134
0.018168
0.0182
0.018243
0.01828
0.018314
0.018353
0.018384
0.018413
0.018453
0.018495
0.018552
0.0186
0.018648
0.018704
0
8.7836e-05
0.00016432
0.00024692
0.00034744
0.00047488
0.00060582
0.00074781
0.00090325
0.0010842
0.0012508
0.0014321
0.0016373
0.00183
0.0020251
0.0022351
0.0024668
0.0026906
0.0029173
0.0031627
0.0034347
0.0036979
0.0039635
0.0042425
0.0045187
0.0048073
0.0051178
0.0054465
0.0057515
0.0060542
0.0063672
0.0066975
0.007024
0.0073581
0.0077095
0.008084
0.0084701
0.008859
0.0092507
0.0096591
0.010089
0.010533
0.010984
0.01142
0.011848
0.012286
0.012745
0.013229
0.013742
0.014252
0.014777
0.015328
0.015912
0.016524
0.017125
0.01774
0.018336
0.018928
0.019535
0.020166
0.020784
0.021412
0.022066
0.022751
0.023418
0.024085
0.02477
0.025485
0.026196
0.026914
0.027659
0.028439
0.029235
0.030021
0.030759
0.031493
0.03225
0.033039
0.033837
0.03462
0.035415
0.036211
0.037002
0.037811
0.038648
0.039519
0.040425
0.041365
0.042342
0.043344
0.044348
0.045377
0.046433
0.047512
0.048587
0.049636
0.050679
0.051734
0.052775
0.053829
0.054916
0.056014
0.057133
0.058218
0.059306
0.060382
0.06148
0.062518
0.063489
0.064436
0.065381
0.066341
0.067324
0.068334
0.069373
0.070444
0.071547
0.072682
0.07385
0.07505
0.076284
0.077551
0.078852
0.080187
0.081513
0.082856
0.084235
0.085559
0.086844
0.088134
0.089455
0.090816
0.092222
0.093675
0.095176
0.096724
0.098321
0.099966
0.10166
0.10341
0.10521
0.10706
0.10896
0.11091
0.11292
0.11498
0.1171
0.11917
0.12106
0.1228
0.12451
0.12623
0.128
0.12974
0.13144
0.13315
0.13493
0.13676
0.13866
0.14059
0.14253
0.14451
0.14656
0.14868
0.15087
0.15311
0.15534
0.15755
0.1598
0.16198
0.16409
0.16622
0.16839
0.17044
0.1724
0.17434
0.17632
0.17834
0.18043
0.18257
0.18478
0.18706
0.18941
0.19183
0.19432
0.19688
0.19941
0.20198
0.20461
0.20723
0.20979
0.21236
0.21491
0.21751
0.22008
0.22249
0.22484
0.22721
0.22962
0.23209
0.23464
0.23726
0.23996
0.24273
0.24559
0.24852
0.25153
0.25457
0.25759
0.26065
0.26376
0.26658
0.26933
0.2721
0.27491
0.27771
0.28029
0.28278
0.28525
0.28773
0.29025
0.29282
0.29544
0.29806
0.30061
0.30298
0.30528
0.30756
0.30983
0.31205
0.3142
0.31633
0.31837
0.32023
0.322
0.32374
0.32548
0.32721
0.32884
0.33041
0.33197
0.33353
0.3351
0.33665
0.33816
0.33966
0.3411
0.34248
0.34383
0.34517
0.34651
0.34786
0.34918
0.35047
0.35175
0.35301
0.35421
0.35538
0.35654
0.3577
0.35886
0.36002
0.36115
0.36221
0.3632
0.36417
0.36511
0.36605
0.36699
0.36793
0.36887
0.36982
0.37076
0.37169
0.3726
0.37349
0.37437
0.37523
0.37609
0.37695
0.3778
0.37862
0.37941
0.38019
0.38097
0.38172
0.38244
0.38314
0.38385
0.38455
0.38525
0.38594
0.38663
0.38731
0.38798
0.38862
0.38924
0.38984
0.39045
0.39105
0.39164
0.39223
0.39282
0.3934
0.39399
0.39458
0.39516
0.39573
0.39629
0.39683
0.39735
0.39786
0.39834
0.39879
0.39921
0.39962
0.40001
0.40041
0.40079
0.40117
0.40155
0.40193
0.40231
0.40269
0.40307
0.40344
0.40382
0.40419
0.40457
0.40492
0.40524
0.40554
0.40584
0.40613
0.40641
0.40668
0.40696
0.40723
0.4075
0.40777
0.40803
0.4083
0.40856
0.40882
0.40909
0.40935
0.40961
0.40987
0.41013
0.41037
0.4106
0.41082
0.41102
0.41121
0.41139
0.41157
0.41173
0.4119
0.41206
0.41223
0.41236
0.41249
0.41261
0.41272
0.41283
0.41293
0.41304
0.41314
0.41324
0.41334
0.41343
0.41353
0.41363
0.41372
0.41381
0.41391
0.414
0.41409
0.41418
0.41427
0.41436
0.41445
0.41454
0.41463
0.41472
0.4148
0.41489
0.41498
0.41506
0.41515
0.41523
0.41532
0.4154
0.41548
0.41557
0.41565
0.41573
0.41582
0.4159
0.41598
0.41606
0.41614
0.41622
0.41631
0.41639
0.41647
0.41655
0.41663
0.41671
0.41679
0.41687
0.41694
0.41702
0.4171
0.41718
0.41726
0.41734
0.41741
0.41749
0.41757
0.41765
0.41773
0.4178
0.41788
0.41796
0.41803
0.41811
0.41819
0.41826
0.41834
0.41841
0.41849
0.41857
0.41864
0.41872
0.41879
0.41887
0.41894
0.41902
0.41909
0.41917
0.41924
0.41932
0.41939
0.41947
0.41954
0.41962
0.41969
0.41976
0.41984
0.41991
0.41999
0.42006
0.42013
0.42021
0.42028
0.42035
0.42043
0.4205
0.42057
0.42065
0.42072
0.42079
0.42086
0.42094
0.42101
0.42108
0.42115
0.42123
0.4213
0.42137
0.42144
0.42152
0.42159
0.42166
0.42173
0.4218
0.42187
0.42195
0.42202
0.42209
0.42216
0.42223
0.4223
0.42238
0.42245
0.42252
0.42259
0.42266
0.42273
0.4228
0.42287
0.42294
0.42302
0.42309
0.42316
0.42323
0.4233
0.42337
0.42344
0.42351
0.42358
0.42365
0.42372
0.42379
0.42386
0.42393
0.424
0.42407
0.42414
0.42421
0.42428
0.42435
0.42442
0.42449
0.42456
0.42463
0.4247
0.42477
0.42484
0.42491
0.42498
0.42505
0.42512
0.42519
0.42526
0.42533
0.4254
0.42547
0.42554
0.42561
0.42568
0.42575
0.42582
0.42589
0.42595
0.42602
0.42609
0.42616
0.42623
0.4263
0.42637
0.42644
0.42651
0.42658
0.42665
0.42671
0.42678
0.42685
0.42692
0.42699
0.42706
0.42713
0.4272
0.42726
0.42733
0.4274
0.42747
0.42754
0.42761
0.42768
0.42775
0.42781
0.42788
0.42795
0.42802
0.42809
0.42816
0.42822
0.42829
0.42836
0.42843
0.4285
0.42857
0.42863
0.4287
0.42877
0.42884
0.42891
0.42897
0.42904
0.42911
0.42918
0.42925
0.42931
0.42938
0.42945
0.42952
0.42959
0.42965
0.42972
0.42979
0.42986
0.42992
0.42999
0.43006
0.43013
0.4302
0.43026
0.43033
0.4304
0.43047
0.43053
0.4306
0.43067
0.43074
0.4308
0.43087
0.43094
0.43101
0.43107
0.43114
0.43121
0.43128
0.43134
0.43141
0.43148
0.43155
0.43161
0.43168
0.43175
0.43181
0.43188
0.43195
0.43202
0.43208
0.43215
0.43222
0.43228
0.43235
0.43242
0.43249
0.43255
0.43262
0.43269
0.43275
0.43282
0.43289
0.43295
0.43302
0.43309
0.43316
0.43322
0.43329
0.43336
0.43342
0.43349
0.43356
0.43362
0.43369
0.43376
0.43382
0.43389
0.43396
0.43402
0.43409
0.43416
0.43422
0.43429
0.43436
0.43442
0.43449
0.43456
0.43462
0.43469
0.43476
0.43482
0.43489
0.43496
0.43502
0.43509
0.43516
0.43522
0.43529
0.43535
0.43542
0.43549
0.43555
0.43562
0.43569
0.43575
0.43582
0.43589
0.43595
0.43602
0.43608
0.43615
0.43622
0.43628
0.43635
0.43642
0.43648
0.43655
0.43661
0.43668
0.43675
0.43681
0.43688
0.43695
0.43701
0.43708
0.43714
0.43721
0.43728
0.43734
0.43741
0.43747
0.43754
0.43761
0.43767
0.43774
0.4378
0.43787
0.43794
0.438
0.43807
0.43813
0.4382
0.43827
0.43833
0.4384
0.43846
0.43853
0.43859
0.43866
0.43873
0.43879
0.43886
0.43892
0.43899
0.43906
0.43912
0.43919
0.43925
0.43932
0.43938
0.43945
0.43952
0.43958
0.43965
0.43971
0.43978
0.43984
0.43991
0.43998
0.44004
0.44011
0.44017
0.44024
0.4403
0.44037
0.44043
0.4405
0.44057
0.44063
0.4407
0.44076
0.44083
0.44089
0.44096
0.44102
0.44109
0.44116
0.44122
0.44129
0.44135
0.44142
0.44148
0.44155
0.44161
0.44168
0.44174
0.44181
0.44188
0.44194
0.44201
0.44207
0.44214
0.4422
0.44227
0.44233
0.4424
0.44246
0.44253
0.44259
0.44266
0.44272
0.44279
0.44285
0.44292
0.44299
0.44305
0.44312
0.44318
0.44325
0.44331
0.44338
0.44344
0.44351
0.44357
0.44364
0.4437
0.44377
0.44383
0.4439
0.44396
0.44403
0.44409
0.44416
0.44422
0.44429
0.44435
0.44442
0.44448
0.44455
0.44461
0.44468
0.44474
0.44481
0.44487
0.44494
0.445
0.44507
0.44513
0.4452
0.44526
0.44533
0.44539
0.44546
0.44552
0.44559
0.44565
0.44572
0.44578
0.44585
0.44591
0.44598
0.44604
0.44611
0.44617
0.44624
0.4463
0.44637
0.44643
0.4465
0.44656
0.44663
0.44669
0.44676
0.44682
0.44689
0.44695
0.44702
0.44708
0.44715
0.44721
0.44728
0.44734
0.44741
0.44747
0.44754
0.4476
0.44767
0.44773
0.4478
0.44786
0.44793
0.44799
0.44806
0.44812
0.44818
0.44825
0.44831
0.44838
0.44844
0.44851
0.44857
0.44864
0.4487
0.44877
0.44883
0.4489
0.44896
0.44903
0.44909
0.44916
0.44922
0.44929
0.44935
0.44941
0.44948
0.44954
0.44961
0.44967
0.44974
0.4498
0.44987
0.44993
0.45
0.45006
0.45013
0.45019
0.45026
0.45032
0.45038
0.45045
0.45051
0.45058
0.45064
0.45071
0.45077
0.45084
0.4509
0.45097
0.45103
0.4511
0.45116
0.45122
0.45129
0.45135
0.45142
0.45148
0.45155
0.45161
0.45168
0.45174
0.45181
0.45187
0.45194
0.452
0.45206
0.45213
0.45219
0.45226
0.45232
0.45239
0.45245
0.45252
0.45258
0.45265
0.45271
0.45277
0.45284
0.4529
0.45297
0.45303
0.4531
0.45316
0.45323
0.45329
0.45335
0.45342
0.45348
0.45355
0.45361
0.45368
0.45374
0.45381
0.45387
0.45394
0.454
0.45406
0.45413
0.45419
0.45426
0.45432
0.45439
0.45445
0.45452
0.45458
0.45464
0.45471
0.45477
0.45484
0.4549
0.45497
0.45503
0.4551
0.45516
0.45522
0.45529
0.45535
0.45542
0.45548
0.45555
0.45561
0.45568
0.45574
0.4558
0.45587
0.45593
0.456
0.45606
0.45613
0.45619
0.45625
0.45632
0.45638
0.45645
0.45651
0.45658
0.45664
0.45671
0.45677
0.45683
0.4569
0.45696
0.45703
0.45709
0.45716
0.45722
0.45728
0.45735
0.45741
0.45748
0.45754
0.45761
0.45767
0.45774
0.4578
0.45786
0.45793
0.45799
0.45806
0.45812
0.45819
0.45825
0.45831
0.45838
0.45844
0.45851
0.45857
0.45864
0.4587
0.45877
0.45883
0.45889
0.45896
0.45902
0.45909
0.45915
0.45922
0.45928
0.45934
0.45941
0.45947
0.45954
0.4596
0.45967
0.45973
0.45979
0.45986
0.45992
0.45999
0.46005
0.46012
0.46018
0.46025
0.46031
0.46037
0.46044
0.4605
0.46057
0.46063
0.4607
0.46076
0.46082
0.46089
0.46095
0.46102
0.46108
0.46115
0.46121
0.46127
0.46134
0.4614
0.46147
0.46153
0.4616
0.46166
0.46172
0.46179
0.46185
0.46192
0.46198
0.46205
0.46211
0.46217
0.46224
0.4623
0.46237
0.46243
0.4625
0.46256
0.46262
0.46269
0.46275
0.46282
0.46288
0.46295
0.46301
0.46307
0.46314
0.4632
0.46327
0.46333
0.4634
0.46346
0.46353
0.46359
0.46365
0.46372
0.46378
0.46385
0.46391
0.46398
0.46404
0.4641
0.46417
0.46423
0.4643
0.46436
0.46443
0.46449
0.46455
0.46462
0.46468
0.46475
0.46481
0.46488
0.46494
0.465
0.46507
0.46513
0.4652
0.46526
0.46533
0.46539
0.46545
0.46552
0.46558
0.46565
0.46571
0.46578
0.46584
0.4659
0.46597
0.46603
0.4661
0.46616
0.46623
0.46629
0.46635
0.46642
0.46648
0.46655
0.46661
0.46668
0.46674
0.4668
0.46687
0.46693
0.467
0.46706
0.46713
0.46719
0.46726
0.46732
0.46738
0.46745
0.46751
0.46758
0.46764
0.46771
0.46777
0.46783
0.4679
0.46796
0.46803
0.46809
0.46816
0.46822
0.46828
0.46835
0.46841
0.46848
0.46854
0.46861
0.46867
0.46873
0.4688
0.46886
0.46893
0.46899
0.46906
0.46912
0.46918
0.46925
0.46931
0.46938
0.46944
0.46951
0.46957
0.46964
0.4697
0.46976
0.46983
0.46989
0.46996
0.47002
0.47009
0.47015
0.47021
0.47028
0.47034
0.47041
0.47047
0.47054
0.4706
0.47066
0.47073
0.47079
0.47086
0.47092
0.47099
0.47105
0.47112
0.47118
0.47124
0.47131
0.47137
0.47144
0.4715
0.47157
0.47163
0.47169
0.47176
0.47182
0.47189
0.47195
0.47202
0.47208
0.47215
0.47221
0.47227
0.47234
0.4724
0.47247
0.47253
0.4726
0.47266
0.47273
0.47279
0.47285
0.47292
0.47298
0.47305
0.47311
0.47318
0.47324
0.4733
0.47337
0.47343
0.4735
0.47356
0.47363
0.47369
0.47376
0.47382
0.47388
0.47395
0.47401
0.47408
0.47414
0.47421
0.47427
0.47434
0.4744
0.47446
0.47453
0.47459
0.47466
0.47472
0.47479
0.47485
0.47492
0.47498
0.47504
0.47511
0.47517
0.47524
0.4753
0.47537
0.47543
0.4755
0.47556
0.47562
0.47569
0.47575
0.47582
0.47588
0.47595
0.47601
0.47608
0.47614
0.4762
0.47627
0.47633
0.4764
0.47646
0.47653
0.47659
0.47666
0.47672
0.47678
0.47685
0.47691
0.47698
0.47704
0.47711
0.47717
0.47724
0.4773
0.47737
0.47743
0.47749
0.47756
0.47762
0.47769
0.47775
0.47782
0.47788
0.47795
0.47801
0.47808
0.47814
0.4782
0.47827
0.47833
0.4784
0.47846
0.47853
0.47859
0.47866
0.47872
0.47879
0.47885
0.47891
0.47898
0.47904
0.47911
0.47917
0.47924
0.4793
0.47937
0.47943
0.4795
0.47956
0.47962
0.47969
0.47975
0.47982
0.47988
0.47995
0.48001
0.48008
0.48014
0.48021
0.48027
0.48034
0.4804
0.48046
0.48053
0.48059
0.48066
0.48072
0.48079
0.48085
0.48092
0.48098
0.48105
0.48111
0.48118
0.48124
0.4813
0.48137
0.48143
0.4815
0.48156
0.48163
0.48169
0.48176
0.48182
0.48189
0.48195
0.48202
0.48208
0.48214
0.48221
0.48227
0.48234
0.4824
0.48247
0.48253
0.4826
0.48266
0.48273
0.48279
0.48286
0.48292
0.48299
0.48305
0.48312
0.48318
0.48324
0.48331
0.48337
0.48344
0.4835
0.48357
0.48363
0.4837
0.48376
0.48383
0.48389
0.48396
0.48402
0.48409
0.48415
0.48422
0.48428
0.48435
0.48441
0.48447
0.48454
0.4846
0.48467
0.48473
0.4848
0.48486
0.48493
0.48499
0.48506
0.48512
0.48519
0.48525
0.48532
0.48538
0.48545
0.48551
0.48558
0.48564
0.48571
0.48577
0.48584
0.4859
0.48596
0.48603
0.48609
0.48616
0.48622
0.48629
0.48635
0.48642
0.48648
0.48655
0.48661
0.48668
0.48674
0.48681
0.48687
0.48694
0.487
0.48707
0.48713
0.4872
0.48726
0.48733
0.48739
0.48746
0.48752
0.48759
0.48765
0.48772
0.48778
0.48785
0.48791
0.48798
0.48804
0.48811
0.48817
0.48824
0.4883
0.48837
0.48843
0.4885
0.48856
0.48863
0.48869
0.48876
0.48882
0.48889
0.48895
0.48902
0.48908
0.48915
0.48921
0.48928
0.48934
0.48941
0.48947
0.48953
0.4896
0.48966
0.48973
0.4898
0.48986
0.48993
0.48999
0.49006
0.49012
0.49019
0.49025
0.49032
0.49038
0.49045
0.49051
0.49058
0.49064
0.49071
0.49077
0.49084
0.4909
0.49097
0.49103
0.4911
0.49116
0.49123
0.49129
0.49136
0.49142
0.49149
0.49155
0.49162
0.49168
0.49175
0.49181
0.49188
0.49194
0.49201
0.49207
0.49214
0.4922
0.49227
0.49233
0.4924
0.49246
0.49253
0.49259
0.49266
0.49272
0.49279
0.49285
0.49292
0.49298
0.49305
0.49312
0.49318
0.49325
0.49331
0.49338
0.49344
0.49351
0.49357
0.49364
0.4937
0.49377
0.49383
0.4939
0.49396
0.49403
0.49409
0.49416
0.49422
0.49429
0.49435
0.49442
0.49449
0.49455
0.49462
0.49468
0.49475
0.49481
0.49488
0.49494
0.49501
0.49507
0.49514
0.4952
0.49527
0.49533
0.4954
0.49547
0.49553
0.4956
0.49566
0.49573
0.49579
0.49586
0.49592
0.49599
0.49605
0.49612
0.49618
0.49625
0.49631
0.49638
0.49645
0.49651
0.49658
0.49664
0.49671
0.49677
0.49684
0.4969
0.49697
0.49703
0.4971
0.49717
0.49723
0.4973
0.49736
0.49743
0.49749
0.49756
0.49762
0.49769
0.49775
0.49782
0.49789
0.49795
0.49802
0.49808
0.49815
0.49821
0.49828
0.49834
0.49841
0.49848
0.49854
0.49861
0.49867
0.49874
0.4988
0.49887
0.49893
0.499
0.49907
0.49913
0.4992
0.49926
0.49933
0.49939
0.49946
0.49953
0.49959
0.49966
0.49972
0.49979
0.49985
0.49992
0.49998
0.50005
0.50012
0.50018
0.50025
0.50031
0.50038
0.50044
0.50051
0.50058
0.50064
0.50071
0.50077
0.50084
0.5009
0.50097
0.50104
0.5011
0.50117
0.50123
0.5013
0.50136
0.50143
0.5015
0.50156
0.50163
0.50169
0.50176
0.50183
0.50189
0.50196
0.50202
0.50209
0.50215
0.50222
0.50229
0.50235
0.50242
0.50248
0.50255
0.50262
0.50268
0.50275
0.50281
0.50288
0.50294
0.50301
0.50308
0.50314
0.50321
0.50327
0.50334
0.50341
0.50347
0.50354
0.5036
0.50367
0.50374
0.5038
0.50387
0.50393
0.504
0.50407
0.50413
0.5042
0.50426
0.50433
0.5044
0.50446
0.50453
0.50459
0.50466
0.50473
0.50479
0.50486
0.50492
0.50499
0.50506
0.50512
0.50519
0.50525
0.50532
0.50539
0.50545
0.50552
0.50558
0.50565
0.50572
0.50578
0.50585
0.50592
0.50598
0.50605
0.50611
0.50618
0.50625
0.50631
0.50638
0.50645
0.50651
0.50658
0.50664
0.50671
0.50678
0.50684
0.50691
0.50697
0.50704
0.50711
0.50717
0.50724
0.50731
0.50737
0.50744
0.5075
0.50757
0.50764
0.5077
0.50777
0.50784
0.5079
0.50797
0.50804
0.5081
0.50817
0.50823
0.5083
0.50837
0.50843
0.5085
0.50857
0.50863
0.5087
0.50877
0.50883
0.5089
0.50896
0.50903
0.5091
0.50916
0.50923
0.5093
0.50936
0.50943
0.5095
0.50956
0.50963
0.5097
0.50976
0.50983
0.50989
0.50996
0.51003
0.51009
0.51016
0.51023
0.51029
0.51036
0.51043
0.51049
0.51056
0.51063
0.51069
0.51076
0.51083
0.51089
0.51096
0.51103
0.51109
0.51116
0.51123
0.51129
0.51136
0.51143
0.51149
0.51156
0.51163
0.51169
0.51176
0.51183
0.51189
0.51196
0.51203
0.51209
0.51216
0.51223
0.51229
0.51236
0.51243
0.51249
0.51256
0.51263
0.51269
0.51276
0.51283
0.51289
0.51296
0.51303
0.51309
0.51316
0.51323
0.51329
0.51336
0.51343
0.51349
0.51356
0.51363
0.5137
0.51376
0.51383
0.5139
0.51396
0.51403
0.5141
0.51416
0.51423
0.5143
0.51436
0.51443
0.5145
0.51456
0.51463
0.5147
0.51477
0.51483
0.5149
0.51497
0.51503
0.5151
0.51517
0.51523
0.5153
0.51537
0.51544
0.5155
0.51557
0.51564
0.5157
0.51577
0.51584
0.5159
0.51597
0.51604
0.51611
0.51617
0.51624
0.51631
0.51637
0.51644
0.51651
0.51658
0.51664
0.51671
0.51678
0.51684
0.51691
0.51698
0.51705
0.51711
0.51718
0.51725
0.51731
0.51738
0.51745
0.51752
0.51758
0.51765
0.51772
0.51779
0.51785
0.51792
0.51799
0.51805
0.51812
0.51819
0.51826
0.51832
0.51839
0.51846
0.51853
0.51859
0.51866
0.51873
0.51879
0.51886
0.51893
0.519
0.51906
0.51913
0.5192
0.51927
0.51933
0.5194
0.51947
0.51954
0.5196
0.51967
0.51974
0.51981
0.51987
0.51994
0.52001
0.52007
0.52014
0.52021
0.52028
0.52034
0.52041
0.52048
0.52055
0.52061
0.52068
0.52075
0.52082
0.52088
0.52095
0.52102
0.52109
0.52115
0.52122
0.52129
0.52136
0.52143
0.52149
0.52156
0.52163
0.5217
0.52176
0.52183
0.5219
0.52197
0.52203
0.5221
0.52217
0.52224
0.5223
0.52237
0.52244
0.52251
0.52257
0.52264
0.52271
0.52278
0.52285
0.52291
0.52298
0.52305
0.52312
0.52318
0.52325
0.52332
0.52339
0.52345
0.52352
0.52359
0.52366
0.52373
0.52379
0.52386
0.52393
0.524
0.52407
0.52413
0.5242
0.52427
0.52434
0.5244
0.52447
0.52454
0.52461
0.52468
0.52474
0.52481
0.52488
0.52495
0.52501
0.52508
0.52515
0.52522
0.52529
0.52535
0.52542
0.52549
0.52556
0.52563
0.52569
0.52576
0.52583
0.5259
0.52597
0.52603
0.5261
0.52617
0.52624
0.52631
0.52637
0.52644
0.52651
0.52658
0.52665
0.52671
0.52678
0.52685
0.52692
0.52699
0.52705
0.52712
0.52719
0.52726
0.52733
0.5274
0.52746
0.52753
0.5276
0.52767
0.52774
0.5278
0.52787
0.52794
0.52801
0.52808
0.52814
0.52821
0.52828
0.52835
0.52842
0.52849
0.52855
0.52862
0.52869
0.52876
0.52883
0.52889
0.52896
0.52903
0.5291
0.52917
0.52924
0.5293
0.52937
0.52944
0.52951
0.52958
0.52965
0.52971
0.52978
0.52985
0.52992
0.52999
0.53006
0.53012
0.53019
0.53026
0.53033
0.5304
0.53047
0.53053
0.5306
0.53067
0.53074
0.53081
0.53088
0.53094
0.53101
0.53108
0.53115
0.53122
0.53129
0.53136
0.53142
0.53149
0.53156
0.53163
0.5317
0.53177
0.53183
0.5319
0.53197
0.53204
0.53211
0.53218
0.53225
0.53231
0.53238
0.53245
0.53252
0.53259
0.53266
0.53273
0.53279
0.53286
0.53293
0.533
0.53307
0.53314
0.53321
0.53327
0.53334
0.53341
0.53348
0.53355
0.53362
0.53369
0.53375
0.53382
0.53389
0.53396
0.53403
0.5341
0.53417
0.53424
0.5343
0.53437
0.53444
0.53451
0.53458
0.53465
0.53472
0.53479
0.53485
0.53492
0.53499
0.53506
0.53513
0.5352
0.53527
0.53534
0.5354
0.53547
0.53554
0.53561
0.53568
0.53575
0.53582
0.53589
0.53596
0.53602
0.53609
0.53616
0.53623
0.5363
0.53637
0.53644
0.53651
0.53657
0.53664
0.53671
0.53678
0.53685
0.53692
0.53699
0.53706
0.53713
0.5372
0.53726
0.53733
0.5374
0.53747
0.53754
0.53761
0.53768
0.53775
0.53782
0.53789
0.53795
0.53802
0.53809
0.53816
0.53823
0.5383
0.53837
0.53844
0.53851
0.53858
0.53864
0.53871
0.53878
0.53885
0.53892
0.53899
0.53906
0.53913
0.5392
0.53927
0.53934
0.53941
0.53947
0.53954
0.53961
0.53968
0.53975
0.53982
0.53989
0.53996
0.54003
0.5401
0.54017
0.54024
0.5403
0.54037
0.54044
0.54051
0.54058
0.54065
0.54072
0.54079
0.54086
0.54093
0.541
0.54107
0.54114
0.54121
0.54127
0.54134
0.54141
0.54148
0.54155
0.54162
0.54169
0.54176
0.54183
0.5419
0.54197
0.54204
0.54211
0.54218
0.54225
0.54232
0.54238
0.54245
0.54252
0.54259
0.54266
0.54273
0.5428
0.54287
0.54294
0.54301
0.54308
0.54315
0.54322
0.54329
0.54336
0.54343
0.5435
0.54357
0.54364
0.54371
0.54377
0.54384
0.54391
0.54398
0.54405
0.54412
0.54419
0.54426
0.54433
0.5444
0.54447
0.54454
0.54461
0.54468
0.54475
0.54482
0.54489
0.54496
0.54503
0.5451
0.54517
0.54524
0.54531
0.54538
0.54545
0.54552
0.54559
0.54566
0.54572
0.54579
0.54586
0.54593
0.546
0.54607
0.54614
0.54621
0.54628
0.54635
0.54642
0.54649
0.54656
0.54663
0.5467
0.54677
0.54684
0.54691
0.54698
0.54705
0.54712
0.54719
0.54726
0.54733
0.5474
0.54747
0.54754
0.54761
0.54768
0.54775
0.54782
0.54789
0.54796
0.54803
0.5481
0.54817
0.54824
0.54831
0.54838
0.54845
0.54852
0.54859
0.54866
0.54873
0.5488
0.54887
0.54894
0.54901
0.54908
0.54915
0.54922
0.54929
0.54936
0.54943
0.5495
0.54957
0.54964
0.54971
0.54978
0.54985
0.54992
0.54999
0.55006
0.55013
0.5502
0.55027
0.55034
0.55041
0.55048
0.55055
0.55062
0.55069
0.55076
0.55083
0.5509
0.55097
0.55104
0.55111
0.55118
0.55125
0.55132
0.5514
0.55147
0.55154
0.55161
0.55168
0.55175
0.55182
0.55189
0.55196
0.55203
0.5521
0.55217
0.55224
0.55231
0.55238
0.55245
0.55252
0.55259
0.55266
0.55273
0.5528
0.55287
0.55294
0.55301
0.55308
0.55315
0.55322
0.5533
0.55337
0.55344
0.55351
0.55358
0.55365
0.55372
0.55379
0.55386
0.55393
0.554
0.55407
0.55414
0.55421
0.55428
0.55435
0.55442
0.55449
0.55456
0.55464
0.55471
0.55478
0.55485
0.55492
0.55499
0.55506
0.55513
0.5552
0.55527
0.55534
0.55541
0.55548
0.55555
0.55562
0.5557
0.55577
0.55584
0.55591
0.55598
0.55605
0.55612
0.55619
0.55626
0.55633
0.5564
0.55647
0.55654
0.55661
0.55669
0.55676
0.55683
0.5569
0.55697
0.55704
0.55711
0.55718
0.55725
0.55732
0.55739
0.55746
0.55754
0.55761
0.55768
0.55775
0.55782
0.55789
0.55796
0.55803
0.5581
0.55817
0.55825
0.55832
0.55839
0.55846
0.55853
0.5586
0.55867
0.55874
0.55881
0.55888
0.55896
0.55903
0.5591
0.55917
0.55924
0.55931
0.55938
0.55945
0.55952
0.55959
0.55967
0.55974
0.55981
0.55988
0.55995
0.56002
0.56009
0.56016
0.56024
0.56031
0.56038
0.56045
0.56052
0.56059
0.56066
0.56073
0.5608
0.56088
0.56095
0.56102
0.56109
0.56116
0.56123
0.5613
0.56137
0.56145
0.56152
0.56159
0.56166
0.56173
0.5618
0.56187
0.56195
0.56202
0.56209
0.56216
0.56223
0.5623
0.56237
0.56245
0.56252
0.56259
0.56266
0.56273
0.5628
0.56287
0.56295
0.56302
0.56309
0.56316
0.56323
0.5633
0.56337
0.56345
0.56352
0.56359
0.56366
0.56373
0.5638
0.56387
0.56395
0.56402
0.56409
0.56416
0.56423
0.5643
0.56438
0.56445
0.56452
0.56459
0.56466
0.56473
0.56481
0.56488
0.56495
0.56502
0.56509
0.56516
0.56524
0.56531
0.56538
0.56545
0.56552
0.56559
0.56567
0.56574
0.56581
0.56588
0.56595
0.56602
0.5661
0.56617
0.56624
0.56631
0.56638
0.56646
0.56653
0.5666
0.56667
0.56674
0.56681
0.56689
0.56696
0.56703
0.5671
0.56717
0.56725
0.56732
0.56739
0.56746
0.56753
0.56761
0.56768
0.56775
0.56782
0.56789
0.56797
0.56804
0.56811
0.56818
0.56825
0.56833
0.5684
0.56847
0.56854
0.56861
0.56869
0.56876
0.56883
0.5689
0.56897
0.56905
0.56912
0.56919
0.56926
0.56933
0.56941
0.56948
0.56955
0.56962
0.5697
0.56977
0.56984
0.56991
0.56998
0.57006
0.57013
0.5702
0.57027
0.57034
0.57042
0.57049
0.57056
0.57063
0.57071
0.57078
0.57085
0.57092
0.571
0.57107
0.57114
0.57121
0.57128
0.57136
0.57143
0.5715
0.57157
0.57165
0.57172
0.57179
0.57186
0.57194
0.57201
0.57208
0.57215
0.57223
0.5723
0.57237
0.57244
0.57252
0.57259
0.57266
0.57273
0.57281
0.57288
0.57295
0.57302
0.5731
0.57317
0.57324
0.57331
0.57339
0.57346
0.57353
0.5736
0.57368
0.57375
0.57382
0.57389
0.57397
0.57404
0.57411
0.57418
0.57426
0.57433
0.5744
0.57447
0.57455
0.57462
0.57469
0.57477
0.57484
0.57491
0.57498
0.57506
0.57513
0.5752
0.57527
0.57535
0.57542
0.57549
0.57557
0.57564
0.57571
0.57578
0.57586
0.57593
0.576
0.57608
0.57615
0.57622
0.57629
0.57637
0.57644
0.57651
0.57659
0.57666
0.57673
0.5768
0.57688
0.57695
0.57702
0.5771
0.57717
0.57724
0.57731
0.57739
0.57746
0.57753
0.57761
0.57768
0.57775
0.57783
0.5779
0.57797
0.57804
0.57812
0.57819
0.57826
0.57834
0.57841
0.57848
0.57856
0.57863
0.5787
0.57878
0.57885
0.57892
0.57899
0.57907
0.57914
0.57921
0.57929
0.57936
0.57943
0.57951
0.57958
0.57965
0.57973
0.5798
0.57987
0.57995
0.58002
0.58009
0.58017
0.58024
0.58031
0.58039
0.58046
0.58053
0.58061
0.58068
0.58075
0.58083
0.5809
0.58097
0.58105
0.58112
0.58119
0.58127
0.58134
0.58141
0.58149
0.58156
0.58163
0.58171
0.58178
0.58185
0.58193
0.582
0.58207
0.58215
0.58222
0.58229
0.58237
0.58244
0.58251
0.58259
0.58266
0.58274
0.58281
0.58288
0.58296
0.58303
0.5831
0.58318
0.58325
0.58332
0.5834
0.58347
0.58354
0.58362
0.58369
0.58377
0.58384
0.58391
0.58399
0.58406
0.58413
0.58421
0.58428
0.58435
0.58443
0.5845
0.58458
0.58465
0.58472
0.5848
0.58487
0.58494
0.58502
0.58509
0.58517
0.58524
0.58531
0.58539
0.58546
0.58553
0.58561
0.58568
0.58576
0.58583
0.5859
0.58598
0.58605
0.58613
0.5862
0.58627
0.58635
0.58642
0.5865
0.58657
0.58664
0.58672
0.58679
0.58686
0.58694
0.58701
0.58709
0.58716
0.58723
0.58731
0.58738
0.58746
0.58753
0.5876
0.58768
0.58775
0.58783
0.5879
0.58798
0.58805
0.58812
0.5882
0.58827
0.58835
0.58842
0.58849
0.58857
0.58864
0.58872
0.58879
0.58886
0.58894
0.58901
0.58909
0.58916
0.58924
0.58931
0.58938
0.58946
0.58953
0.58961
0.58968
0.58976
0.58983
0.5899
0.58998
0.59005
0.59013
0.5902
0.59028
0.59035
0.59042
0.5905
0.59057
0.59065
0.59072
0.5908
0.59087
0.59094
0.59102
0.59109
0.59117
0.59124
0.59132
0.59139
0.59147
0.59154
0.59161
0.59169
0.59176
0.59184
0.59191
0.59199
0.59206
0.59214
0.59221
0.59228
0.59236
0.59243
0.59251
0.59258
0.59266
0.59273
0.59281
0.59288
0.59296
0.59303
0.59311
0.59318
0.59325
0.59333
0.5934
0.59348
0.59355
0.59363
0.5937
0.59378
0.59385
0.59393
0.594
0.59408
0.59415
0.59423
0.5943
0.59437
0.59445
0.59452
0.5946
0.59467
0.59475
0.59482
0.5949
0.59497
0.59505
0.59512
0.5952
0.59527
0.59535
0.59542
0.5955
0.59557
0.59565
0.59572
0.5958
0.59587
0.59595
0.59602
0.5961
0.59617
0.59625
0.59632
0.5964
0.59647
0.59655
0.59662
0.5967
0.59677
0.59685
0.59692
0.597
0.59707
0.59715
0.59722
0.5973
0.59737
0.59745
0.59752
0.5976
0.59767
0.59775
0.59782
0.5979
0.59797
0.59805
0.59812
0.5982
0.59827
0.59835
0.59842
0.5985
0.59857
0.59865
0.59872
0.5988
0.59887
0.59895
0.59902
0.5991
0.59917
0.59925
0.59933
0.5994
0.59948
0.59955
0.59963
0.5997
0.59978
0.59985
0.59993
0.6
0.60008
0.60015
0.60023
0.6003
0.60038
0.60046
0.60053
0.60061
0.60068
0.60076
0.60083
0.60091
0.60098
0.60106
0.60113
0.60121
0.60129
0.60136
0.60144
0.60151
0.60159
0.60166
0.60174
0.60181
0.60189
0.60197
0.60204
0.60212
0.60219
0.60227
0.60234
0.60242
0.60249
0.60257
0.60265
0.60272
0.6028
0.60287
0.60295
0.60302
0.6031
0.60318
0.60325
0.60333
0.6034
0.60348
0.60355
0.60363
0.60371
0.60378
0.60386
0.60393
0.60401
0.60408
0.60416
0.60424
0.60431
0.60439
0.60446
0.60454
0.60461
0.60469
0.60477
0.60484
0.60492
0.60499
0.60507
0.60515
0.60522
0.6053
0.60537
0.60545
0.60553
0.6056
0.60568
0.60575
0.60583
0.60591
0.60598
0.60606
0.60613
0.60621
0.60629
0.60636
0.60644
0.60651
0.60659
0.60667
0.60674
0.60682
0.60689
0.60697
0.60705
0.60712
0.6072
0.60727
0.60735
0.60743
0.6075
0.60758
0.60766
0.60773
0.60781
0.60788
0.60796
0.60804
0.60811
0.60819
0.60827
0.60834
0.60842
0.60849
0.60857
0.60865
0.60872
0.6088
0.60888
0.60895
0.60903
0.6091
0.60918
0.60926
0.60933
0.60941
0.60949
0.60956
0.60964
0.60972
0.60979
0.60987
0.60994
0.61002
0.6101
0.61017
0.61025
0.61033
0.6104
0.61048
0.61056
0.61063
0.61071
0.61079
0.61086
0.61094
0.61102
0.61109
0.61117
0.61125
0.61132
0.6114
0.61148
0.61155
0.61163
0.61171
0.61178
0.61186
0.61194
0.61201
0.61209
0.61217
0.61224
0.61232
0.6124
0.61247
0.61255
0.61263
0.6127
0.61278
0.61286
0.61293
0.61301
0.61309
0.61316
0.61324
0.61332
0.61339
0.61347
0.61355
0.61362
0.6137
0.61378
0.61386
0.61393
0.61401
0.61409
0.61416
0.61424
0.61432
0.61439
0.61447
0.61455
0.61462
0.6147
0.61478
0.61486
0.61493
0.61501
0.61509
0.61516
0.61524
0.61532
0.61539
0.61547
0.61555
0.61563
0.6157
0.61578
0.61586
0.61593
0.61601
0.61609
0.61617
0.61624
0.61632
0.6164
0.61647
0.61655
0.61663
0.61671
0.61678
0.61686
0.61694
0.61702
0.61709
0.61717
0.61725
0.61732
0.6174
0.61748
0.61756
0.61763
0.61771
0.61779
0.61787
0.61794
0.61802
0.6181
0.61817
0.61825
0.61833
0.61841
0.61848
0.61856
0.61864
0.61872
0.61879
0.61887
0.61895
0.61903
0.6191
0.61918
0.61926
0.61934
0.61941
0.61949
0.61957
0.61965
0.61972
0.6198
0.61988
0.61996
0.62004
0.62011
0.62019
0.62027
0.62035
0.62042
0.6205
0.62058
0.62066
0.62073
0.62081
0.62089
0.62097
0.62104
0.62112
0.6212
0.62128
0.62136
0.62143
0.62151
0.62159
0.62167
0.62174
0.62182
0.6219
0.62198
0.62206
0.62213
0.62221
0.62229
0.62237
0.62245
0.62252
0.6226
0.62268
0.62276
0.62284
0.62291
0.62299
0.62307
0.62315
0.62322
0.6233
0.62338
0.62346
0.62354
0.62362
0.62369
0.62377
0.62385
0.62393
0.62401
0.62408
0.62416
0.62424
0.62432
0.6244
0.62447
0.62455
0.62463
0.62471
0.62479
0.62486
0.62494
0.62502
0.6251
0.62518
0.62526
0.62533
0.62541
0.62549
0.62557
0.62565
0.62573
0.6258
0.62588
0.62596
0.62604
0.62612
0.6262
0.62627
0.62635
0.62643
0.62651
0.62659
0.62667
0.62674
0.62682
0.6269
0.62698
0.62706
0.62714
0.62721
0.62729
0.62737
0.62745
0.62753
0.62761
0.62769
0.62776
0.62784
0.62792
0.628
0.62808
0.62816
0.62824
0.62831
0.62839
0.62847
0.62855
0.62863
0.62871
0.62879
0.62886
0.62894
0.62902
0.6291
0.62918
0.62926
0.62934
0.62942
0.62949
0.62957
0.62965
0.62973
0.62981
0.62989
0.62997
0.63005
0.63012
0.6302
0.63028
0.63036
0.63044
0.63052
0.6306
0.63068
0.63076
0.63083
0.63091
0.63099
0.63107
0.63115
0.63123
0.63131
0.63139
0.63147
0.63155
0.63162
0.6317
0.63178
0.63186
0.63194
0.63202
0.6321
0.63218
0.63226
0.63234
0.63241
0.63249
0.63257
0.63265
0.63273
0.63281
0.63289
0.63297
0.63305
0.63313
0.63321
0.63329
0.63336
0.63344
0.63352
0.6336
0.63368
0.63376
0.63384
0.63392
0.634
0.63408
0.63416
0.63424
0.63432
0.6344
0.63448
0.63455
0.63463
0.63471
0.63479
0.63487
0.63495
0.63503
0.63511
0.63519
0.63527
0.63535
0.63543
0.63551
0.63559
0.63567
0.63575
0.63583
0.63591
0.63598
0.63606
0.63614
0.63622
0.6363
0.63638
0.63646
0.63654
0.63662
0.6367
0.63678
0.63686
0.63694
0.63702
0.6371
0.63718
0.63726
0.63734
0.63742
0.6375
0.63758
0.63766
0.63774
0.63782
0.6379
0.63798
0.63806
0.63814
0.63822
0.6383
0.63838
0.63846
0.63854
0.63862
0.6387
0.63878
0.63886
0.63894
0.63902
0.6391
0.63918
0.63926
0.63934
0.63942
0.6395
0.63958
0.63966
0.63974
0.63982
0.6399
0.63998
0.64006
0.64014
0.64022
0.6403
0.64038
0.64046
0.64054
0.64062
0.6407
0.64078
0.64086
0.64094
0.64102
0.6411
0.64118
0.64126
0.64134
0.64142
0.6415
0.64158
0.64166
0.64174
0.64182
0.6419
0.64198
0.64206
0.64214
0.64222
0.6423
0.64238
0.64246
0.64254
0.64262
0.6427
0.64278
0.64286
0.64294
0.64303
0.64311
0.64319
0.64327
0.64335
0.64343
0.64351
0.64359
0.64367
0.64375
0.64383
0.64391
0.64399
0.64407
0.64415
0.64423
0.64431
0.64439
0.64448
0.64456
0.64464
0.64472
0.6448
0.64488
0.64496
0.64504
0.64512
0.6452
0.64528
0.64536
0.64544
0.64552
0.64561
0.64569
0.64577
0.64585
0.64593
0.64601
0.64609
0.64617
0.64625
0.64633
0.64641
0.64649
0.64658
0.64666
0.64674
0.64682
0.6469
0.64698
0.64706
0.64714
0.64722
0.6473
0.64738
0.64747
0.64755
0.64763
0.64771
0.64779
0.64787
0.64795
0.64803
0.64811
0.6482
0.64828
0.64836
0.64844
0.64852
0.6486
0.64868
0.64876
0.64884
0.64893
0.64901
0.64909
0.64917
0.64925
0.64933
0.64941
0.64949
0.64958
0.64966
0.64974
0.64982
0.6499
0.64998
0.65006
0.65015
0.65023
0.65031
0.65039
0.65047
0.65055
0.65063
0.65072
0.6508
0.65088
0.65096
0.65104
0.65112
0.6512
0.65129
0.65137
0.65145
0.65153
0.65161
0.65169
0.65178
0.65186
0.65194
0.65202
0.6521
0.65218
0.65226
0.65235
0.65243
0.65251
0.65259
0.65267
0.65276
0.65284
0.65292
0.653
0.65308
0.65316
0.65325
0.65333
0.65341
0.65349
0.65357
0.65365
0.65374
0.65382
0.6539
0.65398
0.65406
0.65415
0.65423
0.65431
0.65439
0.65447
0.65456
0.65464
0.65472
0.6548
0.65488
0.65497
0.65505
0.65513
0.65521
0.65529
0.65538
0.65546
0.65554
0.65562
0.6557
0.65579
0.65587
0.65595
0.65603
0.65611
0.6562
0.65628
0.65636
0.65644
0.65653
0.65661
0.65669
0.65677
0.65685
0.65694
0.65702
0.6571
0.65718
0.65727
0.65735
0.65743
0.65751
0.65759
0.65768
0.65776
0.65784
0.65792
0.65801
0.65809
0.65817
0.65825
0.65834
0.65842
0.6585
0.65858
0.65867
0.65875
0.65883
0.65891
0.659
0.65908
0.65916
0.65924
0.65933
0.65941
0.65949
0.65957
0.65966
0.65974
0.65982
0.6599
0.65999
0.66007
0.66015
0.66024
0.66032
0.6604
0.66048
0.66057
0.66065
0.66073
0.66081
0.6609
0.66098
0.66106
0.66115
0.66123
0.66131
0.66139
0.66148
0.66156
0.66164
0.66173
0.66181
0.66189
0.66197
0.66206
0.66214
0.66222
0.66231
0.66239
0.66247
0.66256
0.66264
0.66272
0.6628
0.66289
0.66297
0.66305
0.66314
0.66322
0.6633
0.66339
0.66347
0.66355
0.66363
0.66372
0.6638
0.66388
0.66397
0.66405
0.66413
0.66422
0.6643
0.66438
0.66447
0.66455
0.66463
0.66472
0.6648
0.66488
0.66497
0.66505
0.66513
0.66522
0.6653
0.66538
0.66547
0.66555
0.66563
0.66572
0.6658
0.66588
0.66597
0.66605
0.66613
0.66622
0.6663
0.66638
0.66647
0.66655
0.66663
0.66672
0.6668
0.66689
0.66697
0.66705
0.66714
0.66722
0.6673
0.66739
0.66747
0.66755
0.66764
0.66772
0.66781
0.66789
0.66797
0.66806
0.66814
0.66822
0.66831
0.66839
0.66848
0.66856
0.66864
0.66873
0.66881
0.66889
0.66898
0.66906
0.66915
0.66923
0.66931
0.6694
0.66948
0.66957
0.66965
0.66973
0.66982
0.6699
0.66998
0.67007
0.67015
0.67024
0.67032
0.6704
0.67049
0.67057
0.67066
0.67074
0.67083
0.67091
0.67099
0.67108
0.67116
0.67125
0.67133
0.67141
0.6715
0.67158
0.67167
0.67175
0.67183
0.67192
0.672
0.67209
0.67217
0.67226
0.67234
0.67242
0.67251
0.67259
0.67268
0.67276
0.67285
0.67293
0.67301
0.6731
0.67318
0.67327
0.67335
0.67344
0.67352
0.67361
0.67369
0.67377
0.67386
0.67394
0.67403
0.67411
0.6742
0.67428
0.67437
0.67445
0.67454
0.67462
0.6747
0.67479
0.67487
0.67496
0.67504
0.67513
0.67521
0.6753
0.67538
0.67547
0.67555
0.67564
0.67572
0.6758
0.67589
0.67597
0.67606
0.67614
0.67623
0.67631
0.6764
0.67648
0.67657
0.67665
0.67674
0.67682
0.67691
0.67699
0.67708
0.67716
0.67725
0.67733
0.67742
0.6775
0.67759
0.67767
0.67776
0.67784
0.67793
0.67801
0.6781
0.67818
0.67827
0.67835
0.67844
0.67852
0.67861
0.67869
0.67878
0.67886
0.67895
0.67903
0.67912
0.6792
0.67929
0.67937
0.67946
0.67954
0.67963
0.67971
0.6798
0.67988
0.67997
0.68006
0.68014
0.68023
0.68031
0.6804
0.68048
0.68057
0.68065
0.68074
0.68082
0.68091
0.68099
0.68108
0.68116
0.68125
0.68134
0.68142
0.68151
0.68159
0.68168
0.68176
0.68185
0.68193
0.68202
0.68211
0.68219
0.68228
0.68236
0.68245
0.68253
0.68262
0.6827
0.68279
0.68288
0.68296
0.68305
0.68313
0.68322
0.6833
0.68339
0.68348
0.68356
0.68365
0.68373
0.68382
0.6839
0.68399
0.68408
0.68416
0.68425
0.68433
0.68442
0.6845
0.68459
0.68468
0.68476
0.68485
0.68493
0.68502
0.68511
0.68519
0.68528
0.68536
0.68545
0.68554
0.68562
0.68571
0.68579
0.68588
0.68597
0.68605
0.68614
0.68622
0.68631
0.6864
0.68648
0.68657
0.68665
0.68674
0.68683
0.68691
0.687
0.68709
0.68717
0.68726
0.68734
0.68743
0.68752
0.6876
0.68769
0.68778
0.68786
0.68795
0.68803
0.68812
0.68821
0.68829
0.68838
0.68847
0.68855
0.68864
0.68873
0.68881
0.6889
0.68899
0.68907
0.68916
0.68924
0.68933
0.68942
0.6895
0.68959
0.68968
0.68976
0.68985
0.68994
0.69002
0.69011
0.6902
0.69028
0.69037
0.69046
0.69054
0.69063
0.69072
0.6908
0.69089
0.69098
0.69106
0.69115
0.69124
0.69132
0.69141
0.6915
0.69158
0.69167
0.69176
0.69184
0.69193
0.69202
0.6921
0.69219
0.69228
0.69237
0.69245
0.69254
0.69263
0.69271
0.6928
0.69289
0.69297
0.69306
0.69315
0.69324
0.69332
0.69341
0.6935
0.69358
0.69367
0.69376
0.69384
0.69393
0.69402
0.69411
0.69419
0.69428
0.69437
0.69445
0.69454
0.69463
0.69472
0.6948
0.69489
0.69498
0.69507
0.69515
0.69524
0.69533
0.69541
0.6955
0.69559
0.69568
0.69576
0.69585
0.69594
0.69603
0.69611
0.6962
0.69629
0.69638
0.69646
0.69655
0.69664
0.69673
0.69681
0.6969
0.69699
0.69708
0.69716
0.69725
0.69734
0.69743
0.69751
0.6976
0.69769
0.69778
0.69786
0.69795
0.69804
0.69813
0.69821
0.6983
0.69839
0.69848
0.69857
0.69865
0.69874
0.69883
0.69892
0.699
0.69909
0.69918
0.69927
0.69936
0.69944
0.69953
0.69962
0.69971
0.6998
0.69988
0.69997
0.70006
0.70015
0.70023
0.70032
0.70041
0.7005
0.70059
0.70067
0.70076
0.70085
0.70094
0.70103
0.70112
0.7012
0.70129
0.70138
0.70147
0.70156
0.70164
0.70173
0.70182
0.70191
0.702
0.70209
0.70217
0.70226
0.70235
0.70244
0.70253
0.70261
0.7027
0.70279
0.70288
0.70297
0.70306
0.70314
0.70323
0.70332
0.70341
0.7035
0.70359
0.70368
0.70376
0.70385
0.70394
0.70403
0.70412
0.70421
0.70429
0.70438
0.70447
0.70456
0.70465
0.70474
0.70483
0.70491
0.705
0.70509
0.70518
0.70527
0.70536
0.70545
0.70554
0.70562
0.70571
0.7058
0.70589
0.70598
0.70607
0.70616
0.70625
0.70633
0.70642
0.70651
0.7066
0.70669
0.70678
0.70687
0.70696
0.70705
0.70713
0.70722
0.70731
0.7074
0.70749
0.70758
0.70767
0.70776
0.70785
0.70794
0.70802
0.70811
0.7082
0.70829
0.70838
0.70847
0.70856
0.70865
0.70874
0.70883
0.70892
0.70901
0.70909
0.70918
0.70927
0.70936
0.70945
0.70954
0.70963
0.70972
0.70981
0.7099
0.70999
0.71008
0.71017
0.71026
0.71034
0.71043
0.71052
0.71061
0.7107
0.71079
0.71088
0.71097
0.71106
0.71115
0.71124
0.71133
0.71142
0.71151
0.7116
0.71169
0.71178
0.71187
0.71196
0.71205
0.71214
0.71222
0.71231
0.7124
0.71249
0.71258
0.71267
0.71276
0.71285
0.71294
0.71303
0.71312
0.71321
0.7133
0.71339
0.71348
0.71357
0.71366
0.71375
0.71384
0.71393
0.71402
0.71411
0.7142
0.71429
0.71438
0.71447
0.71456
0.71465
0.71474
0.71483
0.71492
0.71501
0.7151
0.71519
0.71528
0.71537
0.71546
0.71555
0.71564
0.71573
0.71582
0.71591
0.716
0.71609
0.71618
0.71627
0.71636
0.71645
0.71654
0.71663
0.71672
0.71681
0.7169
0.717
0.71709
0.71718
0.71727
0.71736
0.71745
0.71754
0.71763
0.71772
0.71781
0.7179
0.71799
0.71808
0.71817
0.71826
0.71835
0.71844
0.71853
0.71862
0.71871
0.7188
0.7189
0.71899
0.71908
0.71917
0.71926
0.71935
0.71944
0.71953
0.71962
0.71971
0.7198
0.71989
0.71998
0.72007
0.72017
0.72026
0.72035
0.72044
0.72053
0.72062
0.72071
0.7208
0.72089
0.72098
0.72107
0.72116
0.72126
0.72135
0.72144
0.72153
0.72162
0.72171
0.7218
0.72189
0.72198
0.72208
0.72217
0.72226
0.72235
0.72244
0.72253
0.72262
0.72271
0.7228
0.7229
0.72299
0.72308
0.72317
0.72326
0.72335
0.72344
0.72353
0.72363
0.72372
0.72381
0.7239
0.72399
0.72408
0.72417
0.72426
0.72436
0.72445
0.72454
0.72463
0.72472
0.72481
0.7249
0.725
0.72509
0.72518
0.72527
0.72536
0.72545
0.72555
0.72564
0.72573
0.72582
0.72591
0.726
0.72609
0.72619
0.72628
0.72637
0.72646
0.72655
0.72664
0.72674
0.72683
0.72692
0.72701
0.7271
0.7272
0.72729
0.72738
0.72747
0.72756
0.72765
0.72775
0.72784
0.72793
0.72802
0.72811
0.72821
0.7283
0.72839
0.72848
0.72857
0.72867
0.72876
0.72885
0.72894
0.72903
0.72913
0.72922
0.72931
0.7294
0.72949
0.72959
0.72968
0.72977
0.72986
0.72996
0.73005
0.73014
0.73023
0.73032
0.73042
0.73051
0.7306
0.73069
0.73079
0.73088
0.73097
0.73106
0.73115
0.73125
0.73134
0.73143
0.73152
0.73162
0.73171
0.7318
0.73189
0.73199
0.73208
0.73217
0.73226
0.73236
0.73245
0.73254
0.73263
0.73273
0.73282
0.73291
0.733
0.7331
0.73319
0.73328
0.73338
0.73347
0.73356
0.73365
0.73375
0.73384
0.73393
0.73402
0.73412
0.73421
0.7343
0.7344
0.73449
0.73458
0.73467
0.73477
0.73486
0.73495
0.73505
0.73514
0.73523
0.73532
0.73542
0.73551
0.7356
0.7357
0.73579
0.73588
0.73597
0.73607
0.73616
0.73625
0.73635
0.73644
0.73653
0.73663
0.73672
0.73681
0.73691
0.737
0.73709
0.73719
0.73728
0.73737
0.73746
0.73756
0.73765
0.73774
0.73784
0.73793
0.73802
0.73812
0.73821
0.7383
0.7384
0.73849
0.73858
0.73868
0.73877
0.73886
0.73896
0.73905
0.73914
0.73924
0.73933
0.73943
0.73952
0.73961
0.73971
0.7398
0.73989
0.73999
0.74008
0.74017
0.74027
0.74036
0.74045
0.74055
0.74064
0.74074
0.74083
0.74092
0.74102
0.74111
0.7412
0.7413
0.74139
0.74149
0.74158
0.74167
0.74177
0.74186
0.74195
0.74205
0.74214
0.74224
0.74233
0.74242
0.74252
0.74261
0.74271
0.7428
0.74289
0.74299
0.74308
0.74318
0.74327
0.74336
0.74346
0.74355
0.74365
0.74374
0.74383
0.74393
0.74402
0.74412
0.74421
0.7443
0.7444
0.74449
0.74459
0.74468
0.74478
0.74487
0.74496
0.74506
0.74515
0.74525
0.74534
0.74544
0.74553
0.74562
0.74572
0.74581
0.74591
0.746
0.7461
0.74619
0.74628
0.74638
0.74647
0.74657
0.74666
0.74676
0.74685
0.74695
0.74704
0.74713
0.74723
0.74732
0.74742
0.74751
0.74761
0.7477
0.7478
0.74789
0.74799
0.74808
0.74818
0.74827
0.74836
0.74846
0.74855
0.74865
0.74874
0.74884
0.74893
0.74903
0.74912
0.74922
0.74931
0.74941
0.7495
0.7496
0.74969
0.74979
0.74988
0.74998
0.75007
0.75017
0.75026
0.75036
0.75045
0.75055
0.75064
0.75074
0.75083
0.75093
0.75102
0.75112
0.75121
0.75131
0.7514
0.7515
0.75159
0.75169
0.75178
0.75188
0.75197
0.75207
0.75216
0.75226
0.75235
0.75245
0.75254
0.75264
0.75274
0.75283
0.75293
0.75302
0.75312
0.75321
0.75331
0.7534
0.7535
0.75359
0.75369
0.75378
0.75388
0.75398
0.75407
0.75417
0.75426
0.75436
0.75445
0.75455
0.75464
0.75474
0.75483
0.75493
0.75503
0.75512
0.75522
0.75531
0.75541
0.7555
0.7556
0.7557
0.75579
0.75589
0.75598
0.75608
0.75617
0.75627
0.75637
0.75646
0.75656
0.75665
0.75675
0.75684
0.75694
0.75704
0.75713
0.75723
0.75732
0.75742
0.75752
0.75761
0.75771
0.7578
0.7579
0.758
0.75809
0.75819
0.75828
0.75838
0.75848
0.75857
0.75867
0.75876
0.75886
0.75896
0.75905
0.75915
0.75925
0.75934
0.75944
0.75953
0.75963
0.75973
0.75982
0.75992
0.76002
0.76011
0.76021
0.7603
0.7604
0.7605
0.76059
0.76069
0.76079
0.76088
0.76098
0.76108
0.76117
0.76127
0.76137
0.76146
0.76156
0.76165
0.76175
0.76185
0.76194
0.76204
0.76214
0.76223
0.76233
0.76243
0.76252
0.76262
0.76272
0.76281
0.76291
0.76301
0.7631
0.7632
0.7633
0.76339
0.76349
0.76359
0.76368
0.76378
0.76388
0.76398
0.76407
0.76417
0.76427
0.76436
0.76446
0.76456
0.76465
0.76475
0.76485
0.76494
0.76504
0.76514
0.76524
0.76533
0.76543
0.76553
0.76562
0.76572
0.76582
0.76591
0.76601
0.76611
0.76621
0.7663
0.7664
0.7665
0.7666
0.76669
0.76679
0.76689
0.76698
0.76708
0.76718
0.76728
0.76737
0.76747
0.76757
0.76767
0.76776
0.76786
0.76796
0.76805
0.76815
0.76825
0.76835
0.76844
0.76854
0.76864
0.76874
0.76883
0.76893
0.76903
0.76913
0.76923
0.76932
0.76942
0.76952
0.76962
0.76971
0.76981
0.76991
0.77001
0.7701
0.7702
0.7703
0.7704
0.77049
0.77059
0.77069
0.77079
0.77089
0.77098
0.77108
0.77118
0.77128
0.77138
0.77147
0.77157
0.77167
0.77177
0.77187
0.77196
0.77206
0.77216
0.77226
0.77236
0.77245
0.77255
0.77265
0.77275
0.77285
0.77294
0.77304
0.77314
0.77324
0.77334
0.77343
0.77353
0.77363
0.77373
0.77383
0.77393
0.77402
0.77412
0.77422
0.77432
0.77442
0.77452
0.77461
0.77471
0.77481
0.77491
0.77501
0.77511
0.7752
0.7753
0.7754
0.7755
0.7756
0.7757
0.7758
0.77589
0.77599
0.77609
0.77619
0.77629
0.77639
0.77649
0.77658
0.77668
0.77678
0.77688
0.77698
0.77708
0.77718
0.77727
0.77737
0.77747
0.77757
0.77767
0.77777
0.77787
0.77797
0.77806
0.77816
0.77826
0.77836
0.77846
0.77856
0.77866
0.77876
0.77886
0.77896
0.77905
0.77915
0.77925
0.77935
0.77945
0.77955
0.77965
0.77975
0.77985
0.77995
0.78004
0.78014
0.78024
0.78034
0.78044
0.78054
0.78064
0.78074
0.78084
0.78094
0.78104
0.78114
0.78124
0.78133
0.78143
0.78153
0.78163
0.78173
0.78183
0.78193
0.78203
0.78213
0.78223
0.78233
0.78243
0.78253
0.78263
0.78273
0.78283
0.78293
0.78303
0.78312
0.78322
0.78332
0.78342
0.78352
0.78362
0.78372
0.78382
0.78392
0.78402
0.78412
0.78422
0.78432
0.78442
0.78452
0.78462
0.78472
0.78482
0.78492
0.78502
0.78512
0.78522
0.78532
0.78542
0.78552
0.78562
0.78572
0.78582
0.78592
0.78602
0.78612
0.78622
0.78632
0.78642
0.78652
0.78662
0.78672
0.78682
0.78692
0.78702
0.78712
0.78722
0.78732
0.78742
0.78752
0.78762
0.78772
0.78782
0.78792
0.78802
0.78812
0.78822
0.78832
0.78842
0.78852
0.78862
0.78872
0.78882
0.78892
0.78902
0.78913
0.78923
0.78933
0.78943
0.78953
0.78963
0.78973
0.78983
0.78993
0.79003
0.79013
0.79023
0.79033
0.79043
0.79053
0.79063
0.79073
0.79083
0.79094
0.79104
0.79114
0.79124
0.79134
0.79144
0.79154
0.79164
0.79174
0.79184
0.79194
0.79204
0.79214
0.79225
0.79235
0.79245
0.79255
0.79265
0.79275
0.79285
0.79295
0.79305
0.79315
0.79326
0.79336
0.79346
0.79356
0.79366
0.79376
0.79386
0.79396
0.79406
0.79417
0.79427
0.79437
0.79447
0.79457
0.79467
0.79477
0.79487
0.79497
0.79508
0.79518
0.79528
0.79538
0.79548
0.79558
0.79568
0.79579
0.79589
0.79599
0.79609
0.79619
0.79629
0.79639
0.7965
0.7966
0.7967
0.7968
0.7969
0.797
0.7971
0.79721
0.79731
0.79741
0.79751
0.79761
0.79771
0.79782
0.79792
0.79802
0.79812
0.79822
0.79832
0.79843
0.79853
0.79863
0.79873
0.79883
0.79894
0.79904
0.79914
0.79924
0.79934
0.79944
0.79955
0.79965
0.79975
0.79985
0.79995
0.80006
0.80016
0.80026
0.80036
0.80046
0.80057
0.80067
0.80077
0.80087
0.80097
0.80108
0.80118
0.80128
0.80138
0.80149
0.80159
0.80169
0.80179
0.80189
0.802
0.8021
0.8022
0.8023
0.80241
0.80251
0.80261
0.80271
0.80282
0.80292
0.80302
0.80312
0.80322
0.80333
0.80343
0.80353
0.80363
0.80374
0.80384
0.80394
0.80404
0.80415
0.80425
0.80435
0.80446
0.80456
0.80466
0.80476
0.80487
0.80497
0.80507
0.80517
0.80528
0.80538
0.80548
0.80558
0.80569
0.80579
0.80589
0.806
0.8061
0.8062
0.8063
0.80641
0.80651
0.80661
0.80672
0.80682
0.80692
0.80703
0.80713
0.80723
0.80733
0.80744
0.80754
0.80764
0.80775
0.80785
0.80795
0.80806
0.80816
0.80826
0.80837
0.80847
0.80857
0.80867
0.80878
0.80888
0.80898
0.80909
0.80919
0.80929
0.8094
0.8095
0.8096
0.80971
0.80981
0.80991
0.81002
0.81012
0.81022
0.81033
0.81043
0.81054
0.81064
0.81074
0.81085
0.81095
0.81105
0.81116
0.81126
0.81136
0.81147
0.81157
0.81167
0.81178
0.81188
0.81199
0.81209
0.81219
0.8123
0.8124
0.8125
0.81261
0.81271
0.81282
0.81292
0.81302
0.81313
0.81323
0.81333
0.81344
0.81354
0.81365
0.81375
0.81385
0.81396
0.81406
0.81417
0.81427
0.81437
0.81448
0.81458
0.81469
0.81479
0.81489
0.815
0.8151
0.81521
0.81531
0.81542
0.81552
0.81562
0.81573
0.81583
0.81594
0.81604
0.81615
0.81625
0.81635
0.81646
0.81656
0.81667
0.81677
0.81688
0.81698
0.81708
0.81719
0.81729
0.8174
0.8175
0.81761
0.81771
0.81782
0.81792
0.81802
0.81813
0.81823
0.81834
0.81844
0.81855
0.81865
0.81876
0.81886
0.81897
0.81907
0.81918
0.81928
0.81939
0.81949
0.81959
0.8197
0.8198
0.81991
0.82001
0.82012
0.82022
0.82033
0.82043
0.82054
0.82064
0.82075
0.82085
0.82096
0.82106
0.82117
0.82127
0.82138
0.82148
0.82159
0.82169
0.8218
0.8219
0.82201
0.82211
0.82222
0.82232
0.82243
0.82254
0.82264
0.82275
0.82285
0.82296
0.82306
0.82317
0.82327
0.82338
0.82348
0.82359
0.82369
0.8238
0.8239
0.82401
0.82412
0.82422
0.82433
0.82443
0.82454
0.82464
0.82475
0.82485
0.82496
0.82506
0.82517
0.82528
0.82538
0.82549
0.82559
0.8257
0.8258
0.82591
0.82602
0.82612
0.82623
0.82633
0.82644
0.82654
0.82665
0.82676
0.82686
0.82697
0.82707
0.82718
0.82729
0.82739
0.8275
0.8276
0.82771
0.82782
0.82792
0.82803
0.82813
0.82824
0.82835
0.82845
0.82856
0.82866
0.82877
0.82888
0.82898
0.82909
0.82919
0.8293
0.82941
0.82951
0.82962
0.82973
0.82983
0.82994
0.83004
0.83015
0.83026
0.83036
0.83047
0.83058
0.83068
0.83079
0.8309
0.831
0.83111
0.83122
0.83132
0.83143
0.83153
0.83164
0.83175
0.83185
0.83196
0.83207
0.83217
0.83228
0.83239
0.83249
0.8326
0.83271
0.83281
0.83292
0.83303
0.83313
0.83324
0.83335
0.83346
0.83356
0.83367
0.83378
0.83388
0.83399
0.8341
0.8342
0.83431
0.83442
0.83452
0.83463
0.83474
0.83485
0.83495
0.83506
0.83517
0.83527
0.83538
0.83549
0.83559
0.8357
0.83581
0.83592
0.83602
0.83613
0.83624
0.83635
0.83645
0.83656
0.83667
0.83677
0.83688
0.83699
0.8371
0.8372
0.83731
0.83742
0.83753
0.83763
0.83774
0.83785
0.83796
0.83806
0.83817
0.83828
0.83839
0.83849
0.8386
0.83871
0.83882
0.83892
0.83903
0.83914
0.83925
0.83935
0.83946
0.83957
0.83968
0.83979
0.83989
0.84
0.84011
0.84022
0.84032
0.84043
0.84054
0.84065
0.84076
0.84086
0.84097
0.84108
0.84119
0.8413
0.8414
0.84151
0.84162
0.84173
0.84184
0.84194
0.84205
0.84216
0.84227
0.84238
0.84248
0.84259
0.8427
0.84281
0.84292
0.84303
0.84313
0.84324
0.84335
0.84346
0.84357
0.84368
0.84378
0.84389
0.844
0.84411
0.84422
0.84433
0.84443
0.84454
0.84465
0.84476
0.84487
0.84498
0.84508
0.84519
0.8453
0.84541
0.84552
0.84563
0.84574
0.84585
0.84595
0.84606
0.84617
0.84628
0.84639
0.8465
0.84661
0.84672
0.84682
0.84693
0.84704
0.84715
0.84726
0.84737
0.84748
0.84759
0.84769
0.8478
0.84791
0.84802
0.84813
0.84824
0.84835
0.84846
0.84857
0.84868
0.84879
0.84889
0.849
0.84911
0.84922
0.84933
0.84944
0.84955
0.84966
0.84977
0.84988
0.84999
0.8501
0.8502
0.85031
0.85042
0.85053
0.85064
0.85075
0.85086
0.85097
0.85108
0.85119
0.8513
0.85141
0.85152
0.85163
0.85174
0.85185
0.85196
0.85207
0.85218
0.85228
0.85239
0.8525
0.85261
0.85272
0.85283
0.85294
0.85305
0.85316
0.85327
0.85338
0.85349
0.8536
0.85371
0.85382
0.85393
0.85404
0.85415
0.85426
0.85437
0.85448
0.85459
0.8547
0.85481
0.85492
0.85503
0.85514
0.85525
0.85536
0.85547
0.85558
0.85569
0.8558
0.85591
0.85602
0.85613
0.85624
0.85635
0.85646
0.85657
0.85668
0.85679
0.8569
0.85701
0.85712
0.85723
0.85734
0.85746
0.85757
0.85768
0.85779
0.8579
0.85801
0.85812
0.85823
0.85834
0.85845
0.85856
0.85867
0.85878
0.85889
0.859
0.85911
0.85922
0.85933
0.85944
0.85956
0.85967
0.85978
0.85989
0.86
0.86011
0.86022
0.86033
0.86044
0.86055
0.86066
0.86077
0.86089
0.861
0.86111
0.86122
0.86133
0.86144
0.86155
0.86166
0.86177
0.86188
0.862
0.86211
0.86222
0.86233
0.86244
0.86255
0.86266
0.86277
0.86288
0.863
0.86311
0.86322
0.86333
0.86344
0.86355
0.86366
0.86377
0.86389
0.864
0.86411
0.86422
0.86433
0.86444
0.86455
0.86467
0.86478
0.86489
0.865
0.86511
0.86522
0.86533
0.86545
0.86556
0.86567
0.86578
0.86589
0.866
0.86612
0.86623
0.86634
0.86645
0.86656
0.86668
0.86679
0.8669
0.86701
0.86712
0.86723
0.86735
0.86746
0.86757
0.86768
0.86779
0.86791
0.86802
0.86813
0.86824
0.86835
0.86847
0.86858
0.86869
0.8688
0.86891
0.86903
0.86914
0.86925
0.86936
0.86947
0.86959
0.8697
0.86981
0.86992
0.87004
0.87015
0.87026
0.87037
0.87049
0.8706
0.87071
0.87082
0.87093
0.87105
0.87116
0.87127
0.87138
0.8715
0.87161
0.87172
0.87183
0.87195
0.87206
0.87217
0.87228
0.8724
0.87251
0.87262
0.87274
0.87285
0.87296
0.87307
0.87319
0.8733
0.87341
0.87352
0.87364
0.87375
0.87386
0.87398
0.87409
0.8742
0.87431
0.87443
0.87454
0.87465
0.87477
0.87488
0.87499
0.87511
0.87522
0.87533
0.87545
0.87556
0.87567
0.87578
0.8759
0.87601
0.87612
0.87624
0.87635
0.87646
0.87658
0.87669
0.8768
0.87692
0.87703
0.87714
0.87726
0.87737
0.87748
0.8776
0.87771
0.87782
0.87794
0.87805
0.87816
0.87828
0.87839
0.87851
0.87862
0.87873
0.87885
0.87896
0.87907
0.87919
0.8793
0.87941
0.87953
0.87964
0.87976
0.87987
0.87998
0.8801
0.88021
0.88032
0.88044
0.88055
0.88067
0.88078
0.88089
0.88101
0.88112
0.88124
0.88135
0.88146
0.88158
0.88169
0.88181
0.88192
0.88203
0.88215
0.88226
0.88238
0.88249
0.8826
0.88272
0.88283
0.88295
0.88306
0.88318
0.88329
0.8834
0.88352
0.88363
0.88375
0.88386
0.88398
0.88409
0.88421
0.88432
0.88443
0.88455
0.88466
0.88478
0.88489
0.88501
0.88512
0.88524
0.88535
0.88546
0.88558
0.88569
0.88581
0.88592
0.88604
0.88615
0.88627
0.88638
0.8865
0.88661
0.88673
0.88684
0.88696
0.88707
0.88719
0.8873
0.88742
0.88753
0.88765
0.88776
0.88788
0.88799
0.88811
0.88822
0.88834
0.88845
0.88857
0.88868
0.8888
0.88891
0.88903
0.88914
0.88926
0.88937
0.88949
0.8896
0.88972
0.88983
0.88995
0.89006
0.89018
0.89029
0.89041
0.89053
0.89064
0.89076
0.89087
0.89099
0.8911
0.89122
0.89133
0.89145
0.89156
0.89168
0.8918
0.89191
0.89203
0.89214
0.89226
0.89237
0.89249
0.89261
0.89272
0.89284
0.89295
0.89307
0.89318
0.8933
0.89342
0.89353
0.89365
0.89376
0.89388
0.894
0.89411
0.89423
0.89434
0.89446
0.89458
0.89469
0.89481
0.89492
0.89504
0.89516
0.89527
0.89539
0.8955
0.89562
0.89574
0.89585
0.89597
0.89609
0.8962
0.89632
0.89643
0.89655
0.89667
0.89678
0.8969
0.89702
0.89713
0.89725
0.89737
0.89748
0.8976
0.89771
0.89783
0.89795
0.89806
0.89818
0.8983
0.89841
0.89853
0.89865
0.89876
0.89888
0.899
0.89911
0.89923
0.89935
0.89946
0.89958
0.8997
0.89981
0.89993
0.90005
0.90017
0.90028
0.9004
0.90052
0.90063
0.90075
0.90087
0.90098
0.9011
0.90122
0.90134
0.90145
0.90157
0.90169
0.9018
0.90192
0.90204
0.90216
0.90227
0.90239
0.90251
0.90262
0.90274
0.90286
0.90298
0.90309
0.90321
0.90333
0.90345
0.90356
0.90368
0.9038
0.90392
0.90403
0.90415
0.90427
0.90439
0.9045
0.90462
0.90474
0.90486
0.90497
0.90509
0.90521
0.90533
0.90544
0.90556
0.90568
0.9058
0.90591
0.90603
0.90615
0.90627
0.90639
0.9065
0.90662
0.90674
0.90686
0.90698
0.90709
0.90721
0.90733
0.90745
0.90757
0.90768
0.9078
0.90792
0.90804
0.90816
0.90827
0.90839
0.90851
0.90863
0.90875
0.90886
0.90898
0.9091
0.90922
0.90934
0.90946
0.90957
0.90969
0.90981
0.90993
0.91005
0.91017
0.91029
0.9104
0.91052
0.91064
0.91076
0.91088
0.911
0.91111
0.91123
0.91135
0.91147
0.91159
0.91171
0.91183
0.91195
0.91206
0.91218
0.9123
0.91242
0.91254
0.91266
0.91278
0.9129
0.91301
0.91313
0.91325
0.91337
0.91349
0.91361
0.91373
0.91385
0.91397
0.91409
0.9142
0.91432
0.91444
0.91456
0.91468
0.9148
0.91492
0.91504
0.91516
0.91528
0.9154
0.91551
0.91563
0.91575
0.91587
0.91599
0.91611
0.91623
0.91635
0.91647
0.91659
0.91671
0.91683
0.91695
0.91707
0.91719
0.91731
0.91743
0.91755
0.91766
0.91778
0.9179
0.91802
0.91814
0.91826
0.91838
0.9185
0.91862
0.91874
0.91886
0.91898
0.9191
0.91922
0.91934
0.91946
0.91958
0.9197
0.91982
0.91994
0.92006
0.92018
0.9203
0.92042
0.92054
0.92066
0.92078
0.9209
0.92102
0.92114
0.92126
0.92138
0.9215
0.92162
0.92174
0.92186
0.92198
0.9221
0.92222
0.92234
0.92246
0.92258
0.9227
0.92282
0.92295
0.92307
0.92319
0.92331
0.92343
0.92355
0.92367
0.92379
0.92391
0.92403
0.92415
0.92427
0.92439
0.92451
0.92463
0.92475
0.92487
0.925
0.92512
0.92524
0.92536
0.92548
0.9256
0.92572
0.92584
0.92596
0.92608
0.9262
0.92632
0.92645
0.92657
0.92669
0.92681
0.92693
0.92705
0.92717
0.92729
0.92741
0.92754
0.92766
0.92778
0.9279
0.92802
0.92814
0.92826
0.92838
0.9285
0.92863
0.92875
0.92887
0.92899
0.92911
0.92923
0.92935
0.92948
0.9296
0.92972
0.92984
0.92996
0.93008
0.9302
0.93033
0.93045
0.93057
0.93069
0.93081
0.93093
0.93106
0.93118
0.9313
0.93142
0.93154
0.93167
0.93179
0.93191
0.93203
0.93215
0.93227
0.9324
0.93252
0.93264
0.93276
0.93288
0.93301
0.93313
0.93325
0.93337
0.93349
0.93362
0.93374
0.93386
0.93398
0.9341
0.93423
0.93435
0.93447
0.93459
0.93472
0.93484
0.93496
0.93508
0.93521
0.93533
0.93545
0.93557
0.93569
0.93582
0.93594
0.93606
0.93618
0.93631
0.93643
0.93655
0.93667
0.9368
0.93692
0.93704
0.93717
0.93729
0.93741
0.93753
0.93766
0.93778
0.9379
0.93802
0.93815
0.93827
0.93839
0.93852
0.93864
0.93876
0.93888
0.93901
0.93913
0.93925
0.93938
0.9395
0.93962
0.93975
0.93987
0.93999
0.94011
0.94024
0.94036
0.94048
0.94061
0.94073
0.94085
0.94098
0.9411
0.94122
0.94135
0.94147
0.94159
0.94172
0.94184
0.94196
0.94209
0.94221
0.94233
0.94246
0.94258
0.9427
0.94283
0.94295
0.94308
0.9432
0.94332
0.94345
0.94357
0.94369
0.94382
0.94394
0.94406
0.94419
0.94431
0.94444
0.94456
0.94468
0.94481
0.94493
0.94505
0.94518
0.9453
0.94543
0.94555
0.94567
0.9458
0.94592
0.94605
0.94617
0.94629
0.94642
0.94654
0.94667
0.94679
0.94692
0.94704
0.94716
0.94729
0.94741
0.94754
0.94766
0.94779
0.94791
0.94803
0.94816
0.94828
0.94841
0.94853
0.94866
0.94878
0.94891
0.94903
0.94915
0.94928
0.9494
0.94953
0.94965
0.94978
0.9499
0.95003
0.95015
0.95028
0.9504
0.95053
0.95065
0.95077
0.9509
0.95102
0.95115
0.95127
0.9514
0.95152
0.95165
0.95177
0.9519
0.95202
0.95215
0.95227
0.9524
0.95252
0.95265
0.95277
0.9529
0.95302
0.95315
0.95327
0.9534
0.95353
0.95365
0.95378
0.9539
0.95403
0.95415
0.95428
0.9544
0.95453
0.95465
0.95478
0.9549
0.95503
0.95515
0.95528
0.95541
0.95553
0.95566
0.95578
0.95591
0.95603
0.95616
0.95628
0.95641
0.95654
0.95666
0.95679
0.95691
0.95704
0.95717
0.95729
0.95742
0.95754
0.95767
0.95779
0.95792
0.95805
0.95817
0.9583
0.95842
0.95855
0.95868
0.9588
0.95893
0.95905
0.95918
0.95931
0.95943
0.95956
0.95968
0.95981
0.95994
0.96006
0.96019
0.96032
0.96044
0.96057
0.9607
0.96082
0.96095
0.96107
0.9612
0.96133
0.96145
0.96158
0.96171
0.96183
0.96196
0.96209
0.96221
0.96234
0.96247
0.96259
0.96272
0.96285
0.96297
0.9631
0.96323
0.96335
0.96348
0.96361
0.96373
0.96386
0.96399
0.96411
0.96424
0.96437
0.96449
0.96462
0.96475
0.96488
0.965
0.96513
0.96526
0.96538
0.96551
0.96564
0.96576
0.96589
0.96602
0.96615
0.96627
0.9664
0.96653
0.96666
0.96678
0.96691
0.96704
0.96716
0.96729
0.96742
0.96755
0.96767
0.9678
0.96793
0.96806
0.96818
0.96831
0.96844
0.96857
0.96869
0.96882
0.96895
0.96908
0.9692
0.96933
0.96946
0.96959
0.96972
0.96984
0.96997
0.9701
0.97023
0.97035
0.97048
0.97061
0.97074
0.97087
0.97099
0.97112
0.97125
0.97138
0.97151
0.97163
0.97176
0.97189
0.97202
0.97215
0.97227
0.9724
0.97253
0.97266
0.97279
0.97292
0.97304
0.97317
0.9733
0.97343
0.97356
0.97368
0.97381
0.97394
0.97407
0.9742
0.97433
0.97446
0.97458
0.97471
0.97484
0.97497
0.9751
0.97523
0.97536
0.97548
0.97561
0.97574
0.97587
0.976
0.97613
0.97626
0.97638
0.97651
0.97664
0.97677
0.9769
0.97703
0.97716
0.97729
0.97742
0.97754
0.97767
0.9778
0.97793
0.97806
0.97819
0.97832
0.97845
0.97858
0.97871
0.97883
0.97896
0.97909
0.97922
0.97935
0.97948
0.97961
0.97974
0.97987
0.98
0.98013
0.98026
0.98039
0.98052
0.98065
0.98077
0.9809
0.98103
0.98116
0.98129
0.98142
0.98155
0.98168
0.98181
0.98194
0.98207
0.9822
0.98233
0.98246
0.98259
0.98272
0.98285
0.98298
0.98311
0.98324
0.98337
0.9835
0.98363
0.98376
0.98389
0.98402
0.98415
0.98428
0.98441
0.98454
0.98467
0.9848
0.98493
0.98506
0.98519
0.98532
0.98545
0.98558
0.98571
0.98584
0.98597
0.9861
0.98623
0.98636
0.98649
0.98662
0.98675
0.98688
0.98701
0.98714
0.98727
0.9874
0.98753
0.98766
0.98779
0.98792
0.98805
0.98819
0.98832
0.98845
0.98858
0.98871
0.98884
0.98897
0.9891
0.98923
0.98936
0.98949
0.98962
0.98975
0.98988
0.99002
0.99015
0.99028
0.99041
0.99054
0.99067
0.9908
0.99093
0.99106
0.99119
0.99133
0.99146
0.99159
0.99172
0.99185
0.99198
0.99211
0.99224
0.99237
0.99251
0.99264
0.99277
0.9929
0.99303
0.99316
0.99329
0.99342
0.99356
0.99369
0.99382
0.99395
0.99408
0.99421
0.99434
0.99448
0.99461
0.99474
0.99487
0.995
0.99513
0.99527
0.9954
0.99553
0.99566
0.99579
0.99592
0.99606
0.99619
0.99632
0.99645
0.99658
0.99672
0.99685
0.99698
0.99711
0.99724
0.99738
0.99751
0.99764
0.99777
0.9979
0.99804
0.99817
0.9983
0.99843
0.99856
0.9987
0.99883
0.99896
0.99909
0.99923
0.99936
0.99949
0.99962
0.99975
0.99989
1
