0
0
0.010075
0.020288
0.030437
0.04001
0.050275
0.060014
0.070128
0.080188
0.090566
0.10099
0.11104
0.12114
0.13033
0.14039
0.15107
0.16107
0.17052
0.1813
0.19148
0.20088
0.21096
0.22135
0.23008
0.24056
0.25112
0.26052
0.27129
0.28058
0.29118
0.30039
0.31064
0.321
0.33024
0.34006
0.35013
0.36003
0.37026
0.38016
0.39009
0.40003
0.41019
0.42002
0.43003
0.44
0.45
0.46001
0
0.010035
0
0.010089
0.020166
0.030021
0.040425
0.050679
0.060382
0.070444
0.080187
0.090816
0.10166
0.11091
0.12106
0.13144
0.14059
0.15087
0.16198
0.17044
0.18043
0.19183
0.20198
0.21236
0.22008
0.23209
0.24273
0.25153
0.26065
0.2721
0.28029
0.29025
0.30061
0.31205
0.32023
0.33041
0.3411
0.35047
0.36002
0.37076
0.38019
0.39045
0.40001
0.41013
0.42006
0.43006
0.44004
0.45006
0.46005
0.47002
0.48001
0.49006
0.50005
0.51003
0.52001
0.53006
0.54003
0.55006
0.56002
0.57006
0.58002
0.59005
0.6
0.61002
0.62004
0.63005
0.64006
0.65006
0.66007
0.67007
0.68006
0.69002
0.70006
0.71008
0.72007
0.73005
0.74008
0.75007
0.76002
0.77001
0.78004
0.79003
0.80006
0.81002
0.82001
0.83004
0.84
0.8501
0.86011
0.87004
0.8801
0.89006
0.90005
0.91005
0.92006
0.93008
0.94011
0.95003
0.96006
0.9701
0.98013
0.99002
1
