4.0708
0.17901
0.054394
0.034752
0.025017
0.02058
0.018186
0.014455
0.012445
0.0082376
0.0074137
0.006876
0.0062306
0.006567
0.0059893
0.0087016
0.0080243
0.0090107
0.0084448
0.009534
0.0089497
0.0097397
0.0039498
0.13315
0.0054829
0.0020801
0.0015254
0.00093956
0.0017117
0.00099214
0.0010244
0.00071438
0.00039847
0.00033631
0.00034856
0.00030988
0.00074707
0.00063904
0.00021093
0.00019713
0.00018923
0.01385
0.00083398
0.00025207
0.00016643
0.00012578
0.00011136
0.00010037
0.00010451
8.3593e-05
0.00031647
0.00015848
9.2374e-05
7.1847e-05
6.7351e-05
5.3776e-05
0.0001517
5.7733e-05
0.00038049
0.0001606
4.5527e-05
3.7492e-05
3.9644e-05
3.3792e-05
4.2066e-05
4.0889e-05
3.7119e-05
3.0594e-05
2.9216e-05
2.1943e-05
1.057e-05
