12,2,1,3.5111,9.822
12,2,1.0116,57.073,185.81
27,2,1,2.5023,7.1475
27,2,1.0116,23.237,108.13
27,2,1.0116,0.011843,0.026557
27,2,1.0116,NaN,NaN
27,2,1.0116,NaN,NaN
27,2,1,0.5484,1.0472
27,2,1,0.5484,1.0472
12,2,0.39062,NaN,Inf
22,10,NaN,0
22,10,NaN,0
22,10,NaN,0
20,10,NaN,0
20,10,NaN,0
20,1,NaN,Inf
156,0.0001,18.936,172.97
36,0.001,26.136,193.69
36,0.001,26.136,193.69
4,0.001,52.064,292.77
16,0.001,35.176,215.71
16,0.001,25.605,176.67
16,0.001,16.235,127.37
16,0.001,17.687,131.53
16,0.001,16.235,127.37
16,0.001,15.887,125.59
16,0.001,16.235,127.37
16,0.001,16.235,127.37
16,0.001,7.3532,86.652
16,0.001,16.235,127.37
16,0.001,7.3532,86.652
16,0.001,16.235,127.37
16,0.001,3.2891e-12,1.128e-11
16,0.001,3.2945e-12,9.015e-12
16,0.001,1.5289e-12,4.7073e-12
16,0.001,3.4195e-12,9.8144e-12
16,0.001,0.00023215,0.00056557
16,0.001,1.7386e-05,0.00011325
16,0.001,1.7386e-05,0.00011325
16,0.001,5.5905e-06,3.6918e-05
16,0.001,1.8143e-07,1.1874e-06
16,6.9013,90.152,4515.9
16,6.9013,6.0121e+10,3.0166e+12
16,6.9013,88.716,4476.4
16,6.9013,1.0355e-08,5.2229e-07
16,6.9013,89.282,4502
16,6.9013,25.509,1285.9
16,6.9013,69.867,3524.2
16,6.9013,77.871,3928
16,6.9013,77.871,3928
16,6.9013,78.654,3967.6
16,0.001,4.717e-12,1.4122e-11
16,0.001,8.7685e-09,2.3268e-08
16,0.001,8.7685e-09,2.3268e-08
16,0.001,0.062399,0.17935
16,0.001,3.1622,8.3414
16,0.001,3.1622,8.3414
16,0.001,3.1622,8.3414
16,0.001,3.1622,8.3414
16,0.001,16.235,127.37
16,0.001,0.0013526,0.0038888
16,6.9013,96.68,13922
16,6.9013,90.487,5462
16,6.9013,1.4263e+08,8.148e+10
16,6.9013,81.874,4129.9
16,6.9013,5.1516e-10,3.5501e-08
16,0.001,1.566e-12,5.4623e-12
16,0.001,5.3974e-13,3.1974e-12
16,0.001,16.235,127.37
16,0.001,16.235,127.37
16,0.001,5.3974e-13,3.1974e-12
16,0.001,0.073396,0.20734
16,0.001,0.7924,2.215
16,0.001,0.033694,0.095089
16,0.001,0.00056826,0.0016038
16,6.9013,84.27,4238.3
16,6.9013,96.68,13922
16,6.9013,96.68,13922
16,6.9013,96.68,13922
16,6.9013,96.68,13922
16,6.9013,3.5843e-09,1.8557e-07
16,6.9013,1.0355e-08,5.2229e-07
16,6.9013,87.993,4438.5
16,6.9013,87.993,4438.5
16,6.9013,87.993,4438.5
16,6.9013,8.8018e-09,2.1474e-06
16,6.9013,8.8018e-09,2.1474e-06
16,6.9013,89.559,4529.6
16,6.9013,5.9408e-09,3.0975e-07
16,6.9013,5.9045e-09,3.1333e-07
16,6.9013,8.8018e-09,2.1474e-06
16,6.9013,0.015788,0.80929
16,6.9013,93.441,4704.3
16,6.9013,0.046744,2.4585
16,6.9013,93.552,4711
16,6.9013,0.30011,19.698
16,6.9013,0.046744,2.4585
16,0.27909,0.28013,18.694
16,0.27909,0.0057718,0.48925
16,0.27909,0.0057718,0.48925
16,0.27909,6.0977e-06,0.00033776
16,0.27909,0.00014914,0.009574
16,0.001,27.815,202.75
16,0.001,0.0003782,0.001135
16,0.001,28.104,204.47
16,0.001,28.104,204.47
16,0.001,28.104,204.47
16,0.001,0.020606,0.061561
16,0.001,3.3987,9.9538
16,0.001,12.433,34.949
16,0.001,1.5131,4.3629
16,0.001,4.9461,14.798
16,0.001,1.5131,4.3629
16,0.001,0.24223,0.81071
16,0.001,0.24223,0.81071
16,0.001,0.24223,0.81071
16,0.001,0.24223,0.81071
16,0.001,0.24223,0.81071
16,0.001,0.14592,0.41055
16,0.001,27.92,203
16,0.001,28.104,204.47
16,0.001,27.92,203
16,0.001,27.92,203
16,0.001,27.92,203
16,0.001,27.92,203
16,0.001,27.92,203
16,0.001,27.92,203
16,0.001,27.92,203
16,0.001,27.92,203
16,0.001,27.92,203
16,0.001,27.92,203
16,0.001,27.92,203
16,0.001,27.92,203
16,0.001,27.92,203
16,0.001,27.92,203
16,0.001,NaN,NaN
16,0.001,27.815,202.75
16,0.001,27.815,202.75
16,0.001,27.815,202.75
16,0.001,28.104,204.47
16,0.001,28.104,204.47
16,0.001,27.702,202.23
16,0.001,28.104,204.47
16,0.001,27.815,202.75
16,0.001,27.815,202.75
16,0.001,27.815,202.75
16,0.001,46.897,309.52
16,0.001,46.897,3095.2
16,0.001,46.897,619.04
16,0.001,46.897,619.04
16,0.001,46.897,619.04
16,0.001,46.897,619.04
16,0.001,46.897,619.04
16,0.001,1.0934,6.3721
16,0.001,0.73884,4.2833
16,0.001,0.73884,4.2833
16,0.001,0.73884,4.2833
16,0.001,1.0934,6.3721
16,0.001,0.72533,4.2104
16,0.001,0.36402,2.1048
16,0.001,0.36402,2.1048
16,0.001,0.13827,0.79088
16,0.001,0.13827,0.79088
16,0.001,4.7702e+17,5.5099e+19
16,0.001,0.24222,1.6214
16,0.1977,0.074603,5.4966
16,0.001,0.22198,1.27
16,0.001,10.006,153.61
16,0.001,0.22198,1.27
16,0.001,0.24222,1.6214
16,0.001,0.12755,0.70663
16,0.001,0.37324,1.7585
16,0.001,0.37324,1.7585
16,0.001,0.37324,1.7585
16,0.001,0.20697,1.033
16,0.001,0.0064666,0.044936
16,0.001,13.357,118.83
16,0.001,13.95,337.32
16,0.001,10.907,118.83
16,0.001,0.0052801,0.044936
16,0.001,0.0052801,0.044936
16,0.27909,0.1558,7.0066
16,0.27909,17.786,2042.2
16,0.27909,0.1558,7.0066
16,0.001,0.022468,0.16507
16,0.001,0.022468,0.16507
16,0.001,0.0052801,0.044936
16,0.001,0.022468,0.16507
16,0.001,0.0052801,0.044936
16,0.001,0.0052801,0.044936
16,0.001,0.022468,0.16507
16,0.001,0.0052801,0.044936
16,0.001,0.022468,0.16507
16,0.001,10.907,118.83
16,0.001,10.907,118.83
16,0.001,0.0052801,0.044936
16,0.001,3.2647e-12,2.8777e-11
16,0.001,0.022468,0.16507
16,0.001,2.5825e-06,1.5679e-05
16,0.001,0.00018715,0.0011134
16,0.001,2.5825e-06,1.5679e-05
16,0.001,0.00018715,0.0011134
16,0.001,3.2647e-12,2.8777e-11
16,0.001,0.00018715,0.0011134
16,0.001,0.00018715,0.0011134
16,0.001,2.5825e-06,1.5679e-05
16,0.001,2.5825e-06,1.5679e-05
16,0.001,2.5825e-06,1.5679e-05
16,0.001,0.0066043,0.039007
16,0.001,0.27102,1.6034
16,0.001,10.907,118.83
16,0.001,10.907,118.83
16,0.001,10.907,118.83
16,0.001,10.907,118.83
16,0.001,10.907,118.83
16,0.001,11.421,337.32
16,0.001,11.421,337.32
16,0.001,10.907,118.83
16,0.001,10.907,118.83
16,0.001,10.907,118.83
16,0.001,10.907,118.83
16,0.27909,17.786,2042.2
16,0.47166,17.786,2042.2
16,6.9013,0.53237,126.62
16,0.067393,0.53237,126.62
16,6.9013,0.53237,126.62
16,0.067393,0.53237,126.62
16,6.9013,0.53237,126.62
16,0.067393,0.53237,126.62
16,0.001,10.907,118.83
16,0.001,10.907,118.83
16,0.001,10.907,118.83
16,0.001,10.907,118.83
16,0.001,10.907,118.83
16,0.001,10.907,118.83
16,0.001,10.907,118.83
16,0.001,0.022468,0.16507
16,0.001,0.0052801,0.044936
16,0.001,0.0052801,0.044936
16,0.001,1.392,8.4771
16,6.9013,3.5366e-05,0.0086899
16,6.9013,3.5366e-05,0.0086899
16,6.9013,3.5366e-05,0.0086899
16,0.001,1.392,8.4771
16,0.001,1.392,8.4771
16,0.001,1.392,8.4771
16,0.001,1.392,8.4771
16,0.001,1.392,8.4771
16,0.001,10.907,118.83
16,0.001,10.907,118.83
16,0.001,11.407,337.32
16,0.001,46.087,525.99
16,0.001,11.06,334.6
16,0.001,NaN,0
16,0.001,NaN,0
16,0.001,NaN,0
16,0.001,36.447,379.77
16,0.001,2.3943,15.29
16,0.001,2.3943,15.29
16,0.001,NaN,NaN
16,0.001,NaN,NaN
16,0.001,3.0347,25.908
16,0.001,NaN,0
16,0.001,0.72315,4.4346
16,0.001,2.6786,16.028
16,0.001,2.6786,16.028
16,0.001,0,0
16,0.001,2.6786,16.028
16,0.001,2.6786,16.028
16,0.001,2.6786,16.028
16,0.001,0.72315,4.4346
16,6.9013,0.0077736,1.5679
16,6.9013,5.4517,18192
16,6.9013,5.4533,18188
16,0.001,10.639,330.3
16,0.001,10.639,330.3
16,0.001,10.639,330.3
16,0.001,10.639,330.3
16,0.001,10.123,115.06
16,0.001,1.2252,7.3448
16,0.001,1.2252,7.3448
16,0.001,0.0017392,0.025341
16,6.9013,0.0030925,0.71474
16,0.001,0.11982,0.73255
16,0.001,0.0017392,0.025341
16,6.9013,0.0030925,0.71474
16,0.001,0.39723,2.4298
16,0.001,0.0017392,0.025341
16,0.001,0.0052801,0.044936
16,6.9013,1.4926e-05,0.003608
16,6.9013,0.0087447,1.7176
16,6.9013,0.0004878,0.33856
16,0.001,1.392,8.4771
16,0.001,1.392,8.4771
16,0.55741,4.3572,18.678
16,0.55741,4.3572,18.678
16,0.55741,4.3572,18.678
16,0.55741,4.3572,18.678
16,0.55741,11.56,32.875
16,0.55741,1621,7946.7
16,0.55741,11.56,32.875
16,0.55741,11.56,32.875
16,0.55741,1.6012e+06,1.6024e+07
16,0.55741,11.56,32.875
16,0.55741,4.3572,18.678
16,0.55741,93.979,265.56
9,0.55741,49.936,193.48
9,0.55741,55.136,194.63
9,0.55741,49.936,193.48
9,0.55741,51.988,193
9,0.55741,49.936,193.48
9,0.55741,0.00028693,0.00035809
9,0.55741,0.00028693,0.00035809
22,0.55741,1.5825e-07,3.7376e-06
22,0.55741,266.24,6286
14,0.55741,83.453,1372.6
14,0.55741,83.453,1372.6
92,0.55741,2417.7,31225
44,0.55741,69.653,534.16
4,0.55741,59.17,77.944
25,0.55741,126.04,308.05
25,0.55741,156.09,423.97
25,0.55741,0.0016519,0.0038128
25,0.55741,126.04,308.05
25,0.55741,148.56,356.36
25,0.55741,80.095,189.78
25,0.64105,19.786,1.7792e+05
25,0.64105,19.786,1.7792e+05
9,0.001,10.906,124.79
9,0.001,10.906,124.79
9,0.001,9.1148e-06,0.00015061
9,6.9013,1.0754e-08,3.0072e-06
14,10,NaN,NaN
9,0.001,0.0013291,0.0078562
9,0.001,0.00048621,0.0028018
9,0.001,0.00048621,0.0028018
9,0.001,0.00048621,0.0028018
9,0.001,0.00048621,0.0028018
9,0.001,0.00048621,0.0028018
9,0.001,0.00048621,0.0028018
9,0.001,0.00048621,0.0028018
9,0.001,0.00048621,0.0028018
9,0.001,0.00048621,0.0028018
9,0.001,NaN,NaN
9,0.001,0.00048621,0.0028018
9,0.001,7.0323e-05,0.00061815
9,0.001,1.3632e-08,7.9754e-08
9,0.001,9.2904e-10,6.2947e-09
9,0.001,1.1899e-08,6.8431e-08
9,0.001,0.00048621,0.0028018
9,0.001,0.00033428,0.0019583
9,0.001,2.3685e-05,0.00016672
9,0.001,2.3434e-09,1.362e-08
9,0.001,0.00068745,0.0039608
9,0.001,0.00062324,0.0036463
9,0.001,0.00048621,0.0028018
9,0.001,0.00033428,0.0019583
9,0.001,2.3685e-05,0.00016672
9,0.001,2.3434e-09,1.362e-08
9,0.001,0.00068745,0.0039608
9,0.001,0.00062324,0.0036463
9,0.001,0.0016214,0.0092582
9,0.001,0.0013729,0.0080048
9,0.001,1.3832e-09,7.906e-09
9,0.001,0.0004022,0.0027113
9,0.001,0.00046332,0.0028473
9,0.001,0.00098669,0.0057619
9,0.001,3.0275e-09,1.7577e-08
9,0.001,0.0001901,0.0014043
9,0.001,1.2118e-08,6.9776e-08
9,0.001,0.00036787,0.002149
9,0.001,0.0012371,0.0071773
9,0.001,6.5232e-09,3.7928e-08
9,0.001,0.00015388,0.00099454
9,0.001,0.00073249,0.00424
9,0.001,6.3297e-10,5.0025e-09
9,0.001,0.00039686,0.0022867
9,0.001,9.0517e-08,5.2138e-07
9,0.001,1.4697e-08,8.8154e-08
9,0.001,8.5325e-09,7.1041e-08
9,0.001,3.8862e-08,2.3764e-07
9,0.001,4.1569e-08,2.8022e-07
9,0.001,1.3695e-09,2.9183e-08
9,0.001,9.4412e-09,8.1056e-08
9,0.001,5.2328e-09,5.7548e-08
9,0.001,2.162e-08,1.5218e-07
9,0.001,4.2527e-08,3.1538e-07
9,0.001,6.5488e-08,4.6731e-07
9,0.001,6.2965e-07,3.6159e-06
9,0.001,6.2229e-08,3.8691e-07
9,0.001,9.2286e-08,6.0867e-07
9,0.001,1.1837e-07,8.0858e-07
9,0.001,7.0704e-08,5.1564e-07
9,0.001,4.017e-08,3.0544e-07
9,0.001,2.0467e-08,2.6992e-07
9,0.001,1.4406e-07,1.056e-06
9,0.001,1.8753e-06,1.0705e-05
9,0.001,1.2081e-07,1.0384e-06
9,0.001,2.0315e-09,2.3361e-08
9,0.001,1.7703e-08,2.3816e-07
9,0.001,1.8896e-07,1.5078e-06
9,0.001,6.4578e-08,4.9535e-07
9,0.001,1.3136e-07,1.0685e-06
9,0.001,1.7063e-07,1.4283e-06
9,0.001,1.6995e-06,1.1061e-05
9,0.001,9.5226e-07,5.9005e-06
9,0.001,2.5625e-06,1.4975e-05
9,0.001,4.1788e-07,3.8889e-06
9,0.001,2.0073e-06,1.4394e-05
9,0.001,2.4599e-06,1.5016e-05
9,0.001,2.1752e-06,1.3433e-05
9,0.001,1.0387e-05,6.3235e-05
9,0.001,1.9173e-07,1.8171e-06
9,0.001,1.146e-06,6.9444e-06
9,0.001,6.5903e-08,1.3753e-06
9,0.001,3.5882e-07,4.8955e-06
9,0.001,9.0192e-07,6.3906e-06
9,0.001,4.1351e-06,2.673e-05
9,0.001,4.559e-07,4.5808e-06
9,0.001,5.7171e-06,3.6975e-05
9,0.001,3.3207e-06,1.9303e-05
9,0.001,8.2764e-06,5.6262e-05
9,0.001,4.5371e-06,2.8093e-05
9,0.001,4.1889e-06,2.3598e-05
9,0.001,3.067e-06,2.1203e-05
9,0.001,1.367e-06,1.2326e-05
9,0.001,1.5774e-06,1.206e-05
9,0.001,9.6136e-06,5.5139e-05
9,0.001,4.9154e-06,2.8268e-05
9,0.001,1.0856e-05,6.2265e-05
9,0.001,3.4664e-06,2.1794e-05
9,0.001,3.5893e-06,2.8571e-05
9,0.001,9.185e-06,5.433e-05
9,0.001,4.6148e-07,9.9839e-06
9,0.001,2.3151e-07,4.725e-06
9,0.001,5.9298e-05,0.00034997
9,0.001,1.0109e-05,7.1492e-05
9,0.001,1.886e-05,0.00012542
9,0.001,5.3852e-05,0.00030733
9,0.001,2.0385e-06,2.1272e-05
9,0.001,1.1784e-05,7.5027e-05
9,0.001,2.5167e-05,0.00015381
9,0.001,1.4514e-05,0.00011771
9,0.001,0.00011193,0.00066494
9,0.001,0.00048621,0.0028018
9,0.001,0.00033428,0.0019583
9,0.001,2.3685e-05,0.00016672
9,0.001,2.3434e-09,1.362e-08
9,0.001,0.00068745,0.0039608
9,0.001,0.00062324,0.0036463
9,0.001,0.0016214,0.0092582
9,0.001,0.0013729,0.0080048
9,0.001,1.3832e-09,7.906e-09
9,0.001,0.0004022,0.0027113
9,0.001,0.00046332,0.0028473
9,0.001,0.00098669,0.0057619
9,0.001,3.0275e-09,1.7577e-08
9,0.001,0.0001901,0.0014043
9,0.001,1.2118e-08,6.9776e-08
9,0.001,0.00036787,0.002149
9,0.001,0.0012371,0.0071773
9,0.001,6.5232e-09,3.7928e-08
9,0.001,0.00015388,0.00099454
9,0.001,0.00073249,0.00424
9,0.001,6.3297e-10,5.0025e-09
9,0.001,0.00039686,0.0022867
9,0.001,9.0517e-08,5.2138e-07
9,0.001,1.4697e-08,8.8154e-08
9,0.001,8.5325e-09,7.1041e-08
9,0.001,3.8862e-08,2.3764e-07
9,0.001,4.1569e-08,2.8022e-07
9,0.001,1.3695e-09,2.9183e-08
9,0.001,9.4412e-09,8.1056e-08
9,0.001,5.2328e-09,5.7548e-08
9,0.001,2.162e-08,1.5218e-07
9,0.001,4.2527e-08,3.1538e-07
9,0.001,6.5488e-08,4.6731e-07
9,0.001,6.2965e-07,3.6159e-06
9,0.001,6.2229e-08,3.8691e-07
9,0.001,9.2286e-08,6.0867e-07
9,0.001,1.1837e-07,8.0858e-07
9,0.001,7.0704e-08,5.1564e-07
9,0.001,4.017e-08,3.0544e-07
9,0.001,2.0467e-08,2.6992e-07
9,0.001,1.4406e-07,1.056e-06
9,0.001,1.8753e-06,1.0705e-05
9,0.001,1.2081e-07,1.0384e-06
9,0.001,2.0315e-09,2.3361e-08
9,0.001,1.7703e-08,2.3816e-07
9,0.001,1.8896e-07,1.5078e-06
9,0.001,6.4578e-08,4.9535e-07
9,0.001,1.3136e-07,1.0685e-06
9,0.001,1.7063e-07,1.4283e-06
9,0.001,1.6995e-06,1.1061e-05
9,0.001,9.5226e-07,5.9005e-06
9,0.001,2.5625e-06,1.4975e-05
9,0.001,4.1788e-07,3.8889e-06
9,0.001,2.0073e-06,1.4394e-05
9,0.001,2.4599e-06,1.5016e-05
9,0.001,2.1752e-06,1.3433e-05
9,0.001,1.0387e-05,6.3235e-05
9,0.001,1.9173e-07,1.8171e-06
9,0.001,1.146e-06,6.9444e-06
9,0.001,6.5903e-08,1.3753e-06
9,0.001,3.5882e-07,4.8955e-06
9,0.001,9.0192e-07,6.3906e-06
9,0.001,4.1351e-06,2.673e-05
9,0.001,4.559e-07,4.5808e-06
9,0.001,5.7171e-06,3.6975e-05
9,0.001,3.3207e-06,1.9303e-05
9,0.001,8.2764e-06,5.6262e-05
9,0.001,4.5371e-06,2.8093e-05
9,0.001,4.1889e-06,2.3598e-05
9,0.001,3.067e-06,2.1203e-05
9,0.001,1.367e-06,1.2326e-05
9,0.001,1.5774e-06,1.206e-05
9,0.001,9.6136e-06,5.5139e-05
9,0.001,4.9154e-06,2.8268e-05
9,0.001,1.0856e-05,6.2265e-05
9,0.001,3.4664e-06,2.1794e-05
9,0.001,3.5893e-06,2.8571e-05
9,0.001,9.185e-06,5.433e-05
9,0.001,4.6148e-07,9.9839e-06
9,0.001,2.3151e-07,4.725e-06
9,0.001,5.9298e-05,0.00034997
9,0.001,1.0109e-05,7.1492e-05
9,0.001,1.886e-05,0.00012542
9,0.001,5.3852e-05,0.00030733
9,0.001,2.0385e-06,2.1272e-05
9,0.001,1.1784e-05,7.5027e-05
9,0.001,2.5167e-05,0.00015381
9,0.001,1.4514e-05,0.00011771
9,0.001,0.00011193,0.00066494
9,0.001,0.00048621,0.0028018
9,0.001,0.00033428,0.0019583
9,0.001,2.3685e-05,0.00016672
9,0.001,2.3434e-09,1.362e-08
9,0.001,0.00068745,0.0039608
9,0.001,0.00062324,0.0036463
9,0.001,0.0016214,0.0092582
9,0.001,0.0013729,0.0080048
9,0.001,1.3832e-09,7.906e-09
9,0.001,0.0004022,0.0027113
9,0.001,0.00046332,0.0028473
9,0.001,0.00098669,0.0057619
9,0.001,3.0275e-09,1.7577e-08
9,0.001,0.0001901,0.0014043
9,0.001,1.2118e-08,6.9776e-08
9,0.001,0.00036787,0.002149
9,0.001,0.0012371,0.0071773
9,0.001,6.5232e-09,3.7928e-08
9,0.001,0.00015388,0.00099454
9,0.001,0.00073249,0.00424
9,0.001,6.3297e-10,5.0025e-09
9,0.001,0.00039686,0.0022867
9,0.001,9.0517e-08,5.2138e-07
9,0.001,1.4697e-08,8.8154e-08
9,0.001,8.5325e-09,7.1041e-08
9,0.001,3.8862e-08,2.3764e-07
9,0.001,4.1569e-08,2.8022e-07
9,0.001,1.3695e-09,2.9183e-08
9,0.001,9.4412e-09,8.1056e-08
9,0.001,5.2328e-09,5.7548e-08
9,0.001,2.162e-08,1.5218e-07
9,0.001,4.2527e-08,3.1538e-07
9,0.001,6.5488e-08,4.6731e-07
9,0.001,6.2965e-07,3.6159e-06
9,0.001,6.2229e-08,3.8691e-07
9,0.001,9.2286e-08,6.0867e-07
9,0.001,1.1837e-07,8.0858e-07
9,0.001,7.0704e-08,5.1564e-07
9,0.001,4.017e-08,3.0544e-07
9,0.001,2.0467e-08,2.6992e-07
9,0.001,1.4406e-07,1.056e-06
9,0.001,1.8753e-06,1.0705e-05
9,0.001,1.2081e-07,1.0384e-06
9,0.001,2.0315e-09,2.3361e-08
9,0.001,1.7703e-08,2.3816e-07
9,0.001,1.8896e-07,1.5078e-06
9,0.001,6.4578e-08,4.9535e-07
9,0.001,1.3136e-07,1.0685e-06
9,0.001,1.7063e-07,1.4283e-06
9,0.001,1.6995e-06,1.1061e-05
9,0.001,9.5226e-07,5.9005e-06
9,0.001,2.5625e-06,1.4975e-05
9,0.001,4.1788e-07,3.8889e-06
9,0.001,2.0073e-06,1.4394e-05
9,0.001,2.4599e-06,1.5016e-05
9,0.001,2.1752e-06,1.3433e-05
9,0.001,1.0387e-05,6.3235e-05
9,0.001,1.9173e-07,1.8171e-06
9,0.001,1.146e-06,6.9444e-06
9,0.001,6.5903e-08,1.3753e-06
9,0.001,3.5882e-07,4.8955e-06
9,0.001,9.0192e-07,6.3906e-06
9,0.001,4.1351e-06,2.673e-05
9,0.001,4.559e-07,4.5808e-06
9,0.001,5.7171e-06,3.6975e-05
9,0.001,3.3207e-06,1.9303e-05
9,0.001,8.2764e-06,5.6262e-05
9,0.001,4.5371e-06,2.8093e-05
9,0.001,4.1889e-06,2.3598e-05
9,0.001,3.067e-06,2.1203e-05
9,0.001,1.367e-06,1.2326e-05
9,0.001,1.5774e-06,1.206e-05
9,0.001,9.6136e-06,5.5139e-05
9,0.001,4.9154e-06,2.8268e-05
9,0.001,1.0856e-05,6.2265e-05
9,0.001,3.4664e-06,2.1794e-05
9,0.001,3.5893e-06,2.8571e-05
9,0.001,9.185e-06,5.433e-05
9,0.001,0.00048621,0.0028018
9,0.001,0.00033428,0.0019583
9,0.001,2.3685e-05,0.00016672
9,0.001,2.3434e-09,1.362e-08
9,0.001,0.00068745,0.0039608
9,0.001,0.00062324,0.0036463
9,0.001,0.0016214,0.0092582
9,0.001,0.0013729,0.0080048
9,0.001,1.3832e-09,7.906e-09
9,0.001,0.0004022,0.0027113
9,0.001,0.00046332,0.0028473
9,0.001,0.00098669,0.0057619
9,0.001,3.0275e-09,1.7577e-08
9,0.001,0.0001901,0.0014043
9,0.001,1.2118e-08,6.9776e-08
9,0.001,0.00036787,0.002149
9,0.001,0.0012371,0.0071773
9,0.001,6.5232e-09,3.7928e-08
9,0.001,0.00015388,0.00099454
9,0.001,0.00073249,0.00424
9,0.001,6.3297e-10,5.0025e-09
9,0.001,0.00039686,0.0022867
9,0.001,9.0517e-08,5.2138e-07
9,0.001,1.4697e-08,8.8154e-08
9,0.001,8.5325e-09,7.1041e-08
9,0.001,3.8862e-08,2.3764e-07
9,0.001,4.1569e-08,2.8022e-07
9,0.001,1.3695e-09,2.9183e-08
9,0.001,9.4412e-09,8.1056e-08
9,0.001,5.2328e-09,5.7548e-08
9,0.001,2.162e-08,1.5218e-07
9,0.001,4.2527e-08,3.1538e-07
9,0.001,6.5488e-08,4.6731e-07
9,0.001,6.2965e-07,3.6159e-06
9,0.001,6.2229e-08,3.8691e-07
9,0.001,9.2286e-08,6.0867e-07
9,0.001,1.1837e-07,8.0858e-07
9,0.001,7.0704e-08,5.1564e-07
9,0.001,4.017e-08,3.0544e-07
9,0.001,2.0467e-08,2.6992e-07
9,0.001,1.4406e-07,1.056e-06
9,0.001,1.8753e-06,1.0705e-05
9,0.001,1.2081e-07,1.0384e-06
9,0.001,2.0315e-09,2.3361e-08
9,0.001,1.7703e-08,2.3816e-07
9,0.001,1.8896e-07,1.5078e-06
9,0.001,6.4578e-08,4.9535e-07
9,0.001,1.3136e-07,1.0685e-06
9,0.001,1.7063e-07,1.4283e-06
9,0.001,1.6995e-06,1.1061e-05
9,0.001,9.5226e-07,5.9005e-06
9,0.001,2.5625e-06,1.4975e-05
9,0.001,4.1788e-07,3.8889e-06
9,0.001,2.0073e-06,1.4394e-05
9,0.001,2.4599e-06,1.5016e-05
9,0.001,2.1752e-06,1.3433e-05
9,0.001,1.0387e-05,6.3235e-05
9,0.001,1.9173e-07,1.8171e-06
9,0.001,1.146e-06,6.9444e-06
9,0.001,6.5903e-08,1.3753e-06
9,0.001,3.5882e-07,4.8955e-06
9,0.001,9.0192e-07,6.3906e-06
9,0.001,4.1351e-06,2.673e-05
9,0.001,4.559e-07,4.5808e-06
9,0.001,5.7171e-06,3.6975e-05
9,0.001,3.3207e-06,1.9303e-05
9,0.001,8.2764e-06,5.6262e-05
9,0.001,4.5371e-06,2.8093e-05
9,0.001,4.1889e-06,2.3598e-05
9,0.001,3.067e-06,2.1203e-05
9,0.001,1.367e-06,1.2326e-05
9,0.001,1.5774e-06,1.206e-05
9,0.001,9.6136e-06,5.5139e-05
9,0.001,4.9154e-06,2.8268e-05
9,0.001,1.0856e-05,6.2265e-05
9,0.001,3.4664e-06,2.1794e-05
9,0.001,3.5893e-06,2.8571e-05
9,0.001,9.185e-06,5.433e-05
9,0.001,4.6148e-07,9.9839e-06
9,0.001,2.3151e-07,4.725e-06
9,0.001,5.9298e-05,0.00034997
9,0.001,1.0109e-05,7.1492e-05
9,0.001,1.886e-05,0.00012542
9,0.001,5.3852e-05,0.00030733
9,0.001,2.0385e-06,2.1272e-05
9,0.001,1.1784e-05,7.5027e-05
9,0.001,2.5167e-05,0.00015381
9,0.001,1.4514e-05,0.00011771
9,0.001,0.00011193,0.00066494
9,0.001,0.00048621,0.0028018
9,0.001,0.00033428,0.0019583
9,0.001,2.3685e-05,0.00016672
9,0.001,2.3434e-09,1.362e-08
9,0.001,0.00068745,0.0039608
9,0.001,0.00062324,0.0036463
9,0.001,0.0016214,0.0092582
9,0.001,0.0013729,0.0080048
9,0.001,1.3832e-09,7.906e-09
9,0.001,0.0004022,0.0027113
9,0.001,0.00046332,0.0028473
9,0.001,0.00098669,0.0057619
9,0.001,3.0275e-09,1.7577e-08
9,0.001,0.0001901,0.0014043
9,0.001,1.2118e-08,6.9776e-08
9,0.001,0.00036787,0.002149
9,0.001,0.0012371,0.0071773
9,0.001,6.5232e-09,3.7928e-08
9,0.001,0.00015388,0.00099454
9,0.001,0.00073249,0.00424
9,0.001,6.3297e-10,5.0025e-09
9,0.001,0.00039686,0.0022867
9,0.001,9.0517e-08,5.2138e-07
9,0.001,1.4697e-08,8.8154e-08
9,0.001,8.5325e-09,7.1041e-08
9,0.001,3.8862e-08,2.3764e-07
9,0.001,4.1569e-08,2.8022e-07
9,0.001,1.3695e-09,2.9183e-08
9,0.001,9.4412e-09,8.1056e-08
9,0.001,5.2328e-09,5.7548e-08
9,0.001,2.162e-08,1.5218e-07
9,0.001,4.2527e-08,3.1538e-07
9,0.001,6.5488e-08,4.6731e-07
9,0.001,6.2965e-07,3.6159e-06
9,0.001,6.2229e-08,3.8691e-07
9,0.001,9.2286e-08,6.0867e-07
9,0.001,1.1837e-07,8.0858e-07
9,0.001,7.0704e-08,5.1564e-07
9,0.001,4.017e-08,3.0544e-07
9,0.001,2.0467e-08,2.6992e-07
9,0.001,1.4406e-07,1.056e-06
9,0.001,1.8753e-06,1.0705e-05
9,0.001,1.2081e-07,1.0384e-06
9,0.001,2.0315e-09,2.3361e-08
9,0.001,1.7703e-08,2.3816e-07
9,0.001,1.8896e-07,1.5078e-06
9,0.001,6.4578e-08,4.9535e-07
9,0.001,1.3136e-07,1.0685e-06
9,0.001,1.7063e-07,1.4283e-06
9,0.001,1.6995e-06,1.1061e-05
9,0.001,9.5226e-07,5.9005e-06
9,0.001,2.5625e-06,1.4975e-05
9,0.001,4.1788e-07,3.8889e-06
9,0.001,2.0073e-06,1.4394e-05
9,0.001,2.4599e-06,1.5016e-05
9,0.001,2.1752e-06,1.3433e-05
9,0.001,1.0387e-05,6.3235e-05
9,0.001,1.9173e-07,1.8171e-06
9,0.001,1.146e-06,6.9444e-06
9,0.001,6.5903e-08,1.3753e-06
9,0.001,3.5882e-07,4.8955e-06
9,0.001,9.0192e-07,6.3906e-06
9,0.001,4.1351e-06,2.673e-05
9,0.001,4.559e-07,4.5808e-06
9,0.001,5.7171e-06,3.6975e-05
9,0.001,3.3207e-06,1.9303e-05
9,0.001,8.2764e-06,5.6262e-05
9,0.001,4.5371e-06,2.8093e-05
9,0.001,4.1889e-06,2.3598e-05
9,0.001,3.067e-06,2.1203e-05
9,0.001,1.367e-06,1.2326e-05
9,0.001,1.5774e-06,1.206e-05
9,0.001,9.6136e-06,5.5139e-05
9,0.001,4.9154e-06,2.8268e-05
9,0.001,1.0856e-05,6.2265e-05
9,0.001,3.4664e-06,2.1794e-05
9,0.001,3.5893e-06,2.8571e-05
9,0.001,9.185e-06,5.433e-05
9,0.001,4.6148e-07,9.9839e-06
9,0.001,2.3151e-07,4.725e-06
9,0.001,5.9298e-05,0.00034997
9,0.001,1.0109e-05,7.1492e-05
9,0.001,1.886e-05,0.00012542
9,0.001,5.3852e-05,0.00030733
9,0.001,2.0385e-06,2.1272e-05
9,0.001,1.1784e-05,7.5027e-05
9,0.001,2.5167e-05,0.00015381
9,0.001,1.4514e-05,0.00011771
9,0.001,0.00011193,0.00066494
9,0.001,0.00048621,0.0028018
9,0.001,0.00059765,0.0034484
9,0.001,0.00045552,0.0026264
9,0.001,0.00057699,0.0032729
9,0.001,0.00049322,0.0030034
9,0.001,0.00051631,0.0029582
9,0.001,0.00046746,0.0026906
9,0.001,0.00036028,0.0021138
9,0.001,0.00034345,0.0019964
9,0.001,0.0015144,0.0089071
9,0.001,1.5239e-09,9.6345e-09
9,0.001,0.00027262,0.0016521
9,0.001,0.00011603,0.00071058
9,0.001,1.7832e-05,0.00015029
9,0.001,0.0012626,0.0074321
9,0.001,1.0299e-05,0.00013877
9,0.001,0.00029448,0.0017554
9,0.001,0.00038071,0.0021926
9,0.001,6.1613e-09,3.5858e-08
9,0.001,0.0001231,0.00072124
9,0.001,0.00035773,0.0020834
9,0.001,8.222e-09,5.0009e-08
9,0.001,0.0006536,0.0038219
9,0.001,0.00070311,0.0040943
9,0.001,0.00065677,0.0038322
9,0.001,0.00045768,0.0026939
9,0.001,0.0014444,0.0084336
9,0.001,0.00011483,0.0006696
9,0.001,0.00017313,0.001015
9,0.001,0.00017941,0.0010415
9,0.001,0.00019999,0.0011781
9,0.001,6.4075e-05,0.00043597
9,0.001,0.0005323,0.003114
9,0.001,0.00063475,0.0037169
9,0.001,0.00087267,0.0051329
9,0.001,0.00086266,0.005046
9,0.001,0.0011914,0.0069965
9,0.001,0.0013974,0.0082377
9,0.001,0.001662,0.0098018
9,0.001,0.00093645,0.0055199
9,0.001,0.00094874,0.0056212
9,0.001,0.0010911,0.0064138
9,0.001,0.0014915,0.0087916
9,0.001,0.0015437,0.0090798
9,0.001,0.0015789,0.0092871
9,0.001,0.0015031,0.0088588
9,0.001,0.00091834,0.0054184
9,0.001,0.00087397,0.0051361
9,0.001,0.0009201,0.0054428
9,0.001,0.0017742,0.0104
9,0.001,0.001801,0.010606
9,0.001,0.00086784,0.0051195
9,0.001,0.00086827,0.0051056
9,0.001,0.00087867,0.0051691
9,0.001,0.00083148,0.0049106
9,0.001,0.0009619,0.0056655
9,0.001,0.00088258,0.005201
9,0.001,0.00089138,0.0052584
9,0.001,0.00087878,0.0051901
9,0.001,0.00086144,0.0050912
9,0.001,9.7928e-05,0.00067337
9,0.001,0.00088591,0.0052428
9,0.001,0.00088701,0.0052277
9,0.001,0.00095533,0.0056276
9,0.001,0.00094879,0.0056416
9,0.001,0.00098209,0.0058317
9,0.001,0.00097373,0.0057768
9,0.001,0.0010082,0.0060298
9,0.001,0.0010342,0.0061952
9,0.001,0.0011132,0.0066221
9,0.001,0.0010896,0.0064491
9,0.001,0.0011257,0.00666
9,0.001,0.0011585,0.0068651
9,0.001,0.001254,0.0074024
9,0.001,0.0015127,0.0089416
9,0.001,0.0013718,0.0080764
9,0.001,0.0001373,0.00081371
9,0.001,0.00013895,0.00082099
9,0.001,0.00013871,0.00083599
9,0.001,0.00015992,0.00097735
9,0.001,4.3378e-05,0.00032375
9,0.001,0.00022301,0.0015667
9,0.001,0.00060971,0.0035493
9,0.001,0.00030225,0.0017538
9,0.001,0.00042316,0.0025185
9,0.001,3.5973e-09,2.1176e-08
9,0.001,0.00030468,0.0020176
9,0.001,0.00024077,0.0014528
9,0.001,4.2378e-09,2.4673e-08
9,0.001,2.0942e-08,1.226e-07
9,0.001,0.00033115,0.0019807
9,0.001,0.00015617,0.0011411
9,0.001,5.8909e-05,0.00057281
9,0.001,0.00018854,0.001368
9,0.001,0.00041115,0.0025428
9,0.001,4.2008e-09,2.4225e-08
9,0.001,6.7342e-09,3.9861e-08
9,0.001,0.00039384,0.002473
9,0.001,2.9463e-09,1.7811e-08
9,0.001,7.9989e-09,4.6702e-08
9,0.001,0.00021487,0.0014282
9,0.001,0.0002373,0.0017247
9,0.001,1.0817e-08,6.3317e-08
9,0.001,0.00036116,0.0024607
9,0.001,0.00060843,0.0038257
9,0.001,0.00046256,0.0028185
9,0.001,0.00031964,0.0022404
9,0.001,0.00017072,0.0011721
9,0.001,3.4904e-09,2.1282e-08
9,0.001,0.00028854,0.0020292
9,0.001,0.00079047,0.0048347
9,0.001,9.106e-11,1.9739e-09
9,0.001,5.3931e-09,3.1973e-08
9,0.001,9.02e-09,5.4041e-08
9,0.001,2.0221e-09,1.1896e-08
9,0.001,0.0004041,0.002634
9,0.001,0.00042764,0.0027996
9,0.001,5.1828e-05,0.00055772
9,0.001,4.6275e-05,0.00058863
9,0.001,4.9301e-05,0.00054587
9,0.001,4.2407e-05,0.00044031
9,0.001,3.4018e-05,0.00042708
9,0.001,1.9236e-05,0.0001927
9,0.001,7.1282e-06,0.00011739
9,0.001,1.5285e-05,0.00029457
9,0.001,2.5493e-09,1.5223e-08
9,0.001,3.6401e-05,0.00047605
9,0.001,3.9098e-05,0.00067371
9,0.001,8.3239e-05,0.001157
9,0.001,1.4494e-09,8.7915e-09
9,0.001,3.1005e-05,0.00070028
9,0.001,1.1036e-05,0.00023803
9,0.001,2.6195e-05,0.00054498
9,0.001,3.3264e-05,0.00049118
9,0.001,1.3208e-05,0.00029824
9,0.001,1.228e-05,0.00020993
9,0.001,4.1782e-05,0.0006085
9,0.001,6.1471e-05,0.00080825
9,0.001,5.1521e-05,0.00065124
9,0.001,3.3719e-05,0.00033474
9,0.001,0.00010632,0.00084701
9,0.001,8.4091e-05,0.00051783
9,0.001,6.8668e-09,4.0588e-08
9,0.001,6.282e-05,0.00057322
9,0.001,9.42e-05,0.0008477
9,0.001,2.3672e-05,0.00025255
9,0.001,0.00010021,0.0010141
9,0.001,9.2256e-05,0.00083535
9,0.001,2.5094e-05,0.00028051
9,0.001,8.1735e-05,0.00074908
9,0.001,0.00032798,0.002212
9,0.001,7.9892e-05,0.00071875
9,0.001,8.2021e-05,0.00074928
9,0.001,8.2919e-05,0.00079894
9,0.001,7.7191e-05,0.00068956
9,0.001,7.9653e-05,0.00073825
9,0.001,0.00028535,0.0017487
9,0.001,0.00027993,0.0019591
9,0.001,7.0366e-05,0.0005914
9,0.001,0.00025932,0.0016479
9,0.001,7.1399e-05,0.00056681
9,0.001,7.1025e-05,0.0005832
9,0.001,7.5571e-05,0.00069518
9,0.001,7.1496e-05,0.00062988
9,0.001,0.00025303,0.001849
9,0.001,6.6449e-05,0.00056645
9,0.001,6.8188e-05,0.00057265
9,0.001,0.00024198,0.0018239
9,0.001,0.00022294,0.0014415
9,0.001,0.00022617,0.0015322
9,0.001,0.00065698,0.0040227
9,0.001,0.00062852,0.0038693
9,0.001,0.00063037,0.0037941
9,0.001,0.00062734,0.0036699
9,0.001,0.00061819,0.0038407
9,0.001,0.000217,0.0014252
9,0.001,0.00022338,0.0015916
9,0.001,6.2886e-05,0.00048453
9,0.001,0.00022197,0.0016232
9,0.001,0.00021525,0.0014579
9,0.001,0.00021147,0.0013464
9,0.001,0.00056096,0.0034626
9,0.001,0.00021281,0.001593
9,0.001,0.00020445,0.0013627
9,0.001,0.0014389,0.0083598
9,0.001,0.00020421,0.0013325
9,0.001,0.00055295,0.0034333
9,0.001,0.00054264,0.0031059
9,0.001,0.0014398,0.0082948
9,0.001,0.00053939,0.0031916
9,0.001,0.00052765,0.0032919
9,0.001,0.00020142,0.0013802
9,0.001,0.0002016,0.0013886
9,0.001,0.00020097,0.0013437
9,0.001,0.00053114,0.0031353
9,0.001,0.00020108,0.0013093
9,0.001,0.00020529,0.0013519
9,0.001,0.00058757,0.0036054
9,0.001,0.00020105,0.0013102
9,0.001,0.00020649,0.0016446
9,0.001,6.7296e-05,0.000513
9,0.001,0.00020548,0.0014254
9,0.001,0.0002066,0.0015042
9,0.001,6.4762e-05,0.00054298
9,0.001,0.00021311,0.0014906
9,0.001,0.00054652,0.0033968
9,0.001,0.00020831,0.0013425
9,0.001,0.00055118,0.003366
9,0.001,0.0002128,0.0014186
9,0.001,0.00020965,0.0014016
9,0.001,0.00056148,0.0034818
9,0.001,0.00055869,0.0033736
9,0.001,0.00055077,0.0033191
9,0.001,0.00055712,0.0033747
9,0.001,0.0005666,0.0034396
9,0.001,0.00057647,0.0034641
9,0.001,0.0005728,0.003368
9,0.001,0.00057775,0.003368
9,0.001,0.00058621,0.0034536
9,0.001,0.00060945,0.0036956
9,0.001,0.00061609,0.003814
9,0.001,0.00023051,0.0014697
9,0.001,0.00022342,0.0014522
9,0.001,0.00059675,0.0035743
9,0.001,0.00066107,0.0038735
9,0.001,0.00063289,0.0036034
9,0.001,0.00064348,0.0036272
9,0.001,0.00063469,0.0038381
9,0.001,0.00062766,0.0037309
9,0.001,0.00024998,0.0015984
9,0.001,0.00023864,0.0015369
9,0.001,0.00023355,0.0015959
9,0.001,0.00059188,0.0034123
9,0.001,0.00060718,0.0035727
9,0.001,0.00023912,0.0017721
9,0.001,0.00024142,0.0017832
9,0.001,0.00024281,0.0015913
9,0.001,0.00024861,0.0015789
9,0.001,0.0014781,0.0084371
9,0.001,0.00063153,0.0037065
9,0.001,0.00023955,0.001502
9,0.001,0.00062181,0.0038417
9,0.001,0.00024576,0.001615
9,0.001,0.00024326,0.001548
9,0.001,0.00062784,0.0037848
9,0.001,0.00062062,0.0036978
9,0.001,0.00024639,0.0015506
9,0.001,0.0002462,0.0016064
9,0.001,0.00024785,0.0017912
9,0.001,0.00025927,0.0018516
9,0.001,0.00026002,0.0018292
9,0.001,0.00025523,0.0017654
9,0.001,0.0002521,0.0016902
9,0.001,0.00025491,0.0017657
9,0.001,0.00025143,0.0017083
9,0.001,0.00025537,0.0016503
9,0.001,0.00062296,0.0038822
9,0.001,0.00062354,0.0038848
9,0.001,0.00026528,0.0016729
9,0.001,0.0002649,0.0016881
9,0.001,0.00026213,0.0016853
9,0.001,0.0002576,0.0016673
9,0.001,0.00025216,0.0016359
9,0.001,0.0002466,0.0015921
9,0.001,0.00053493,0.0033936
9,0.001,0.00051858,0.0032494
9,0.001,0.00050574,0.0031715
9,0.001,0.00049624,0.0031974
9,0.001,0.00023544,0.0015779
9,0.001,0.00023207,0.0016045
9,0.001,0.00022642,0.001587
9,0.001,0.000222,0.0015366
9,0.001,0.00041779,0.0027821
9,0.001,0.00039945,0.0025524
9,0.001,0.00038098,0.0023422
9,0.001,0.0007523,0.0045045
9,0.001,0.00071505,0.0041992
9,0.001,5.3812e-09,3.2643e-08
9,0.001,3.5665e-09,2.1793e-08
9,0.001,2.3409e-09,1.4178e-08
9,0.001,0.00051288,0.0031487
9,0.001,6.7527e-10,4.321e-09
9,0.001,0.00040468,0.0025391
9,0.001,0.00034673,0.002161
9,0.001,0.00029198,0.001868
9,0.001,0.00022411,0.0015337
9,0.001,0.00016986,0.0012199
9,0.001,0.00012274,0.00088317
9,0.001,7.1414e-05,0.00051141
9,0.001,1.8745e-05,0.0001617
9,0.001,3.5829e-05,0.00027876
9,0.001,9.2513e-05,0.00065641
9,0.001,0.00015066,0.0010175
9,0.001,1.6435e-10,1.1818e-09
9,0.001,0.00026933,0.0016339
9,0.001,0.00032419,0.0019318
9,0.001,0.00037849,0.0023284
9,0.001,0.00043257,0.0028179
9,0.001,8.7651e-05,0.0006103
9,0.001,8.7982e-05,0.00063048
9,0.001,8.8357e-05,0.00062914
9,0.001,8.8829e-05,0.00062824
9,0.001,8.8877e-05,0.00060943
9,0.001,1.2832e-10,1.1338e-09
9,0.001,3.581e-05,0.00025921
9,0.001,4.1735e-05,0.00037169
9,0.001,1.0959e-09,6.7981e-09
9,0.001,3.1553e-09,1.7975e-08
9,0.001,0.0005636,0.0033552
9,0.001,0.00029531,0.0017982
9,0.001,0.00055434,0.0032135
9,0.001,0.0010802,0.0062507
9,0.001,9.1872e-05,0.0006273
9,0.001,0.00054172,0.0031412
9,0.001,0.00054314,0.003153
9,0.001,0.0006398,0.003619
9,0.001,0.00065354,0.0037215
9,0.001,0.00066199,0.0038063
9,0.001,0.00072831,0.0041706
9,0.001,0.00079635,0.0045212
9,0.001,0.00084747,0.0048395
9,0.001,0.00088028,0.005043
9,0.001,0.00047005,0.0027543
9,0.001,0.00044383,0.0025792
9,0.001,0.00046294,0.0026473
9,0.001,6.9658e-09,4.0153e-08
9,0.001,4.8992e-09,2.776e-08
9,0.001,0.00044053,0.0025835
9,0.001,0.00044357,0.0025581
9,0.001,0.00041988,0.0024398
9,0.001,7.352e-09,4.2649e-08
9,0.001,0.0004398,0.0026134
9,0.001,0.00043068,0.0024598
9,0.001,0.00047562,0.0028657
9,0.001,0.00041573,0.0024792
9,0.001,0.00043759,0.0026184
9,0.001,0.00043835,0.0026154
9,0.001,0.00043438,0.0026044
9,0.001,0.00043908,0.0026612
9,0.001,0.00044143,0.0026832
9,0.001,0.00044659,0.0027247
9,0.001,0.00045166,0.0027673
9,0.001,0.00045608,0.002808
9,0.001,0.00045996,0.0028479
9,0.001,0.00046341,0.0028853
9,0.001,0.00046623,0.0029137
9,0.001,0.00046739,0.0029233
9,0.001,0.0004679,0.0029377
9,0.001,0.00047439,0.0030897
9,0.001,0.00047943,0.0030716
9,0.001,0.00048522,0.0031093
9,0.001,0.00048627,0.0030412
9,0.001,0.00049244,0.0031436
9,0.001,0.0004962,0.0031883
9,0.001,0.0004989,0.0032467
9,0.001,8.9506e-05,0.00060404
9,0.001,8.9363e-05,0.00060665
9,0.001,8.9242e-05,0.00060638
9,0.001,8.9116e-05,0.00060312
9,0.001,8.8982e-05,0.00059371
9,0.001,0.00052971,0.003415
9,0.001,0.0005408,0.0033915
9,0.001,0.00054193,0.0032325
9,0.001,0.00054893,0.0033117
9,0.001,0.00055938,0.0033779
9,0.001,5.8999e-10,4.9072e-09
9,0.001,0.00059803,0.0036713
9,0.001,0.00062648,0.0038531
9,0.001,0.00065804,0.0040395
9,0.001,0.00080526,0.0047255
9,0.001,1.0422e-09,5.9456e-09
9,0.001,8.9158e-05,0.00060311
9,0.001,9.0058e-05,0.00058597
9,0.001,8.932e-05,0.00058534
9,0.001,0.00059591,0.0036781
9,0.001,8.8378e-05,0.00059161
9,0.001,7.2274e-09,4.1914e-08
9,0.001,0.00044099,0.0027338
9,0.001,0.00046907,0.002944
9,0.001,0.00040463,0.002603
9,0.001,0.00035756,0.0022263
9,0.001,0.00032756,0.0021387
9,0.001,0.00019775,0.0012015
9,0.001,0.00017116,0.0011546
9,0.001,0.0001541,0.0010385
9,0.001,0.00011664,0.00076391
9,0.001,7.894e-05,0.00050183
9,0.001,3.6239e-05,0.00026713
9,0.001,4.1758e-05,0.00036614
9,0.001,6.9738e-05,0.00056645
9,0.001,6.5423e-05,0.00043284
9,0.001,0.0001048,0.00062724
9,0.001,0.00015429,0.00093359
9,0.001,0.0001936,0.0011563
9,0.001,0.00022268,0.0013144
9,0.001,0.00024275,0.0014208
9,0.001,0.00026403,0.0015452
9,0.001,0.00028807,0.0016903
9,0.001,0.00031332,0.0018401
9,0.001,0.00033868,0.0019878
9,0.001,0.00036327,0.0021309
9,0.001,0.00038642,0.002265
9,0.001,0.00040725,0.0023815
9,0.001,0.00042819,0.0024972
9,0.001,0.00044642,0.0026012
9,0.001,0.00046219,0.0026595
9,0.001,0.00048454,0.0028211
9,0.001,0.00049876,0.0029094
9,0.001,0.00051281,0.0029885
9,0.001,0.00052887,0.0030731
9,0.001,0.0005465,0.0031639
9,0.001,0.00056454,0.0032556
9,0.001,0.00058227,0.0033475
9,0.001,0.00059817,0.0034323
9,0.001,0.00061456,0.0035184
9,0.001,0.00063328,0.0036165
9,0.001,0.00065538,0.0037346
9,0.001,0.0006774,0.0038574
9,0.001,0.00070086,0.0039877
9,0.001,0.00071862,0.0040954
9,0.001,0.00073452,0.0041986
9,0.001,0.00076344,0.0043631
9,0.001,0.00079785,0.0045579
9,0.001,3.5238e-09,2.0791e-08
9,0.001,1.3791e-09,1.0235e-08
9,0.001,0.0008627,0.004993
9,0.001,0.00090546,0.00524
9,0.001,0.00094093,0.0054394
9,0.001,0.00095272,0.0055471
9,0.001,0.00098133,0.0057382
9,0.001,0.0010164,0.0059522
9,0.001,0.0010668,0.0061795
9,0.001,0.0010526,0.0061646
9,0.001,0.00050511,0.0030415
9,0.001,0.0011483,0.0066846
9,0.001,0.00054014,0.0032683
9,0.001,0.00056212,0.0033183
9,0.001,0.0012372,0.007016
9,0.001,0.0011518,0.0066607
9,0.001,5.9371e-09,3.5939e-08
9,0.001,0.00061452,0.0037886
9,0.001,0.0002313,0.0015148
9,0.001,0.00022898,0.0015012
9,0.001,0.00023316,0.0015417
9,0.001,2.6523e-09,1.525e-08
9,0.001,5.0426e-09,3.0918e-08
9,0.001,0.00023662,0.0015613
9,0.001,0.00023866,0.0015459
9,0.001,7.9627e-09,4.5821e-08
9,0.001,0.00024279,0.0017069
9,0.001,0.00024695,0.0017636
9,0.001,7.6367e-09,4.4055e-08
9,0.001,1.6516e-10,1.0593e-09
9,0.001,5.326e-09,3.1321e-08
9,0.001,2.8271e-09,1.6255e-08
9,0.001,0.00025341,0.0017629
9,0.001,1.1091e-09,6.3009e-09
9,0.001,0.00025609,0.0017928
9,0.001,0.00025847,0.001796
9,0.001,0.00026031,0.001797
9,0.001,0.0002622,0.0018025
9,0.001,0.00026426,0.0017983
9,0.001,0.00026651,0.0017568
9,0.001,6.9716e-09,4.087e-08
9,0.001,0.00026893,0.0016412
9,0.001,0.00026882,0.0016199
9,0.001,0.00026953,0.0015985
9,0.001,0.00027137,0.001607
9,0.001,0.00027568,0.0016993
9,0.001,0.00027725,0.0017149
9,0.001,1.6466e-08,9.3634e-08
9,0.001,9.1838e-09,5.4047e-08
9,0.001,1.2111e-08,7.0197e-08
9,0.001,1.0704e-08,6.177e-08
9,0.001,5.6898e-09,3.4245e-08
9,0.001,0.0012145,0.0068293
9,0.001,0.001239,0.007042
9,0.001,0.0012684,0.0072068
9,0.001,0.001302,0.0073292
9,0.001,1.6106e-09,1.2367e-08
9,0.001,0.00028813,0.0016479
9,0.001,0.00028875,0.0016427
9,0.001,9.2614e-10,6.3643e-09
9,0.001,0.00028749,0.0016242
9,0.001,0.00029036,0.0016373
9,0.001,3.9343e-09,2.3374e-08
9,0.001,0.00029566,0.0016711
9,0.001,0.0003038,0.0017802
9,0.001,0.00030412,0.0017842
9,0.001,0.00031213,0.0017965
9,0.001,0.00032385,0.0018899
9,0.001,0.00031287,0.0018071
9,0.001,2.5334e-08,1.4336e-07
9,0.001,0.00032772,0.0019318
9,0.001,0.00032317,0.0018405
9,0.001,0.00031551,0.0017854
9,0.001,0.00031747,0.0017859
9,0.001,1.6331e-09,9.6521e-09
9,0.001,0.0003435,0.0020354
9,0.001,0.00032108,0.0018144
9,0.001,0.00032005,0.0018108
9,0.001,0.00032468,0.0018373
9,0.001,0.00033655,0.0018918
9,0.001,0.00034369,0.0019277
9,0.001,0.00036227,0.0021097
9,0.001,0.00035233,0.0019783
9,0.001,0.00074692,0.0042657
9,0.001,0.00043106,0.0025157
9,0.001,0.00036771,0.0020729
9,0.001,7.5208e-09,4.4375e-08
9,0.001,0.00036959,0.0021421
9,0.001,0.00037348,0.0021669
9,0.001,2.9163e-09,1.6613e-08
9,0.001,4.1581e-10,3.0809e-09
9,0.001,0.0003908,0.0022267
9,0.001,0.00039152,0.0022158
9,0.001,1.2388e-08,7.3525e-08
9,0.001,0.0010647,0.0059265
9,0.001,0.0011459,0.0064044
9,0.001,0.0012108,0.0067878
9,0.001,0.0012536,0.0070374
9,0.001,0.0012808,0.0071892
9,0.001,0.0013035,0.0073055
9,0.001,0.0013237,0.0074083
9,0.001,0.0013323,0.007468
9,0.001,0.0013281,0.0074585
9,0.001,0.0013156,0.0074008
9,0.001,0.0012976,0.0073135
9,0.001,0.0012696,0.007179
9,0.001,0.0012372,0.0070127
9,0.001,0.001204,0.0068266
9,0.001,0.0011673,0.0066113
9,0.001,0.0011246,0.0063535
9,0.001,2.9664e-08,1.6843e-07
9,0.001,7.0507e-10,5.9277e-09
9,0.001,4.1056e-08,2.3202e-07
9,0.001,0.00083663,0.0046928
9,0.001,0.0007058,0.0039622
9,0.001,0.00053033,0.0030256
9,0.001,0.00028088,0.0017132
9,0.001,0.00010895,0.00093725
9,0.001,0.00036557,0.0020795
9,0.001,0.00036195,0.0020692
9,0.001,0.00036128,0.0020675
9,0.001,0.00036361,0.0020727
9,0.001,0.00036875,0.0020828
9,0.001,5.8476e-09,3.3358e-08
9,0.001,0.00034862,0.0019596
9,0.001,0.00035239,0.001991
9,0.001,0.00036516,0.0021199
9,0.001,3.3297e-08,1.8833e-07
9,0.001,6.0518e-09,3.6064e-08
9,0.001,0.00033772,0.001929
9,0.001,0.00033661,0.0019569
9,0.001,0.00033271,0.0019564
9,0.001,0.00032587,0.0019272
9,0.001,1.1949e-08,6.6445e-08
9,0.001,4.3964e-09,2.5011e-08
9,0.001,9.2191e-09,5.2126e-08
9,0.001,0.00019915,0.0018009
9,0.001,0.0005953,0.0035662
9,0.001,0.00099639,0.0056692
9,0.001,0.0013982,0.0077868
9,0.001,1.9608e-08,1.112e-07
9,0.001,1.2107e-08,6.7093e-08
9,0.001,1.2014e-08,6.9081e-08
9,0.001,1.1802e-08,6.9943e-08
9,0.001,1.3766e-08,7.6636e-08
9,0.001,1.2559e-08,6.9982e-08
9,0.001,0.00083491,0.0048037
9,0.001,0.00079035,0.0045117
9,0.001,1.4622e-08,8.1233e-08
9,0.001,1.0245e-08,5.8764e-08
9,0.001,1.0982e-08,6.1292e-08
9,0.001,2.7833e-09,1.9063e-08
9,0.001,1.0761e-08,5.9913e-08
9,0.001,1.8876e-08,1.0596e-07
9,0.001,1.2254e-08,6.9642e-08
9,0.001,1.7645e-08,9.854e-08
9,0.001,2.0585e-08,1.148e-07
9,0.001,2.1661e-08,1.2068e-07
9,0.001,2.0208e-08,1.1347e-07
9,0.001,2.0856e-08,1.1628e-07
9,0.001,1.7907e-08,9.9531e-08
9,0.001,1.7145e-08,9.6198e-08
9,0.001,2.0909e-08,1.1712e-07
9,0.001,1.8713e-08,1.05e-07
9,0.001,0.0008337,0.0047279
9,0.001,0.00080602,0.0045542
9,0.001,8.6847e-09,4.9726e-08
9,0.001,1.0638e-08,6.1391e-08
9,0.001,1.2327e-08,7.1472e-08
9,0.001,0.00090795,0.0050803
9,0.001,0.00083037,0.0046516
9,0.001,0.00082259,0.0046085
9,0.001,3.1902e-08,1.7997e-07
9,0.001,3.1459e-08,1.759e-07
9,0.001,2.565e-08,1.4291e-07
9,0.001,5.71e-09,3.8918e-08
9,0.001,0.00076316,0.0042465
9,0.001,9.0545e-09,5.4991e-08
9,0.001,0.0007636,0.0043105
9,0.001,0.00074957,0.004225
9,0.001,0.0007174,0.0039953
9,0.001,0.00072301,0.0040839
9,0.001,0.00069943,0.0039248
9,0.001,0.00068047,0.0037861
9,0.001,0.00066466,0.0037192
9,0.001,0.00064945,0.0036415
9,0.001,1.6762e-08,9.5918e-08
9,0.001,0.00062161,0.003446
9,0.001,0.00061045,0.0034353
9,0.001,0.0005972,0.0033465
9,0.001,1.6213e-08,9.22e-08
9,0.001,0.00056591,0.0031416
9,0.001,5.1445e-09,2.9473e-08
9,0.001,2.5433e-08,1.4224e-07
9,0.001,2.1187e-08,1.1913e-07
9,0.001,4.1396e-08,2.3187e-07
9,0.001,4.4158e-08,2.4903e-07
9,0.001,2.4992e-08,1.4084e-07
9,0.001,2.3544e-08,1.3154e-07
9,0.001,1.1624e-08,6.7088e-08
9,0.001,8.3556e-09,4.8153e-08
9,0.001,6.9122e-08,3.9006e-07
9,0.001,2.6398e-08,1.4876e-07
9,0.001,4.4675e-08,2.5117e-07
9,0.001,6.1004e-08,3.383e-07
9,0.001,6.5762e-08,3.6993e-07
9,0.001,2.2125e-08,1.243e-07
9,0.001,3.5486e-08,1.9921e-07
9,0.001,0.0014758,0.0081716
9,0.001,0.0014644,0.0081144
9,0.001,2.1075e-08,1.1719e-07
9,0.001,3.554e-08,2.0068e-07
9,0.001,0.0014395,0.0079498
9,0.001,4.4132e-08,2.502e-07
9,0.001,1.5247e-09,1.3391e-08
9,0.001,2.257e-08,1.2944e-07
9,0.001,9.0267e-09,5.1196e-08
9,0.001,1.2694e-09,7.852e-09
9,0.001,4.7302e-09,2.6913e-08
9,0.001,6.2827e-10,1.0956e-08
9,0.001,7.183e-09,4.2921e-08
9,0.001,1.2487e-08,7.1276e-08
9,0.001,1.1765e-08,6.6323e-08
9,0.001,2.506e-09,1.5586e-08
9,0.001,4.7329e-09,2.6502e-08
9,0.001,2.3253e-08,1.328e-07
9,0.001,0.0012496,0.0069458
9,0.001,0.0012235,0.0068248
9,0.001,0.0011826,0.0066328
9,0.001,0.0011097,0.0062891
9,0.001,0.0011127,0.0062402
9,0.001,0.0010733,0.0060725
9,0.001,0.0010269,0.005794
9,0.001,0.0010429,0.0058756
9,0.001,0.0010152,0.00573
9,0.001,0.00098722,0.0055768
9,0.001,0.00096062,0.0054345
9,0.001,0.0022882,0.012958
9,0.001,0.00089324,0.0050635
9,0.001,0.001211,0.00685
9,0.001,0.0020843,0.011698
9,0.001,0.00070909,0.0039822
9,0.001,0.00047223,0.0026602
9,0.001,0.00077788,0.0043556
9,0.001,0.0004156,0.0023396
9,0.001,0.00069536,0.0038808
9,0.001,3.2666e-08,1.8907e-07
9,0.001,0.0004673,0.0026093
9,0.001,3.8959e-05,0.00026783
9,0.001,0.00054831,0.0030451
9,0.001,2.1656e-09,1.2691e-08
9,0.001,0.001281,0.007064
9,0.001,0.00096879,0.0053548
9,0.001,0.00099432,0.0055187
9,0.001,7.2413e-08,3.9839e-07
9,0.001,0.0006284,0.003492
9,0.001,0.00053738,0.0029905
9,0.001,0.00053917,0.0030669
9,0.001,0.00050091,0.0028554
9,0.001,0.00054341,0.0030427
9,0.001,1.5343e-08,8.5391e-08
9,0.001,0.0013357,0.0073606
9,0.001,0.0011407,0.0063734
9,0.001,2.6207e-08,1.4437e-07
9,0.001,0.0002531,0.0014562
9,0.001,1.7108e-05,0.00029996
9,0.001,2.3434e-08,1.3025e-07
9,0.001,0.0012162,0.0067412
9,0.001,0.0012891,0.0071625
9,0.001,4.9165e-08,2.7778e-07
9,0.001,5.1734e-08,2.9192e-07
9,0.001,5.7187e-08,3.185e-07
9,0.001,2.8465e-08,1.5907e-07
9,0.001,2.0842e-05,0.00037503
9,0.001,3.2305e-08,1.8573e-07
9,0.001,2.8821e-08,1.5908e-07
9,0.001,2.8935e-05,0.00046258
9,0.001,3.4822e-05,0.0003771
9,0.001,7.2686e-08,3.9975e-07
9,0.001,7.4409e-08,4.1227e-07
9,0.001,4.2021e-08,2.358e-07
9,0.001,5.61e-08,3.1229e-07
9,0.001,0.0017497,0.0099161
9,0.001,0.0018267,0.010229
9,0.001,6.5845e-05,0.00051781
9,0.001,7.6928e-09,4.3713e-08
9,0.001,7.6833e-05,0.00055849
9,0.001,8.8859e-05,0.00069706
9,0.001,6.5286e-08,3.6081e-07
9,0.001,4.6488e-08,2.6118e-07
9,0.001,0.00011624,0.00081085
9,0.001,8.9329e-08,5.008e-07
9,0.001,8.3222e-08,4.6954e-07
9,0.001,0.00014853,0.00091206
9,0.001,0.0001592,0.00098038
9,0.001,0.00017547,0.0011168
9,0.001,0.00018704,0.0011284
9,0.001,0.00020042,0.0011935
9,0.001,0.00021895,0.0012989
9,0.001,0.00017914,0.0010878
9,0.001,6.1363e-08,3.4636e-07
9,0.001,0.00062691,0.0034947
9,0.001,1.7033e-08,9.423e-08
9,0.001,0.00086332,0.0047981
9,0.001,0.00036579,0.002085
9,0.001,8.5965e-08,4.7688e-07
9,0.001,2.9974e-08,1.6811e-07
9,0.001,0.00045792,0.0026125
9,0.001,1.9672e-08,1.1083e-07
9,0.001,3.7721e-08,2.1157e-07
9,0.001,0.0011044,0.0060895
9,0.001,0.00099796,0.0055354
9,0.001,2.0129e-08,1.1171e-07
9,0.001,4.2094e-08,2.3263e-07
9,0.001,2.3609e-08,1.3013e-07
9,0.001,0.00091091,0.0050362
9,0.001,8.9575e-08,4.9824e-07
9,0.001,0.0016699,0.0093447
9,0.001,4.1589e-08,2.3002e-07
9,0.001,6.9918e-08,3.9265e-07
9,0.001,0.0018377,0.010297
9,0.001,1.9549e-07,1.0935e-06
9,0.001,1.0876e-07,6.0071e-07
9,0.001,1.0556e-07,5.9206e-07
9,0.001,8.2606e-08,4.5261e-07
9,0.001,0.00027639,0.001614
9,0.001,9.6993e-08,5.3017e-07
9,0.001,0.0002304,0.001334
9,0.001,0.00025868,0.0014885
9,0.001,2.0362e-07,1.146e-06
9,0.001,0.00041073,0.0023322
9,0.001,0.00044323,0.0025022
9,0.001,0.00049552,0.0028116
9,0.001,0.00046962,0.0026482
9,0.001,0.00062491,0.0035246
9,0.001,0.00053106,0.0029994
9,0.001,0.00059369,0.0033753
9,0.001,0.00066147,0.003736
9,0.001,0.00070082,0.0039413
9,0.001,0.00075717,0.0043547
9,0.001,1.5761e-08,8.8556e-08
9,0.001,0.00023938,0.0013979
9,0.001,0.00027676,0.0015971
9,0.001,0.00031628,0.0018152
9,0.001,0.00036329,0.0020765
9,0.001,0.00080956,0.0044852
9,0.001,0.00045018,0.002546
9,0.001,0.0012247,0.0068301
9,0.001,0.00055851,0.0031287
9,0.001,1.4681e-07,8.2712e-07
9,0.001,0.001522,0.0086002
9,0.001,1.8647e-09,1.0246e-08
9,0.001,7.1568e-08,4.0177e-07
9,0.001,4.4708e-08,2.4715e-07
9,0.001,9.347e-08,5.1536e-07
9,0.001,9.0943e-08,5.0357e-07
9,0.001,0.0012612,0.0069082
9,0.001,0.00039741,0.0022358
9,0.001,0.00040168,0.002275
9,0.001,1.9142e-07,1.0714e-06
9,0.001,0.00021188,0.0011586
9,0.001,5.0584e-10,2.9814e-09
9,0.001,0.00012391,0.00072477
9,0.001,0.0001781,0.00097337
9,0.001,0.00021785,0.0012554
9,0.001,5.6028e-05,0.0004044
9,0.001,0.00094985,0.0052278
9,0.001,0.00065201,0.0036454
9,0.001,0.00097468,0.0054031
9,0.001,1.6095e-09,8.9142e-09
9,0.001,0.0016056,0.0089307
9,0.001,0.00023574,0.0013272
9,0.001,0.00039126,0.0021744
9,0.001,0.0010026,0.005674
9,0.001,0.00099377,0.0054674
9,0.001,7.77e-08,4.4314e-07
9,0.001,1.5805e-05,0.00019371
9,0.001,0.0022075,0.012468
9,0.001,0.00040333,0.0022818
9,0.001,0.00037661,0.0021731
9,0.001,1.8432e-08,1.0235e-07
9,0.001,5.2391e-05,0.00030759
9,0.001,0.0014392,0.0080749
9,0.001,2.6027e-08,1.451e-07
9,0.001,0.00071974,0.003916
9,0.001,1.2952e-08,7.2613e-08
9,0.001,7.284e-08,4.047e-07
9,0.001,0.00022472,0.0012868
9,0.001,1.6217e-09,9.0092e-09
9,0.001,0.00023441,0.0012901
9,0.001,4.0542e-08,2.2506e-07
9,0.001,9.8733e-08,5.408e-07
9,0.001,9.5248e-08,5.3074e-07
9,0.001,0.00045551,0.0025148
9,0.001,0.0005338,0.0028878
9,0.001,0.00054987,0.0029913
9,0.001,2.5643e-07,1.431e-06
9,0.001,0.00048549,0.0027123
9,0.001,0.00011703,0.00068163
9,0.001,0.0020882,0.011616
9,0.001,0.00018769,0.0010664
9,0.001,0.00057559,0.0032035
9,0.001,0.00039368,0.0022058
9,0.001,0.0023485,0.013103
9,0.001,0.00036528,0.0020077
9,0.001,0.00042638,0.0023208
9,0.001,0.0022962,0.012955
9,0.001,1.0365e-07,5.6739e-07
25,0.001,3.3222e-08,2.7263e-07
25,0.001,3.3222e-08,2.7263e-07
25,0.001,3.3222e-08,2.7263e-07
25,0.001,21.604,220.87
25,0.001,13.328,134.64
25,0.001,21.604,220.87
25,0.001,13.328,134.64
25,0.001,21.604,220.87
25,0.001,21.604,220.87
25,0.001,13.328,134.64
25,6.9013,0.44089,217.64
25,6.9013,10.976,19222
25,6.9013,10.976,19222
25,6.9013,0.4612,226.9
25,6.9013,0.4612,226.9
25,6.9013,0.4612,226.9
25,0.001,15.406,158.18
25,0.001,15.406,158.18
25,0.001,0.00018709,0.0011145
25,0.001,0.00012646,0.0007416
23,0.001,2.4005e-05,0.0012063
23,0.001,2.4005e-05,0.0012063
25,0.001,0.00023102,0.014223
44,0.001,0.00031642,0.0027512
20,0.001,0.00035022,0.0031406
20,0.001,0.00035022,0.0031406
45,0.001,0.00010241,0.0048602
23,0.001,4.5038e-05,0.0021607
23,0.001,0.00013755,0.0060673
28,0.001,0.00015222,0.0084042
28,0.001,0.00015222,0.0084042
28,0.001,5.2239e-05,0.0007233
23,0.001,6.8748e-05,0.00099225
23,0.001,0.00012378,0.0016144
23,0.001,0.00012304,0.0013535
23,0.001,6.8748e-05,0.00099225
23,0.001,7.9602e-05,0.0010471
23,0.001,6.8748e-05,0.00099225
23,0.001,0.0013348,0.019175
23,0.001,0.0013348,0.019175
23,0.001,0.0089298,0.12854
23,0.001,0.0001577,0.0022705
23,0.001,0.00012378,0.0016144
23,0.001,0.00012378,0.0016144
23,0.001,6.6524e-05,0.00099825
23,0.001,7.9602e-05,0.0010471
23,0.001,7.9602e-05,0.0010471
23,0.001,6.8748e-05,0.00099225
23,0.0001,1.7925e-05,0.00025795
23,1e-05,1.5446e-05,0.00018443
23,0.01,2.3527e-05,0.00024816
23,10000,8.8693e-07,1.6436e-05
64,0.001,4.0897e-05,0.00054424
23,0.001,6.8656e-05,0.00098956
23,0.001,2.0812e-05,0.00030564
23,0.001,2.0812e-05,0.00030564
23,0.001,2.0812e-05,0.00030564
23,0.001,0.00095275,0.014235
23,0.001,0.19961,2.4865
23,0.001,0.00095275,0.014235
23,0.001,0.037074,0.71215
23,1000,0.00082887,0.018443
23,1000,0.0057396,0.057891
23,1000,9.864e-10,1.2851e-08
23,1000,1.8185e-05,0.00021095
23,1000,0.00065938,0.0089473
23,1000,0.00065938,0.0089473
23,0.001,0.0092248,0.14047
23,1000,0.00065938,0.0089473
23,1000,1.4689,8.9526
23,1000,1.4689,8.9526
23,1000,1.4689,8.9526
23,1000,0.00065938,0.0089473
23,1000,0.00065938,0.0089473
23,1000,1.4689,8.9526
23,1000,1.4689,8.9526
23,1000,0.00065938,0.0089473
23,1000,0.24539,1.4994
23,1000,0.00065938,0.0089473
23,0.001,0.0092248,0.14047
25,0.001,0.022703,1.0753
25,1000,0.00050908,0.010179
25,1000,0.00050908,0.010179
25,1000,0.00050908,0.010179
25,0.001,0.01343,0.80543
25,0.001,0.022703,1.0753
25,0.001,0.01343,0.80543
25,0.001,0.022703,1.0753
25,1000,0.00050908,0.010179
25,1000,0.0073787,0.16453
25,1000,0.00050908,0.010179
25,0.55741,0.078219,0.1432
9,10,0.024306,0.002888
9,10,0.024306,0.002888
9,0.55741,0.018888,0.027843
25,10,0.0052983,0.001
25,0.55741,0.078219,0.1432
16,10,0.0011429,0.00023858
16,0.55741,0.21027,0.74242
43,0.55741,0.38387,3.4461
44,0.55741,0.10877,1.1259
81,0.55741,0.63939,6.4396
108,0.55741,24.053,156.22
92,0.55741,208.25,2666.8
25,0.55741,1.0716,11.809
16,0.55741,0.26244,1.8053
16,0.55741,76.678,852.8
16,0.55741,0.708,4.8078
44,0.55741,1.8002,15.688
22,0.55741,0.074439,0.61304
23,0.55741,1.8401,37.947
30,0.55741,0.076417,0.33578
30,0.55741,20.809,420.85
30,0.55741,2.0132,20.058
30,0.55741,0.076417,0.33578
18,0.55741,0.037745,0.21936
30,0.55741,0.9127,9.7057
29,0.55741,172.99,2413.6
16,0.55741,1.7531,19.049
16,0.55741,0.061079,0.42216
16,0.55741,0.020226,0.1337
24,0.55741,0.083126,0.9194
26,0.55741,0.15599,0.78279
26,0.55741,0.44204,1.4088
50,0.55741,0.18566,1.725
42,0.55741,2.1782,8.2094
26,0.55741,0.36056,5.5105
21,0.55741,0.020712,0.061985
24,0.55741,0.022654,0.11444
24,0.55741,0.031769,0.47738
24,0.55741,0.015345,0.02574
24,0.55741,0.012718,0.056396
24,0.55741,0.015316,0.082817
24,0.55741,0.022412,0.041137
24,0.55741,0.022412,0.041137
24,0.55741,0.015345,0.02574
24,0.55741,0.022673,0.11464
24,0.55741,0.48363,6.4771
29,0.55741,0.14077,1.961
46,0.55741,0.1991,0.95991
38,0.55741,0.052189,0.19143
19,0.55741,0.046874,0.29307
17,0.55741,0.017293,0.033271
24,0.55741,0.0096167,0.019505
45,0.55741,0.051469,0.29619
59,0.55741,2.402,29.604
24,0.55741,0.48363,6.4771
24,0.55741,0.015345,0.02574
24,0.55741,0.015345,0.02574
24,0.55741,0.014347,0.081732
24,0.55741,0.016094,0.10037
24,0.55741,0.015316,0.082817
24,0.55741,0.031769,0.47738
22,0.55741,0.15867,0.99412
24,0.55741,0.015316,0.082817
24,0.55741,0.015915,0.060986
24,0.55741,0.00080181,0.0036159
24,0.55741,0.00080193,0.0036178
24,0.55741,0.010041,0.045489
24,0.55741,0.010643,0.049871
24,0.55741,0.015316,0.082817
24,0.55741,0.00080193,0.0036178
24,0.55741,0.00080193,0.0036178
24,0.55741,0.015316,0.082817
24,0.55741,0.010041,0.045489
24,0.55741,0.015316,0.082817
24,0.55741,0.015316,0.082817
18,0.55741,0.0044636,0.011014
18,0.55741,0.013394,0.018763
18,0.55741,0.023287,0.051636
18,0.55741,0.029888,0.10459
18,0.55741,0.034483,0.14469
18,0.55741,0.035014,0.062584
18,0.55741,0.025403,0.03352
18,0.55741,0.034995,0.062587
27,0.55741,0.33889,3.3852
18,0.55741,0.0044636,0.011014
18,0.55741,0.0040396,0.007274
18,0.55741,0.0040396,0.007274
18,0.55741,0.0023276,0.0036058
15,0.55741,0.010094,0.016501
14,0.55741,0.048998,0.25477
15,0.55741,0.12533,0.91378
15,0.55741,0.0025194,0.0039024
18,0.55741,0.0040396,0.007274
21,0.55741,0.033337,0.17882
24,0.55741,0.014347,0.081732
21,0.55741,0.012478,0.023224
40,0.55741,1.0059,6.4502
28,0.55741,15.746,281.82
24,0.55741,0.015345,0.02574
21,0.55741,0.012478,0.023224
24,0.55741,0.014347,0.081732
24,0.55741,0.015345,0.02574
19,0.55741,0.0023829,0.0035174
17,0.55741,0.0055611,0.007118
17,0.55741,0.0056056,0.0076854
19,0.55741,0.0023829,0.0035174
20,0.55741,0.33546,5.4752
20,0.55741,0.32952,5.2871
22,0.55741,0.026975,0.087664
22,0.55741,0.026975,0.087664
25,0.55741,0.029271,0.26473
25,0.55741,0.029271,0.26473
24,0.55741,0.015316,0.082817
22,0.55741,0.0040209,0.0074029
20,0.55741,0.0062897,0.010095
22,0.55741,0.0040209,0.0074029
20,0.55741,0.0063085,0.0083895
18,0.55741,0.025159,0.045411
20,0.55741,0.0063085,0.0083895
18,0.55741,0.0064274,0.0093969
20,0.55741,0.0063085,0.0083895
20,0.55741,0.0022121,0.0031024
20,0.55741,0.048834,0.11781
20,0.55741,0.0017079,0.0024972
20,0.55741,0.0028029,0.0036983
20,0.55741,0.0055293,0.007568
20,0.55741,0.0025492,0.0036551
20,0.55741,0.0063085,0.0083895
20,0.55741,0.0022121,0.0031024
20,0.55741,0.0063085,0.0083895
20,0.55741,0.0063085,0.0083895
20,0.55741,0.0063085,0.0083895
20,0.55741,0.096294,0.13153
20,0.55741,1.9787,2.5432
20,0.55741,0.9097,1.196
20,0.55741,0.62563,0.8207
20,0.55741,25.609,93.855
20,0.55741,0.00018572,0.0014801
20,0.55741,0.00018572,0.0014801
20,1.9618,0.00015154,0.0001001
20,0.55741,0.0063085,0.0083895
20,0.55741,0.0063085,0.0083895
20,0.55741,0.0063085,0.0083895
9,10,0.024306,0.002888
9,0.55741,0.018888,0.027843
4,0.55741,0.0013461,0.0018513
4,0.55741,0.0013461,0.0018513
16,0.55741,0.00019375,0.00072585
16,0.55741,0.00019375,0.00072585
25,0.55741,0.078219,0.1432
25,0.55741,0.078219,0.1432
9,0.55741,0.018888,0.027843
9,0.55741,7.5264e-05,0.00012872
9,0.55741,7.5264e-05,0.00012872
9,0.55741,0.059872,0.084462
20,0.55741,0.0063085,0.0083895
20,0.55741,0.0063085,0.0083895
20,0.55741,0.0063085,0.0083895
9,0.55741,7.5264e-05,0.00012872
9,0.55741,7.5264e-05,0.00012872
9,0.55741,7.5264e-05,0.00012872
9,0.55741,0.059872,0.084462
9,0.55741,0.059872,0.084462
9,0.55741,0.059872,0.084462
9,0.55741,0.059872,0.084462
9,0.55741,0.059872,0.084462
9,0.55741,7.5264e-05,0.00012872
9,0.55741,0.0027016,0.0038822
9,0.55741,0.0027016,0.0038822
9,0.55741,0.013195,0.025729
16,0.55741,0.0020988,0.0087614
16,0.55741,0.066643,0.23869
16,0.55741,0.0020988,0.0087614
20,0.55741,0.0011831,0.0032657
20,0.55741,0.0011831,0.0032657
24,0.55741,0.0047524,0.027823
24,0.55741,5.4544e-05,0.00065861
24,0.55741,0.0047524,0.027823
20,0.55741,0.0019249,0.0026875
20,0.55741,0.0011831,0.0032657
20,0.55741,0.0019249,0.0026875
16,0.55741,0.066643,0.23869
16,0.55741,0.0020988,0.0087614
20,0.55741,0.0011831,0.0032657
20,0.55741,0.0019249,0.0026875
20,0.55741,0.0011831,0.0032657
20,0.55741,0.0019249,0.0026875
20,0.55741,0.0019249,0.0026875
20,0.55741,NaN,NaN
20,0.55741,0.0019248,0.0026875
20,0.55741,0.0019249,0.0026875
20,0.55741,NaN,NaN
20,0.55741,0.013098,0.29191
20,0.55741,0.0019249,0.0026875
16,0.55741,0.066643,0.23869
45,0.24646,0.0061101,19.312
45,0.001,0.0042904,0.30831
23,0.001,0.0004974,0.00567
23,0.001,0.0004974,0.00567
23,0.001,NaN,NaN
23,0.001,NaN,NaN
23,0.001,0.00061833,0.009631
23,0.001,0.0004974,0.00567
23,0.001,0.0004974,0.00567
23,0.001,0.0004974,0.00567
23,0.001,0.0004974,0.00567
23,0.001,0.0004974,0.0056687
23,0.001,0.00049739,0.0056679
23,0.001,0.00049739,0.0056679
23,0.001,0.00049739,0.0056679
23,0.001,0.00049739,0.0056679
23,0.001,0.00049739,0.0056679
23,0.001,0.00049739,0.0056679
23,0.001,0.00049739,0.0056679
23,0.001,0.0077347,0.48669
23,0.001,0.0077347,0.48669
23,0.001,NaN,NaN
23,0.001,0.00049739,0.0056679
23,0.001,0.00049739,0.0056679
23,0.001,NaN,NaN
23,0.001,NaN,NaN
23,0.001,NaN,NaN
23,0.001,0.00049739,0.0056679
23,0.001,0.00049739,0.0056679
23,0.001,0.00049739,0.0056679
23,0.001,0.00049739,0.0056679
23,0.001,0.00049739,0.0056679
23,0.001,0.0004974,0.0056687
23,0.001,2.9302e-07,7.0623e-06
23,0.001,0.0004974,0.0056687
23,0.001,NaN,NaN
23,0.001,NaN,NaN
23,0.001,0.00049739,0.0056679
23,0.001,NaN,NaN
23,0.001,0.00065727,0.013562
23,0.001,0.00065727,0.013562
23,0.001,0.00049739,0.0056679
23,0.001,0.00065727,0.013562
23,0.001,NaN,NaN
23,0.001,NaN,NaN
23,0.001,NaN,NaN
23,0.001,NaN,NaN
23,0.001,NaN,NaN
23,0.001,0.00013763,0.0032962
23,0.001,0.00013763,0.0032962
23,0.001,0.00074063,0.012806
23,0.001,0.00074063,0.012806
23,0.001,0.0014152,0.022969
23,0.001,0.0013669,0.02311
23,0.001,0.0014152,0.022969
23,0.001,0.0014152,0.022969
23,1000,6.3937e-06,0.00013187
20,10,0.001481,0.00021806
20,0.55741,0.0024103,0.0039581
16,0.55741,0.02732,0.23007
16,0.55741,0.33323,5.6688
16,0.55741,NaN,NaN
16,0.55741,0.18524,2.2953
16,0.55741,0.02732,0.23007
16,0.55741,NaN,NaN
16,0.55741,NaN,NaN
16,0.55741,0.02732,0.23007
16,0.55741,NaN,NaN
16,0.55741,NaN,NaN
16,0.55741,0.02732,0.23007
16,0.55741,NaN,NaN
16,0.55741,0.02732,0.23007
16,0.55741,NaN,NaN
16,0.55741,0.02732,0.23007
16,0.55741,0.02732,0.23007
16,0.55741,NaN,NaN
16,0.55741,NaN,NaN
16,0.55741,NaN,NaN
16,0.55741,NaN,NaN
16,0.55741,NaN,NaN
16,0.55741,NaN,NaN
16,0.55741,NaN,NaN
16,0.55741,0.0033616,0.0092661
16,0.55741,0.02732,0.23007
20,0.55741,0.0024103,0.0039581
20,0.55741,0.0035602,0.0074751
23,0.001,0.0019189,0.026345
23,0.001,0.0019189,0.026345
23,0.001,0.0014152,0.022969
23,1000,6.3937e-06,0.00013187
23,1000,4.3266e-06,5.594e-05
23,1000,6.3937e-06,0.00013187
23,1000,0.00071329,0.013336
23,1000,0.00071329,0.013336
23,1000,6.3937e-06,0.00013187
23,1000,6.3937e-06,0.00013187
20,0.55741,0.0024103,0.0039581
20,0.55741,0.021448,0.051189
20,0.55741,NaN,NaN
20,0.55741,0.0016396,0.0026308
20,0.55741,0.021448,0.051189
20,0.55741,0.0024103,0.0039581
20,0.55741,0.0024103,0.0039581
20,0.55741,NaN,NaN
20,0.55741,0.0016396,0.0026308
20,0.55741,0.022623,0.05915
20,0.55741,NaN,NaN
20,0.55741,NaN,NaN
20,0.55741,0.0016396,0.0026308
20,0.55741,0.0016396,0.0026308
20,0.55741,0.00098826,0.0033582
20,0.55741,NaN,NaN
20,0.55741,0.00098826,0.0033582
20,0.55741,0.0016396,0.0026308
20,0.55741,0.0024103,0.0039581
20,0.55741,0.0024103,0.0039581
20,0.55741,0.0024103,0.0039581
20,0.55741,0.0024103,0.0039581
20,0.55741,0.0024103,0.0039581
20,0.55741,0.0024103,0.0039581
20,0.55741,0.0024103,0.0039581
20,0.55741,0.0011831,0.0032657
20,0.55741,0.0024103,0.0039581
16,0.55741,0.02732,0.23007
16,0.55741,0.0020988,0.0087614
16,0.55741,0.02732,0.23007
16,0.55741,0.02732,0.23007
16,0.55741,0.02732,0.23007
20,0.55741,0.0024103,0.0039581
20,0.088522,0.0070584,0.028991
16,0.088522,0.087047,0.96114
25,0.088522,0.019364,0.21924
59,0.088522,0.51562,4.4588
92,0.088522,0.0020863,0.028073
43,0.088522,0.011043,0.031412
108,0.088522,0.04313,0.36592
74,0.088522,0.16705,0.97872
20,0.088522,0.0070584,0.028991
60,0.088522,0.1141,0.62175
60,0.088522,0.1141,0.62175
48,0.088522,0.013649,0.065623
17,0.088522,0.011844,0.052004
28,0.088522,0.0056744,0.024887
28,0.088522,0.0056744,0.024887
14,0.088522,0.0041164,0.0095645
14,0.088522,0.0041164,0.0095645
44,0.088522,0.059742,1.0108
36,0.088522,0.00034808,0.0032615
49,0.088522,6.9566e-05,0.0010522
64,0.088522,0.0034529,0.026848
36,0.55741,0.00041977,0.0030186
25,0.55741,0.0077652,0.074693
49,0.55741,0.0012869,0.011812
64,0.55741,0.0011269,0.024182
9,0.55741,0.0043044,0.016422
16,0.55741,0.02732,0.23007
25,0.55741,0.0077652,0.074693
4,0.55741,0.0022924,0.0025123
16,0.55741,0.02732,0.23007
20,0.55741,0.0024103,0.0039581
16,0.55741,0.02732,0.23007
20,0.55741,0.0024103,0.0039581
16,0.55741,0.02732,0.23007
23,0.001,0.0095358,0.12175
23,1000,0.00084665,0.010147
25,0.001,0.019355,1.206
16,0.001,0.00045358,0.0066145
16,1000,0.005634,0.039082
23,0.001,0.0095358,0.12175
23,0.001,0.0007975,0.009091
23,0.001,0.0007975,0.009091
23,0.001,0.0095358,0.12175
23,0.001,0.0095358,0.12175
23,0.001,0.00079873,0.0090767
23,0.001,0.0007975,0.009091
23,0.001,0.0014152,0.022969
23,0.001,0.0095358,0.12175
23,0.001,0.0095358,0.12175
23,0.001,0.0095358,0.12175
23,0.001,0.00062389,0.0076524
23,0.001,0.0007975,0.009091
23,0.001,0.0095358,0.12175
23,0.001,0.0095358,0.12175
23,0.001,0.00079873,0.0090767
23,0.001,0.00064603,0.0078038
23,0.001,0.087396,1.0745
23,0.001,0.0095358,0.12175
23,0.001,0.0095358,0.12175
23,0.001,0.0095358,0.12175
23,1000,0.00084665,0.010147
45,0.001,0.056089,4.345
28,0.001,0.0099109,0.11596
23,0.001,0.0095358,0.12175
16,0.001,0.00045358,0.0066145
16,1000,0.005634,0.039082
16,1000,0.10137,0.66673
16,1000,0.0059347,0.052385
16,1000,1.14,7.4207
16,1000,0.10137,0.66673
16,1000,0.10137,0.66673
16,1000,0.005634,0.039082
16,1000,0.005634,0.039082
23,1000,0.00084665,0.010147
23,0.001,0.0095358,0.12175
23,0.001,0.0095358,0.12175
16,0.001,0.00045358,0.0066145
16,0.55741,NaN,0
16,0.55741,0.027095,0.39055
16,0.55741,0.027095,0.39055
16,0.55741,0.85299,11.418
16,0.55741,0.02732,0.23007
16,0.55741,2.3201,10.86
16,0.55741,0.21639,1.0107
16,0.55741,0.0057907,0.026512
16,0.55741,0.0057907,0.026512
20,0.55741,1.9247e-05,3.2142e-05
20,0.55741,0.0024103,0.0039581
20,0.55741,0.010818,0.018123
20,0.55741,0.0069613,0.015766
9,0.001,1.0706e-05,7.2661e-05
9,0.001,1.0706e-05,7.2661e-05
20,0.001,0.008304,0.54078
20,1,0.00074805,0.0062541
20,1,0.0021059,0.016524
20,1,0.00074805,0.0062541
20,1,0.0021059,0.016524
16,0.001,0.00079986,0.0088567
16,0.001,0.081839,1.1253
16,0.001,0.081839,1.1253
16,0.001,0.081839,1.1253
16,0.001,0.081839,1.1253
16,0.001,0.081839,1.1253
16,0.001,0.081839,1.1253
16,0.001,0.00079986,0.0088567
16,0.001,0.081839,1.1253
16,0.001,0.0482,0.54252
16,0.001,0.0482,0.54252
16,0.001,0.15896,2.4232
