0
0
0.00065604
0.001262
0.0019888
0.0029047
0.0040538
0.0052058
0.0063949
0.0076753
0.0091376
0.010822
0.012712
0.014509
0.016256
0.018028
0.019922
0.022001
0.024281
0.026711
0.029014
0.031272
0.03359
0.036084
0.038724
0.04164
0.044504
0.047265
0.050025
0.052905
0.05592
0.059215
0.062575
0.065998
0.069315
0.072654
0.076138
0.079795
0.083594
0.087638
0.091695
0.095647
0.09964
0.10376
0.10805
0.11252
0.11705
0.12174
0.1264
0.1311
0.13593
0.14089
0.14599
0.15123
0.15661
0.16205
0.16761
0.17319
0.17902
0.18483
0.19061
0.19666
0.20256
0.20841
0.21444
0.22051
0.22621
0.23213
0.23824
0.24415
0.2497
0.25554
0.26141
0.26675
0.27223
0.27759
0.28323
0.28827
0.29331
0.29874
0.30359
0.30834
0.31341
0.31814
0.32293
0.32722
0.33156
0.33599
0.34003
0.34416
0.34862
0.35295
0.35698
0.3606
0.36421
0.36758
0.3708
0.37413
0.3777
0.3812
0.38449
0.38743
0.39015
0.39263
0.395
0.39739
0.39988
0.40246
0.40499
0.40744
0.40938
0.41104
0.41258
0.41408
0.41556
0.41705
0.41854
0.42002
0.42118
0.42216
0.42305
0.42387
0.42463
0.42537
0.42608
0.42677
0.42745
0.42812
0.42878
0.42943
0.43008
0.43073
0.43137
0.43201
0.43265
0.43328
0.43391
0.43454
0.43516
0.43578
0.43639
0.43701
0.43763
0.43824
0.43886
0.43947
0.44008
0.4407
0.4413
0.44191
0.44252
0.44312
0.44372
0.44432
0.44492
0.44552
0.44611
0.44671
0.4473
0.4479
0.44849
0.44908
0.44967
0.45026
0.45086
0.45145
0.45204
0.45263
0.45322
0.45381
0.4544
0.45499
0.45559
0.45618
0.45677
0.45736
0.45795
0.45854
0.45913
0.45972
0.46031
