0
0
0.0026057
0.0046855
0.0068315
0.009415
0.012075
0.014734
0.017622
0.020763
0.024174
0.02755
0.031194
0.035021
0.039154
0.043264
0.047649
0.052199
0.057169
0.06209
0.067277
0.072656
0.078427
0.084243
0.090304
0.096588
0.10318
0.10999
0.117
0.12424
0.13176
0.13968
0.14783
0.15623
0.16493
0.17377
0.183
0.19215
0.20152
0.21082
0.22038
0.22971
0.23932
0.24891
0.25807
0.26751
0.27621
0.28512
0.29343
0.30174
0.30974
0.31757
0.32533
0.33249
0.33962
0.34644
0.35317
0.35986
0.36598
0.37188
0.37747
0.38282
0.38831
0.39334
0.39783
0.40223
0.40622
0.41015
0.41413
0.41775
0.42098
0.42378
0.42634
0.42882
0.43126
0.43345
0.43498
0.43629
0.4375
0.43865
0.43977
0.44086
0.44193
0.443
0.44405
0.44509
0.44612
0.44715
0.44817
0.44918
0.45019
0.4512
0.4522
0.4532
0.4542
0.4552
0.45619
0.45718
0.45818
0.45916
0.46015
