0
0
0.00035745
0.00068483
0.00099806
0.0012997
0.0015929
0.00188
0.0021632
0.0024446
0.0027261
0.0030098
0.003298
0.0035932
0.0038979
0.0042153
0.0045485
0.0049012
0.0052775
0.0056819
0.0061198
0.0065972
0.0071217
0.0077026
0.0083516
0.0090832
0.0099164
0.010755
0.011585
0.012413
0.01325
0.014106
0.014996
0.01594
0.016963
0.018027
0.019111
0.020251
0.021494
0.022904
0.024353
0.025737
0.027066
0.028355
0.029623
0.030892
0.032184
0.033525
0.034901
0.036323
0.037833
0.03948
0.041233
0.042953
0.044693
0.046512
0.048291
0.050018
0.051705
0.053375
0.055055
0.056745
0.058468
0.060266
0.062183
0.064166
0.066181
0.068285
0.070546
0.072946
0.075247
0.077468
0.079617
0.081716
0.083795
0.085887
0.088031
0.090222
0.092429
0.094703
0.097093
0.099663
0.10219
0.10473
0.10736
0.11008
0.1127
0.11525
0.11775
0.12024
0.12276
0.12533
0.12795
0.13067
0.13342
0.13619
0.13904
0.14205
0.14523
0.14829
0.15134
0.15437
0.15733
0.16026
0.16319
0.16617
0.16919
0.17223
0.17529
0.17844
0.18176
0.18501
0.18826
0.19161
0.19514
0.19879
0.20234
0.20581
0.20921
0.21261
0.21605
0.21949
0.22301
0.22659
0.23017
0.2338
0.23758
0.24155
0.24544
0.24934
0.25335
0.25733
0.26131
0.2652
0.26905
0.2729
0.27683
0.28079
0.28481
0.28882
0.29276
0.29673
0.30083
0.30515
0.30947
0.31381
0.3179
0.32187
0.32592
0.33011
0.33429
0.33862
0.34313
0.3475
0.35161
0.35561
0.35966
0.3639
0.36834
0.37284
0.37714
0.38125
0.38524
0.38928
0.39347
0.39739
0.40124
0.40514
0.40923
0.41357
0.41753
0.42132
0.42511
0.42903
0.4332
0.43734
0.4413
0.44517
0.4489
0.4525
0.45607
0.4597
0.46321
0.46657
0.46988
0.47325
0.47676
0.48021
0.48347
0.48668
0.48994
0.49335
0.49697
0.50067
0.50407
0.50733
0.51057
0.5139
0.51742
0.52097
0.52435
0.5274
0.53028
0.53307
0.53584
0.53865
0.54144
0.54418
0.54694
0.54978
0.55273
0.55556
0.55822
0.56084
0.56349
0.56624
0.56916
0.57228
0.57562
0.5789
0.58198
0.58494
0.58755
0.58989
0.59206
0.59412
0.59612
0.59808
0.60004
0.60197
0.60384
0.60571
0.60759
0.60953
0.61152
0.61358
0.61572
0.61792
0.62019
0.62248
0.6247
0.62686
0.62899
0.63086
0.63244
0.63385
0.63514
0.63635
0.63751
0.63864
0.63974
0.64082
0.6419
0.64296
0.64402
0.64508
0.64614
0.6472
0.64825
0.64931
0.65037
0.65143
0.65249
0.65348
0.65437
0.65519
0.65597
0.65669
0.65739
0.65806
0.6587
0.65933
0.65993
0.66052
0.6611
0.66168
0.66224
0.6628
0.66335
0.66389
0.66444
0.66498
0.66551
0.66604
0.66657
0.66709
0.66761
0.66812
0.66863
0.66914
0.66965
0.67015
0.67064
0.67113
0.67162
0.6721
0.67258
0.67306
0.67353
0.674
0.67447
0.67494
0.6754
0.67587
0.67633
0.67679
0.67726
0.67772
0.67818
0.67863
0.67909
0.67954
0.68
0.68045
0.6809
0.68135
0.6818
0.68224
0.68269
0.68314
0.68358
0.68402
0.68446
0.6849
0.68534
0.68578
0.68621
0.68665
0.68708
0.68752
0.68795
0.68838
0.68881
0.68924
0.68966
0.69009
0.69052
0.69094
0.69137
0.69179
0.69221
0.69263
0.69305
0.69347
0.69389
0.69431
0.69472
0.69514
0.69555
0.69597
0.69638
0.69679
0.69721
0.69762
0.69803
0.69844
0.69885
0.69926
0.69967
0.70008
0.70048
0.70089
0.7013
0.70171
0.70211
0.70252
0.70292
0.70333
0.70373
0.70414
0.70454
0.70494
0.70535
0.70575
0.70615
0.70655
0.70696
0.70736
0.70776
0.70816
0.70856
0.70896
0.70936
0.70976
0.71016
0.71056
0.71096
0.71136
0.71176
0.71215
0.71255
0.71295
0.71335
0.71374
0.71414
0.71454
0.71494
0.71533
0.71573
0.71612
0.71652
0.71692
0.71731
0.71771
0.7181
0.7185
0.71889
0.71928
0.71968
0.72007
0.72047
0.72086
0.72125
0.72164
0.72204
0.72243
0.72282
0.72321
0.7236
0.72399
0.72439
0.72478
0.72517
0.72556
0.72595
0.72634
0.72673
0.72711
0.7275
0.72789
0.72828
0.72867
0.72906
0.72945
0.72984
0.73023
0.73062
0.73101
0.73139
0.73178
0.73217
0.73256
0.73295
0.73334
0.73373
0.73412
0.73451
0.7349
0.73529
0.73568
0.73606
0.73645
0.73684
0.73723
0.73762
0.73801
0.7384
0.73879
0.73918
0.73957
0.73996
0.74034
0.74073
0.74112
0.74151
0.7419
0.74229
0.74268
0.74307
0.74346
0.74385
0.74424
0.74462
0.74501
0.7454
0.74579
0.74618
0.74657
0.74696
0.74735
0.74774
0.74812
0.74851
0.7489
0.74929
0.74968
0.75007
0.75046
0.75085
0.75124
0.75163
0.75201
0.7524
0.75279
0.75318
0.75357
0.75396
0.75435
0.75474
0.75513
0.75552
0.75591
0.75629
0.75668
0.75707
0.75746
0.75785
0.75824
0.75863
0.75902
0.75941
0.7598
0.76019
0.76058
0.76097
0.76136
0.76175
0.76214
0.76253
0.76292
0.76332
0.76371
0.7641
0.76449
0.76488
0.76527
0.76566
0.76605
0.76644
0.76683
0.76722
0.76761
0.768
0.76839
0.76878
0.76916
0.76955
0.76994
0.77033
0.77072
0.77111
0.7715
0.77189
0.77228
0.77267
0.77306
0.77345
0.77384
0.77423
0.77461
0.775
0.77539
0.77578
0.77617
0.77656
0.77695
0.77734
0.77773
0.77812
0.77851
0.77889
0.77928
0.77967
0.78006
0.78045
0.78084
0.78123
0.78162
0.78201
0.7824
0.78279
0.78318
0.78357
0.78396
0.78435
0.78474
0.78513
0.78552
0.78592
0.78631
0.7867
0.78709
0.78749
0.78788
0.78827
0.78867
0.78906
0.78945
0.78985
0.79024
0.79063
0.79103
0.79142
0.79181
0.79221
0.7926
0.79299
0.79339
0.79378
0.79417
0.79457
0.79496
0.79536
0.79575
0.79614
0.79654
0.79693
0.79733
0.79772
0.79812
0.79852
0.79891
0.79931
0.7997
0.8001
0.8005
0.8009
0.80129
0.80169
0.80209
0.8025
0.8029
0.8033
0.8037
0.8041
0.8045
0.8049
0.8053
0.8057
0.8061
0.8065
0.8069
0.8073
0.8077
0.8081
0.8085
0.8089
0.80929
0.80969
0.81009
0.81049
0.81089
0.81128
0.81168
0.81208
0.81248
0.81288
0.81328
0.81368
0.81408
0.81448
0.81488
0.81528
0.81568
0.81608
0.81647
0.81687
0.81727
0.81767
0.81807
0.81847
0.81887
0.81927
0.81967
0.82007
0.82047
0.82087
0.82127
0.82167
0.82208
0.82248
0.82288
0.82328
0.82368
0.82409
0.82449
0.82489
0.82529
0.8257
0.8261
0.8265
0.82691
0.82731
0.82771
0.82811
0.82852
0.82892
0.82933
0.82973
0.83013
0.83054
0.83094
0.83135
0.83175
0.83215
0.83256
0.83296
0.83337
0.83377
0.83418
0.83458
0.83499
0.8354
0.8358
0.83621
0.83662
0.83702
0.83743
0.83784
0.83824
0.83865
0.83906
0.83947
0.83987
0.84028
0.84069
0.8411
0.84151
0.84192
0.84233
0.84274
0.84315
0.84356
0.84397
0.84438
0.84479
0.8452
0.84561
0.84602
0.84642
0.84683
0.84724
0.84765
0.84807
0.84848
0.84889
0.8493
0.84971
0.85012
0.85053
0.85094
0.85135
0.85176
0.85217
0.85258
0.85299
0.8534
0.85381
0.85422
0.85463
0.85505
0.85546
0.85587
0.85628
0.85669
0.85711
0.85752
0.85793
0.85834
0.85876
0.85917
0.85958
0.86
0.86041
0.86083
0.86125
0.86166
0.86208
0.86249
0.86291
0.86333
0.86374
0.86416
0.86458
0.865
0.86541
0.86583
0.86625
0.86667
0.86709
0.86751
0.86793
0.86835
0.86877
0.86919
0.86961
0.87003
0.87045
0.87087
0.8713
0.87172
0.87214
0.87256
0.87298
0.87341
0.87383
0.87425
0.87468
0.8751
0.87552
0.87594
0.87637
0.87679
0.87722
0.87764
0.87806
0.87849
0.87891
0.87934
0.87976
0.88018
0.88061
0.88103
0.88146
0.88188
0.88231
0.88274
0.88316
0.88359
0.88402
0.88445
0.88487
0.8853
0.88573
0.88616
0.88658
0.88701
0.88744
0.88787
0.8883
0.88872
0.88915
0.88958
0.89001
0.89044
0.89087
0.8913
0.89173
0.89216
0.89259
0.89302
0.89345
0.89388
0.89431
0.89474
0.89517
0.89561
0.89604
0.89647
0.8969
0.89734
0.89777
0.8982
0.89864
0.89907
0.8995
0.89994
0.90038
0.90081
0.90125
0.90169
0.90212
0.90256
0.903
0.90344
0.90388
0.90432
0.90475
0.90519
0.90563
0.90607
0.90651
0.90694
0.90738
0.90782
0.90826
0.9087
0.90914
0.90958
0.91002
0.91046
0.9109
0.91134
0.91178
0.91222
0.91267
0.91311
0.91355
0.914
0.91444
0.91488
0.91533
0.91577
0.91622
0.91666
0.91711
0.91756
0.918
0.91845
0.9189
0.91935
0.91979
0.92024
0.92069
0.92114
0.9216
0.92205
0.9225
0.92295
0.92341
0.92386
0.92431
0.92476
0.92521
0.92566
0.92611
0.92657
0.92702
0.92747
0.92792
0.92837
0.92883
0.92928
0.92973
0.93019
0.93064
0.9311
0.93155
0.93201
0.93246
0.93292
0.93337
0.93382
0.93428
0.93473
0.93518
0.93563
0.93609
0.93654
0.937
0.93745
0.93791
0.93836
0.93881
0.93927
0.93972
0.94018
0.94064
0.94109
0.94155
0.94201
0.94247
0.94292
0.94338
0.94384
0.9443
0.94475
0.94521
0.94567
0.94613
0.94659
0.94705
0.94751
0.94797
0.94843
0.94889
0.94935
0.94981
0.95027
0.95072
0.95118
0.95164
0.9521
0.95255
0.95301
0.95347
0.95393
0.95439
0.95485
0.95531
0.95577
0.95623
0.95669
0.95715
0.95762
0.95808
0.95854
0.959
0.95947
0.95993
0.96039
0.96086
0.96133
0.96179
0.96226
0.96272
0.96319
0.96365
0.96411
0.96458
0.96505
0.96551
0.96598
0.96644
0.96691
0.96737
0.96784
0.9683
0.96877
0.96923
0.9697
0.97016
0.97062
0.97109
0.97155
0.97202
0.97249
0.97296
0.97343
0.9739
0.97436
0.97483
0.9753
0.97577
0.97624
0.97671
0.97718
0.97765
0.97812
0.97859
0.97906
0.97953
0.98
0.98047
0.98094
0.98142
0.98189
0.98237
0.98284
0.98332
0.98379
0.98427
0.98475
0.98523
0.98571
0.98619
0.98667
0.98714
0.98762
0.9881
0.98858
0.98907
0.98955
0.99003
0.99052
0.99101
0.99149
0.99198
0.99247
0.99296
0.99345
0.99394
0.99443
0.99492
0.99542
0.99591
0.9964
0.99689
0.99738
0.99787
0.99835
0.99884
0.99932
0.99981
1.0003
0
0.00035745
0.00068482
0.00099806
0.0012996
0.0015929
0.00188
0.0021632
0.0024446
0.0027261
0.0030098
0.003298
0.0035932
0.0038979
0.0042153
0.0045485
0.0049012
0.0052774
0.0056819
0.0061199
0.0065975
0.007122
0.0077029
0.0083518
0.0090834
0.0099168
0.010755
0.011585
0.012413
0.013249
0.014105
0.014996
0.01594
0.016962
0.018028
0.019114
0.020257
0.021504
0.022917
0.024366
0.025748
0.027077
0.028369
0.02964
0.030912
0.032206
0.033549
0.034923
0.036332
0.037814
0.039418
0.041172
0.042889
0.044617
0.046417
0.048197
0.049927
0.051618
0.053291
0.054972
0.056661
0.058376
0.060157
0.062049
0.064034
0.066035
0.068107
0.070314
0.072721
0.075036
0.077265
0.079419
0.081525
0.08361
0.085704
0.087845
0.090056
0.092256
0.094491
0.096823
0.099314
0.10184
0.10437
0.10698
0.10972
0.11235
0.11491
0.11742
0.11991
0.12243
0.125
0.1276
0.13029
0.13305
0.1358
0.13862
0.14156
0.14471
0.1478
0.15084
0.15389
0.15685
0.15976
0.16268
0.16563
0.16864
0.17166
0.17471
0.17782
0.18109
0.18435
0.18759
0.19089
0.19433
0.19797
0.20154
0.20501
0.20841
0.21178
0.21519
0.21862
0.2221
0.22566
0.22921
0.23281
0.23653
0.24045
0.24434
0.24821
0.25216
0.25615
0.26012
0.26401
0.26784
0.27167
0.27555
0.2795
0.28348
0.28747
0.2914
0.29536
0.29942
0.30368
0.30799
0.31231
0.31646
0.32043
0.32443
0.3286
0.33275
0.33701
0.34152
0.34598
0.35015
0.35415
0.35816
0.36232
0.36676
0.3712
0.37555
0.37967
0.38367
0.38767
0.39183
0.39576
0.39959
0.40347
0.40751
0.41182
0.4158
0.41959
0.42335
0.4272
0.43126
0.43537
0.43932
0.44325
0.44697
0.45055
0.4541
0.45773
0.46124
0.46459
0.4679
0.47126
0.47473
0.47824
0.48152
0.48472
0.48794
0.49126
0.49478
0.49854
0.50204
0.50534
0.50856
0.51184
0.51527
0.51881
0.52217
0.52522
0.52808
0.53086
0.53362
0.5364
0.53923
0.54197
0.5447
0.54748
0.55036
0.5533
0.55601
0.55863
0.56124
0.56393
0.56675
0.56976
0.57299
0.57631
0.57943
0.58241
0.58508
0.58744
0.58962
0.59168
0.59368
0.59563
0.59758
0.59953
0.60142
0.60327
0.60513
0.60703
0.60898
0.611
0.61308
0.61524
0.61747
0.61978
0.62201
0.62417
0.62629
0.62832
0.62999
0.63145
0.63277
0.63401
0.63518
0.63631
0.63741
0.63849
0.63956
0.64062
0.64167
0.64273
0.64378
0.64483
0.64588
0.64693
0.64798
0.64904
0.65009
0.65115
0.65209
0.65296
0.65376
0.65451
0.65522
0.65591
0.65656
0.65719
0.65781
0.65841
0.659
0.65958
0.66016
0.66072
0.66128
0.66183
0.66238
0.66292
0.66345
0.66397
0.66449
0.66501
0.66551
0.66602
0.66651
0.667
0.66749
0.66797
0.66845
0.66892
0.6694
0.66986
0.67033
0.67079
0.67125
0.67171
0.67216
0.67261
0.67306
0.6735
0.67394
0.67438
0.67482
0.67526
0.67569
0.67612
0.67656
0.67698
0.67741
0.67784
0.67826
0.67869
0.67911
0.67953
0.67995
0.68037
0.68079
0.68121
0.68162
0.68204
0.68245
0.68286
0.68328
0.68369
0.6841
0.68451
0.68492
0.68533
0.68574
0.68615
0.68656
0.68697
0.68738
0.68779
0.6882
0.68861
0.68902
0.68942
0.68983
0.69024
0.69064
0.69105
0.69145
0.69186
0.69226
0.69267
0.69307
0.69348
0.69389
0.69429
0.6947
0.6951
0.69551
0.69591
0.69632
0.69673
0.69713
0.69754
0.69795
0.69836
0.69876
0.69917
0.69958
0.69999
0.70039
0.7008
0.7012
0.70161
0.70202
0.70242
0.70283
0.70323
0.70364
0.70404
0.70445
0.70485
0.70526
0.70566
0.70606
0.70647
0.70687
0.70727
0.70767
0.70807
0.70847
0.70887
0.70927
0.70966
0.71006
0.71046
0.71086
0.71126
0.71166
0.71205
0.71245
0.71285
0.71325
0.71365
0.71404
0.71444
0.71484
0.71524
0.71563
0.71603
0.71643
0.71682
0.71722
0.71762
0.71801
0.71841
0.71881
0.7192
0.7196
0.71999
0.72038
0.72078
0.72117
0.72156
0.72196
0.72235
0.72274
0.72313
0.72352
0.72391
0.72431
0.7247
0.72509
0.72547
0.72586
0.72625
0.72664
0.72703
0.72742
0.72781
0.72819
0.72858
0.72897
0.72936
0.72974
0.73013
0.73051
0.7309
0.73129
0.73167
0.73206
0.73244
0.73283
0.73322
0.7336
0.73399
0.73437
0.73476
0.73515
0.73553
0.73592
0.7363
0.73669
0.73707
0.73746
0.73785
0.73823
0.73862
0.739
0.73939
0.73977
0.74016
0.74055
0.74093
0.74132
0.7417
0.74209
0.74248
0.74286
0.74325
0.74363
0.74402
0.74441
0.74479
0.74518
0.74556
0.74595
0.74633
0.74672
0.74711
0.74749
0.74788
0.74827
0.74865
0.74904
0.74942
0.74981
0.7502
0.75058
0.75097
0.75135
0.75174
0.75212
0.75251
0.7529
0.75328
0.75367
0.75406
0.75444
0.75483
0.75521
0.7556
0.75599
0.75637
0.75676
0.75715
0.75753
0.75792
0.75831
0.75869
0.75908
0.75947
0.75985
0.76024
0.76063
0.76101
0.7614
0.76179
0.76217
0.76256
0.76295
0.76333
0.76372
0.7641
0.76449
0.76487
0.76526
0.76565
0.76603
0.76642
0.7668
0.76719
0.76757
0.76796
0.76834
0.76873
0.76912
0.7695
0.76989
0.77027
0.77066
0.77105
0.77143
0.77182
0.7722
0.77259
0.77297
0.77336
0.77374
0.77413
0.77452
0.7749
0.77529
0.77567
0.77606
0.77644
0.77683
0.77721
0.7776
0.77798
0.77837
0.77876
0.77914
0.77953
0.77992
0.7803
0.78069
0.78108
0.78146
0.78185
0.78224
0.78262
0.78301
0.7834
0.78379
0.78418
0.78456
0.78495
0.78534
0.78573
0.78612
0.78651
0.7869
0.78729
0.78768
0.78807
0.78846
0.78885
0.78924
0.78962
0.79001
0.7904
0.7908
0.79119
0.79158
0.79197
0.79236
0.79275
0.79314
0.79353
0.79392
0.79431
0.7947
0.79509
0.79549
0.79588
0.79627
0.79666
0.79705
0.79744
0.79783
0.79822
0.79861
0.799
0.79939
0.79979
0.80018
0.80057
0.80096
0.80135
0.80175
0.80214
0.80253
0.80292
0.80332
0.80371
0.8041
0.8045
0.80489
0.80528
0.80568
0.80607
0.80647
0.80686
0.80725
0.80765
0.80804
0.80844
0.80883
0.80923
0.80962
0.81001
0.81041
0.8108
0.8112
0.81159
0.81199
0.81238
0.81278
0.81317
0.81357
0.81396
0.81436
0.81476
0.81515
0.81555
0.81595
0.81635
0.81674
0.81714
0.81754
0.81794
0.81834
0.81874
0.81914
0.81953
0.81993
0.82034
0.82074
0.82114
0.82154
0.82194
0.82234
0.82274
0.82314
0.82354
0.82394
0.82434
0.82474
0.82514
0.82554
0.82595
0.82635
0.82675
0.82715
0.82755
0.82796
0.82836
0.82876
0.82916
0.82956
0.82996
0.83036
0.83076
0.83116
0.83156
0.83197
0.83237
0.83277
0.83317
0.83357
0.83397
0.83438
0.83478
0.83518
0.83558
0.83599
0.83639
0.83679
0.8372
0.8376
0.838
0.83841
0.83881
0.83921
0.83962
0.84002
0.84043
0.84083
0.84123
0.84164
0.84204
0.84245
0.84285
0.84326
0.84366
0.84407
0.84447
0.84488
0.84529
0.8457
0.8461
0.84651
0.84692
0.84733
0.84773
0.84814
0.84855
0.84895
0.84936
0.84977
0.85018
0.85058
0.85099
0.8514
0.85181
0.85221
0.85262
0.85303
0.85344
0.85385
0.85426
0.85467
0.85508
0.85549
0.85589
0.8563
0.85671
0.85712
0.85753
0.85794
0.85834
0.85875
0.85916
0.85957
0.85998
0.86039
0.8608
0.86121
0.86162
0.86203
0.86244
0.86285
0.86326
0.86367
0.86409
0.8645
0.86491
0.86532
0.86573
0.86615
0.86656
0.86697
0.86738
0.8678
0.86821
0.86863
0.86904
0.86946
0.86988
0.87029
0.87071
0.87113
0.87154
0.87196
0.87237
0.87279
0.8732
0.87362
0.87404
0.87445
0.87487
0.87529
0.8757
0.87612
0.87653
0.87695
0.87736
0.87778
0.8782
0.87862
0.87903
0.87945
0.87987
0.8803
0.88072
0.88114
0.88157
0.88199
0.88242
0.88284
0.88326
0.88369
0.88411
0.88454
0.88496
0.88539
0.88581
0.88623
0.88666
0.88708
0.8875
0.88793
0.88835
0.88878
0.8892
0.88963
0.89005
0.89048
0.89091
0.89133
0.89176
0.89219
0.89262
0.89304
0.89347
0.8939
0.89433
0.89476
0.89519
0.89562
0.89605
0.89648
0.89691
0.89734
0.89777
0.8982
0.89863
0.89907
0.8995
0.89993
0.90037
0.9008
0.90123
0.90166
0.9021
0.90253
0.90297
0.9034
0.90383
0.90427
0.9047
0.90514
0.90558
0.90601
0.90645
0.90688
0.90732
0.90776
0.9082
0.90863
0.90907
0.90951
0.90994
0.91038
0.91082
0.91125
0.91169
0.91212
0.91256
0.913
0.91344
0.91388
0.91432
0.91476
0.9152
0.91564
0.91607
0.91651
0.91696
0.9174
0.91784
0.91828
0.91873
0.91917
0.91962
0.92006
0.9205
0.92095
0.92139
0.92183
0.92228
0.92272
0.92316
0.9236
0.92404
0.92449
0.92493
0.92537
0.92581
0.92626
0.9267
0.92715
0.92759
0.92804
0.92848
0.92893
0.92937
0.92982
0.93027
0.93071
0.93116
0.9316
0.93205
0.9325
0.93295
0.93339
0.93384
0.9343
0.93475
0.9352
0.93565
0.93611
0.93656
0.93702
0.93747
0.93793
0.93838
0.93884
0.93929
0.93975
0.94021
0.94066
0.94112
0.94157
0.94203
0.94248
0.94293
0.94339
0.94384
0.9443
0.94475
0.94521
0.94566
0.94612
0.94657
0.94702
0.94748
0.94793
0.94839
0.94884
0.9493
0.94975
0.95021
0.95067
0.95112
0.95158
0.95204
0.9525
0.95295
0.95341
0.95387
0.95433
0.95479
0.95524
0.9557
0.95616
0.95662
0.95707
0.95753
0.95799
0.95845
0.95891
0.95937
0.95983
0.96029
0.96074
0.9612
0.96166
0.96212
0.96258
0.96304
0.9635
0.96396
0.96442
0.96487
0.96533
0.96579
0.96626
0.96672
0.96718
0.96764
0.9681
0.96856
0.96902
0.96949
0.96995
0.97041
0.97088
0.97134
0.9718
0.97227
0.97273
0.97319
0.97366
0.97412
0.97458
0.97505
0.97551
0.97598
0.97645
0.97691
0.97738
0.97785
0.97832
0.97879
0.97926
0.97973
0.9802
0.98068
0.98115
0.98162
0.9821
0.98257
0.98304
0.98352
0.98399
0.98447
0.98494
0.98542
0.98589
0.98637
0.98684
0.98732
0.9878
0.98827
0.98875
0.98922
0.9897
0.99018
0.99065
0.99113
0.99162
0.9921
0.99258
0.99306
0.99354
0.99403
0.99451
0.99499
0.99547
0.99595
0.99643
0.99691
0.99739
0.99787
0.99835
0.99883
0.99932
0.9998
1.0003
0
0.00056023
0.0010499
0.0015154
0.0019675
0.0024151
0.0028655
0.0033264
0.0038069
0.004318
0.0048725
0.0054855
0.006175
0.0069629
0.0078775
0.0089587
0.010266
0.011583
0.012912
0.014297
0.015803
0.017535
0.019398
0.021404
0.023745
0.025928
0.028021
0.030091
0.032222
0.034538
0.036955
0.039573
0.04264
0.045622
0.048419
0.051128
0.053843
0.056686
0.059585
0.062702
0.066236
0.069779
0.07345
0.076938
0.08035
0.083805
0.087286
0.090974
0.09477
0.098667
0.10292
0.10734
0.11152
0.11559
0.1197
0.1239
0.12825
0.13274
0.13764
0.14247
0.14747
0.15233
0.15706
0.1618
0.16673
0.17182
0.17706
0.18232
0.1879
0.19365
0.19933
0.20482
0.21031
0.216
0.22182
0.2277
0.23394
0.24012
0.24648
0.2531
0.25949
0.26582
0.27216
0.27881
0.28562
0.29244
0.29959
0.30648
0.3135
0.32097
0.32829
0.33568
0.34272
0.34991
0.35741
0.3653
0.37277
0.37988
0.38729
0.39524
0.40245
0.40955
0.41678
0.42358
0.43051
0.4381
0.44494
0.45164
0.45864
0.46551
0.47203
0.47824
0.48463
0.49061
0.49641
0.50243
0.50842
0.51405
0.51981
0.52609
0.53216
0.53782
0.54361
0.54945
0.55471
0.5596
0.56443
0.56943
0.57424
0.57913
0.58416
0.58876
0.59334
0.59821
0.60357
0.60939
0.61446
0.61868
0.62236
0.62582
0.62921
0.6325
0.63575
0.6391
0.64261
0.64632
0.65025
0.65425
0.6581
0.66096
0.66329
0.66539
0.66738
0.6693
0.67119
0.67305
0.6749
0.67674
0.67858
0.68042
0.6821
0.68357
0.6849
0.68614
0.68731
0.68842
0.68948
0.69051
0.6915
0.69247
0.69342
0.69435
0.69526
0.69616
0.69705
0.69792
0.69878
0.69963
0.70047
0.7013
0.70212
0.70294
0.70375
0.70455
0.70535
0.70614
0.70693
0.7077
0.70848
0.70925
0.71001
0.71077
0.71153
0.71228
0.71302
0.71377
0.71451
0.71524
0.71597
0.7167
0.71742
0.71815
0.71886
0.71958
0.72029
0.721
0.72171
0.72241
0.72312
0.72382
0.72451
0.72521
0.7259
0.7266
0.72729
0.72797
0.72866
0.72934
0.73003
0.73071
0.73139
0.73207
0.73275
0.73342
0.7341
0.73477
0.73545
0.73612
0.73679
0.73746
0.73813
0.7388
0.73946
0.74013
0.7408
0.74146
0.74213
0.74279
0.74345
0.74411
0.74478
0.74544
0.7461
0.74676
0.74742
0.74808
0.74873
0.74939
0.75005
0.75071
0.75136
0.75202
0.75267
0.75333
0.75398
0.75464
0.75529
0.75594
0.7566
0.75725
0.7579
0.75855
0.75921
0.75986
0.76051
0.76116
0.76181
0.76246
0.76311
0.76376
0.76441
0.76506
0.76571
0.76636
0.76701
0.76766
0.76831
0.76896
0.76961
0.77026
0.7709
0.77155
0.7722
0.77285
0.7735
0.77415
0.77479
0.77544
0.77609
0.77674
0.77739
0.77804
0.77868
0.77933
0.77998
0.78063
0.78128
0.78193
0.78257
0.78322
0.78387
0.78452
0.78517
0.78582
0.78647
0.78712
0.78777
0.78842
0.78907
0.78971
0.79036
0.79101
0.79167
0.79232
0.79297
0.79362
0.79427
0.79492
0.79557
0.79622
0.79687
0.79753
0.79818
0.79883
0.79948
0.80014
0.80079
0.80144
0.8021
0.80275
0.8034
0.80406
0.80471
0.80537
0.80602
0.80668
0.80734
0.80799
0.80865
0.8093
0.80996
0.81062
0.81128
0.81193
0.81259
0.81325
0.81391
0.81457
0.81523
0.81589
0.81655
0.81721
0.81787
0.81853
0.81919
0.81986
0.82052
0.82118
0.82184
0.82251
0.82317
0.82384
0.8245
0.82517
0.82583
0.8265
0.82716
0.82783
0.8285
0.82917
0.82983
0.8305
0.83117
0.83184
0.83251
0.83318
0.83385
0.83452
0.83519
0.83586
0.83654
0.83721
0.83788
0.83856
0.83923
0.8399
0.84058
0.84126
0.84193
0.84261
0.84328
0.84396
0.84464
0.84532
0.846
0.84668
0.84736
0.84804
0.84872
0.8494
0.85008
0.85076
0.85145
0.85213
0.85281
0.8535
0.85418
0.85487
0.85555
0.85624
0.85693
0.85762
0.8583
0.85899
0.85968
0.86037
0.86106
0.86175
0.86244
0.86313
0.86383
0.86452
0.86521
0.86591
0.8666
0.8673
0.86799
0.86869
0.86939
0.87009
0.87079
0.87148
0.87218
0.87288
0.87358
0.87428
0.87498
0.87568
0.87639
0.87709
0.87779
0.87849
0.8792
0.8799
0.8806
0.88131
0.88202
0.88272
0.88343
0.88414
0.88484
0.88555
0.88626
0.88697
0.88768
0.88839
0.8891
0.88982
0.89053
0.89124
0.89196
0.89267
0.89339
0.8941
0.89482
0.89554
0.89625
0.89697
0.89769
0.89841
0.89913
0.89985
0.90058
0.9013
0.90202
0.90275
0.90347
0.9042
0.90492
0.90565
0.90638
0.9071
0.90783
0.90856
0.90929
0.91002
0.91075
0.91149
0.91222
0.91295
0.91369
0.91442
0.91516
0.91589
0.91663
0.91737
0.91811
0.91885
0.91959
0.92033
0.92107
0.92181
0.92256
0.9233
0.92404
0.92479
0.92553
0.92628
0.92703
0.92778
0.92853
0.92928
0.93003
0.93078
0.93153
0.93228
0.93304
0.93379
0.93455
0.9353
0.93606
0.93682
0.93757
0.93833
0.93909
0.93985
0.94061
0.94138
0.94214
0.9429
0.94367
0.94443
0.9452
0.94596
0.94673
0.9475
0.94827
0.94904
0.94981
0.95058
0.95136
0.95213
0.9529
0.95368
0.95445
0.95523
0.95601
0.95679
0.95757
0.95835
0.95913
0.95991
0.96069
0.96147
0.96226
0.96304
0.96383
0.96462
0.9654
0.96619
0.96698
0.96777
0.96856
0.96936
0.97015
0.97094
0.97174
0.97253
0.97333
0.97413
0.97492
0.97572
0.97652
0.97732
0.97813
0.97893
0.97973
0.98054
0.98134
0.98215
0.98296
0.98376
0.98457
0.98538
0.98619
0.98701
0.98782
0.98863
0.98945
0.99026
0.99108
0.9919
0.99271
0.99353
0.99435
0.99518
0.996
0.99682
0.99764
0.99847
0.9993
1.0001
