0
0
0.010755
0.020251
0.030892
0.041233
0.050018
0.060266
0.070546
0.081716
0.090222
0.10219
0.11008
0.12024
0.13067
0.14205
0.15134
0.16026
0.17223
0.18176
0.19161
0.20234
0.21261
0.22301
0.23017
0.24155
0.25335
0.26131
0.2729
0.28079
0.29276
0.30083
0.31381
0.32187
0.33011
0.34313
0.35161
0.3639
0.37284
0.38125
0.39347
0.40124
0.41357
0.42132
0.4332
0.4413
0.4525
0.46321
0.47325
0.48021
0.49335
0.50067
0.51057
0.52097
0.53028
0.54144
0.55273
0.56084
0.57228
0.58198
0.59206
0.60004
0.61152
0.62019
0.63086
0.64082
0.65037
0.66052
0.67015
0.68045
0.69009
0.70008
0.71016
0.72007
0.73023
0.74034
0.75007
0.76019
0.77033
0.78006
0.79024
0.8001
0.81009
0.82007
0.83013
0.84028
0.85012
0.86041
0.87003
0.88018
0.89001
0.90038
0.91002
0.92024
0.93019
0.94018
0.95027
0.96039
0.97016
0.98047
0.99003
1.0003
0
0.010755
0.020257
0.030912
0.041172
0.051618
0.060157
0.070314
0.081525
0.090056
0.10184
0.11235
0.12243
0.13029
0.14156
0.15084
0.16268
0.17166
0.18109
0.19089
0.20154
0.21178
0.2221
0.23281
0.24045
0.25216
0.26012
0.27167
0.28348
0.2914
0.30368
0.31231
0.32043
0.33275
0.34152
0.35015
0.36232
0.3712
0.38367
0.39183
0.40347
0.41182
0.42335
0.43126
0.44325
0.45055
0.46124
0.47126
0.48152
0.49126
0.50204
0.51184
0.52217
0.53086
0.54197
0.55036
0.56124
0.57299
0.58241
0.59168
0.60142
0.611
0.62201
0.63145
0.64062
0.65009
0.66016
0.67033
0.68037
0.69024
0.70039
0.71006
0.72038
0.73013
0.74016
0.7502
0.76024
0.77027
0.7803
0.79001
0.80018
0.81001
0.82034
0.83036
0.84002
0.85018
0.86039
0.87029
0.8803
0.89005
0.90037
0.91038
0.92006
0.93027
0.94021
0.95021
0.96029
0.97041
0.9802
0.99018
1.0003
0
0.010266
0.021404
0.030091
0.04264
0.051128
0.062702
0.07345
0.08035
0.090974
0.10292
0.11152
0.1239
0.13274
0.14247
0.15233
0.1618
0.17182
0.18232
0.19365
0.20482
0.21031
0.22182
0.23394
0.24012
0.2531
0.26582
0.27216
0.28562
0.29244
0.30648
0.3135
0.32097
0.33568
0.34272
0.35741
0.3653
0.37277
0.38729
0.39524
0.40245
0.41678
0.42358
0.43051
0.44494
0.45164
0.46551
0.47203
0.48463
0.49061
0.50243
0.51405
0.52609
0.53216
0.54361
0.55471
0.56443
0.57424
0.58416
0.59334
0.60357
0.61446
0.62236
0.6325
0.64261
0.65025
0.66096
0.67119
0.68042
0.69051
0.70047
0.71001
0.72029
0.73003
0.74013
0.75005
0.76051
0.77026
0.78063
0.79036
0.80014
0.81062
0.82052
0.8305
0.84058
0.85008
0.86037
0.87009
0.8806
0.89053
0.90058
0.91002
0.92033
0.93003
0.94061
0.95058
0.96069
0.97015
0.98054
0.99026
1.0001
