    0.000e+00     1.000e+00     0.000e+00     0.000e+00 
    3.574e-04     1.000e+00     8.103e-04     1.000e-06 
    6.848e-04     1.000e+00     1.546e-03     1.000e-06 
    9.981e-04     1.000e+00     2.198e-03     1.000e-06 
    1.300e-03     1.000e+00     2.787e-03     1.000e-06 
    1.593e-03     1.000e+00     3.326e-03     1.000e-06 
    1.880e-03     1.000e+00     3.826e-03     1.000e-06 
    2.163e-03     1.000e+00     4.297e-03     1.000e-06 
    2.445e-03     1.000e+00     4.744e-03     1.000e-06 
    2.726e-03     1.000e+00     5.173e-03     1.000e-06 
    3.010e-03     1.000e+00     5.590e-03     1.000e-06 
    3.298e-03     1.000e+00     6.000e-03     1.000e-06 
    3.593e-03     1.000e+00     6.406e-03     1.000e-06 
    3.898e-03     1.000e+00     6.812e-03     1.000e-06 
    4.215e-03     1.000e+00     7.224e-03     1.000e-06 
    4.548e-03     1.000e+00     7.645e-03     1.000e-06 
    4.901e-03     1.000e+00     8.079e-03     1.000e-06 
    5.277e-03     1.000e+00     8.532e-03     1.000e-06 
    5.682e-03     1.000e+00     9.007e-03     1.000e-06 
    6.120e-03     1.000e+00     9.511e-03     1.000e-06 
    6.597e-03     1.000e+00     1.005e-02     1.000e-06 
    7.122e-03     1.000e+00     1.063e-02     1.000e-06 
    7.703e-03     1.000e+00     1.126e-02     1.000e-06 
    8.352e-03     1.000e+00     1.196e-02     1.000e-06 
    9.083e-03     1.000e+00     1.273e-02     1.000e-06 
    9.917e-03     1.000e+00     1.360e-02     1.000e-06 
    1.076e-02     1.000e+00     1.447e-02     1.000e-06 
    1.158e-02     1.000e+00     1.532e-02     1.000e-06 
    1.241e-02     1.000e+00     1.616e-02     1.000e-06 
    1.325e-02     1.000e+00     1.701e-02     1.000e-06 
    1.411e-02     1.000e+00     1.787e-02     1.000e-06 
    1.500e-02     1.000e+00     1.877e-02     1.000e-06 
    1.594e-02     1.000e+00     1.972e-02     1.000e-06 
    1.696e-02     1.000e+00     2.074e-02     1.000e-06 
    1.803e-02     1.000e+00     2.181e-02     1.000e-06 
    1.912e-02     1.000e+00     2.290e-02     1.000e-06 
    2.026e-02     1.000e+00     2.404e-02     1.000e-06 
    2.151e-02     1.000e+00     2.529e-02     1.000e-06 
    2.292e-02     1.000e+00     2.670e-02     1.000e-06 
    2.437e-02     1.000e+00     2.815e-02     1.000e-06 
    2.575e-02     1.000e+00     2.954e-02     1.000e-06 
    2.708e-02     1.000e+00     3.087e-02     1.000e-06 
    2.837e-02     1.000e+00     3.216e-02     1.000e-06 
    2.964e-02     1.000e+00     3.343e-02     1.000e-06 
    3.091e-02     1.000e+00     3.470e-02     1.000e-06 
    3.221e-02     1.000e+00     3.599e-02     1.000e-06 
    3.355e-02     1.000e+00     3.734e-02     1.000e-06 
    3.493e-02     1.000e+00     3.871e-02     1.000e-06 
    3.635e-02     1.000e+00     4.014e-02     1.000e-06 
    3.785e-02     1.000e+00     4.164e-02     1.000e-06 
    3.949e-02     1.000e+00     4.328e-02     1.000e-06 
    4.124e-02     1.000e+00     4.502e-02     1.000e-06 
    4.295e-02     1.000e+00     4.674e-02     1.000e-06 
    4.468e-02     1.000e+00     4.847e-02     1.000e-06 
    4.649e-02     1.000e+00     5.028e-02     1.000e-06 
    4.827e-02     1.000e+00     5.206e-02     1.000e-06 
    5.000e-02     1.000e+00     5.378e-02     1.000e-06 
    5.169e-02     1.000e+00     5.547e-02     1.000e-06 
    5.336e-02     1.000e+00     5.714e-02     1.000e-06 
    5.504e-02     1.000e+00     5.883e-02     1.000e-06 
    5.673e-02     1.000e+00     6.052e-02     1.000e-06 
    5.845e-02     1.000e+00     6.224e-02     1.000e-06 
    6.025e-02     1.000e+00     6.403e-02     1.000e-06 
    6.216e-02     1.000e+00     6.595e-02     1.000e-06 
    6.415e-02     1.000e+00     6.794e-02     1.000e-06 
    6.616e-02     1.000e+00     6.994e-02     1.000e-06 
    6.824e-02     1.000e+00     7.203e-02     1.000e-06 
    7.047e-02     1.000e+00     7.425e-02     1.000e-06 
    7.288e-02     1.000e+00     7.666e-02     1.000e-06 
    7.518e-02     1.000e+00     7.897e-02     1.000e-06 
    7.740e-02     1.000e+00     8.119e-02     1.000e-06 
    7.956e-02     1.000e+00     8.335e-02     1.000e-06 
    8.166e-02     1.000e+00     8.545e-02     1.000e-06 
    8.374e-02     1.000e+00     8.753e-02     1.000e-06 
    8.583e-02     1.000e+00     8.961e-02     1.000e-06 
    8.797e-02     1.000e+00     9.175e-02     1.000e-06 
    9.016e-02     1.000e+00     9.394e-02     1.000e-06 
    9.236e-02     1.000e+00     9.614e-02     1.000e-06 
    9.461e-02     1.000e+00     9.840e-02     1.000e-06 
    9.698e-02     1.000e+00     1.008e-01     1.000e-06 
    9.953e-02     1.000e+00     1.033e-01     1.000e-06 
    1.021e-01     1.000e+00     1.058e-01     1.000e-06 
    1.046e-01     1.000e+00     1.084e-01     1.000e-06 
    1.072e-01     1.000e+00     1.110e-01     1.000e-06 
    1.100e-01     1.000e+00     1.138e-01     1.000e-06 
    1.126e-01     1.000e+00     1.164e-01     1.000e-06 
    1.151e-01     1.000e+00     1.189e-01     1.000e-06 
    1.177e-01     1.000e+00     1.214e-01     1.000e-06 
    1.201e-01     1.000e+00     1.239e-01     1.000e-06 
    1.227e-01     1.000e+00     1.264e-01     1.000e-06 
    1.252e-01     1.000e+00     1.290e-01     1.000e-06 
    1.279e-01     1.000e+00     1.316e-01     1.000e-06 
    1.306e-01     1.000e+00     1.344e-01     1.000e-06 
    1.334e-01     1.000e+00     1.371e-01     1.000e-06 
    1.361e-01     1.000e+00     1.399e-01     1.000e-06 
    1.390e-01     1.000e+00     1.427e-01     1.000e-06 
    1.419e-01     1.000e+00     1.457e-01     1.000e-06 
    1.451e-01     1.000e+00     1.489e-01     1.000e-06 
    1.482e-01     1.000e+00     1.520e-01     1.000e-06 
    1.513e-01     1.000e+00     1.551e-01     1.000e-06 
    1.543e-01     1.000e+00     1.581e-01     1.000e-06 
    1.573e-01     1.000e+00     1.610e-01     1.000e-06 
    1.602e-01     1.000e+00     1.640e-01     1.000e-06 
    1.631e-01     1.000e+00     1.669e-01     1.000e-06 
    1.661e-01     1.000e+00     1.698e-01     1.000e-06 
    1.691e-01     1.000e+00     1.729e-01     1.000e-06 
    1.721e-01     1.000e+00     1.759e-01     1.000e-06 
    1.752e-01     1.000e+00     1.790e-01     1.000e-06 
    1.783e-01     1.000e+00     1.821e-01     1.000e-06 
    1.816e-01     1.000e+00     1.854e-01     1.000e-06 
    1.849e-01     1.000e+00     1.887e-01     1.000e-06 
    1.881e-01     1.000e+00     1.919e-01     1.000e-06 
    1.915e-01     1.000e+00     1.952e-01     1.000e-06 
    1.949e-01     1.000e+00     1.987e-01     1.000e-06 
    1.986e-01     1.000e+00     2.024e-01     1.000e-06 
    2.022e-01     1.000e+00     2.060e-01     1.000e-06 
    2.056e-01     1.000e+00     2.094e-01     1.000e-06 
    2.090e-01     1.000e+00     2.128e-01     1.000e-06 
    2.124e-01     1.000e+00     2.162e-01     1.000e-06 
    2.159e-01     1.000e+00     2.197e-01     1.000e-06 
    2.193e-01     1.000e+00     2.231e-01     1.000e-06 
    2.228e-01     1.000e+00     2.266e-01     1.000e-06 
    2.264e-01     1.000e+00     2.302e-01     1.000e-06 
    2.300e-01     1.000e+00     2.337e-01     1.000e-06 
    2.336e-01     1.000e+00     2.374e-01     1.000e-06 
    2.374e-01     1.000e+00     2.411e-01     1.000e-06 
    2.413e-01     1.000e+00     2.451e-01     1.000e-06 
    2.452e-01     1.000e+00     2.490e-01     1.000e-06 
    2.491e-01     1.000e+00     2.529e-01     1.000e-06 
    2.531e-01     1.000e+00     2.569e-01     1.000e-06 
    2.571e-01     1.000e+00     2.608e-01     1.000e-06 
    2.610e-01     1.000e+00     2.648e-01     1.000e-06 
    2.649e-01     1.000e+00     2.687e-01     1.000e-06 
    2.688e-01     1.000e+00     2.726e-01     1.000e-06 
    2.726e-01     1.000e+00     2.764e-01     1.000e-06 
    2.765e-01     1.000e+00     2.803e-01     1.000e-06 
    2.805e-01     1.000e+00     2.843e-01     1.000e-06 
    2.845e-01     1.000e+00     2.883e-01     1.000e-06 
    2.885e-01     1.000e+00     2.923e-01     1.000e-06 
    2.924e-01     1.000e+00     2.962e-01     1.000e-06 
    2.964e-01     1.000e+00     3.002e-01     1.000e-06 
    3.005e-01     1.000e+00     3.043e-01     1.000e-06 
    3.048e-01     1.000e+00     3.086e-01     1.000e-06 
    3.091e-01     1.000e+00     3.129e-01     1.000e-06 
    3.135e-01     1.000e+00     3.173e-01     1.000e-06 
    3.176e-01     1.000e+00     3.214e-01     1.000e-06 
    3.216e-01     1.000e+00     3.254e-01     1.000e-06 
    3.256e-01     1.000e+00     3.294e-01     1.000e-06 
    3.298e-01     1.000e+00     3.336e-01     1.000e-06 
    3.340e-01     1.000e+00     3.377e-01     1.000e-06 
    3.382e-01     1.000e+00     3.420e-01     1.000e-06 
    3.428e-01     1.000e+00     3.465e-01     1.000e-06 
    3.472e-01     1.000e+00     3.510e-01     1.000e-06 
    3.514e-01     1.000e+00     3.551e-01     1.000e-06 
    3.554e-01     1.000e+00     3.592e-01     1.000e-06 
    3.594e-01     1.000e+00     3.632e-01     1.000e-06 
    3.636e-01     1.000e+00     3.674e-01     1.000e-06 
    3.680e-01     1.000e+00     3.718e-01     1.000e-06 
    3.725e-01     1.000e+00     3.763e-01     1.000e-06 
    3.768e-01     1.000e+00     3.806e-01     1.000e-06 
    3.809e-01     1.000e+00     3.847e-01     1.000e-06 
    3.849e-01     1.000e+00     3.887e-01     1.000e-06 
    3.889e-01     1.000e+00     3.927e-01     1.000e-06 
    3.931e-01     1.000e+00     3.968e-01     1.000e-06 
    3.970e-01     1.000e+00     4.008e-01     1.000e-06 
    4.008e-01     1.000e+00     4.046e-01     1.000e-06 
    4.047e-01     1.000e+00     4.085e-01     1.000e-06 
    4.088e-01     1.000e+00     4.126e-01     1.000e-06 
    4.131e-01     1.000e+00     4.169e-01     1.000e-06 
    4.171e-01     1.000e+00     4.209e-01     1.000e-06 
    4.209e-01     1.000e+00     4.247e-01     1.000e-06 
    4.247e-01     1.000e+00     4.285e-01     1.000e-06 
    4.285e-01     1.000e+00     4.323e-01     1.000e-06 
    4.326e-01     1.000e+00     4.364e-01     1.000e-06 
    4.368e-01     1.000e+00     4.405e-01     1.000e-06 
    4.407e-01     1.000e+00     4.445e-01     1.000e-06 
    4.446e-01     1.000e+00     4.484e-01     1.000e-06 
    4.484e-01     1.000e+00     4.522e-01     1.000e-06 
    4.520e-01     1.000e+00     4.558e-01     1.000e-06 
    4.555e-01     1.000e+00     4.593e-01     1.000e-06 
    4.592e-01     1.000e+00     4.630e-01     1.000e-06 
    4.627e-01     1.000e+00     4.665e-01     1.000e-06 
    4.660e-01     1.000e+00     4.698e-01     1.000e-06 
    4.694e-01     1.000e+00     4.731e-01     1.000e-06 
    4.727e-01     1.000e+00     4.765e-01     1.000e-06 
    4.762e-01     1.000e+00     4.800e-01     1.000e-06 
    4.797e-01     1.000e+00     4.835e-01     1.000e-06 
    4.830e-01     1.000e+00     4.868e-01     1.000e-06 
    4.862e-01     1.000e+00     4.900e-01     1.000e-06 
    4.894e-01     1.000e+00     4.932e-01     1.000e-06 
    4.928e-01     1.000e+00     4.965e-01     1.000e-06 
    4.963e-01     1.000e+00     5.001e-01     1.000e-06 
    5.001e-01     1.000e+00     5.039e-01     1.000e-06 
    5.036e-01     1.000e+00     5.073e-01     1.000e-06 
    5.068e-01     1.000e+00     5.106e-01     1.000e-06 
    5.101e-01     1.000e+00     5.139e-01     1.000e-06 
    5.134e-01     1.000e+00     5.172e-01     1.000e-06 
    5.169e-01     1.000e+00     5.206e-01     1.000e-06 
    5.204e-01     1.000e+00     5.242e-01     1.000e-06 
    5.238e-01     1.000e+00     5.276e-01     1.000e-06 
    5.268e-01     1.000e+00     5.306e-01     1.000e-06 
    5.297e-01     1.000e+00     5.335e-01     1.000e-06 
    5.325e-01     1.000e+00     5.363e-01     1.000e-06 
    5.353e-01     1.000e+00     5.390e-01     1.000e-06 
    5.380e-01     1.000e+00     5.418e-01     1.000e-06 
    5.409e-01     1.000e+00     5.447e-01     1.000e-06 
    5.436e-01     1.000e+00     5.474e-01     1.000e-06 
    5.464e-01     1.000e+00     5.501e-01     1.000e-06 
    5.492e-01     1.000e+00     5.529e-01     1.000e-06 
    5.521e-01     1.000e+00     5.558e-01     1.000e-06 
    5.550e-01     1.000e+00     5.588e-01     1.000e-06 
    5.577e-01     1.000e+00     5.615e-01     1.000e-06 
    5.603e-01     1.000e+00     5.641e-01     1.000e-06 
    5.629e-01     1.000e+00     5.667e-01     1.000e-06 
    5.656e-01     1.000e+00     5.694e-01     1.000e-06 
    5.685e-01     1.000e+00     5.723e-01     1.000e-06 
    5.716e-01     1.000e+00     5.753e-01     1.000e-06 
    5.748e-01     1.000e+00     5.786e-01     1.000e-06 
    5.782e-01     1.000e+00     5.820e-01     1.000e-06 
    5.813e-01     1.000e+00     5.851e-01     1.000e-06 
    5.843e-01     1.000e+00     5.881e-01     1.000e-06 
    5.870e-01     1.000e+00     5.907e-01     1.000e-06 
    5.893e-01     1.000e+00     5.931e-01     1.000e-06 
    5.915e-01     1.000e+00     5.953e-01     1.000e-06 
    5.936e-01     1.000e+00     5.973e-01     1.000e-06 
    5.956e-01     1.000e+00     5.993e-01     1.000e-06 
    5.975e-01     1.000e+00     6.013e-01     1.000e-06 
    5.995e-01     1.000e+00     6.033e-01     1.000e-06 
    6.014e-01     1.000e+00     6.052e-01     1.000e-06 
    6.033e-01     1.000e+00     6.071e-01     1.000e-06 
    6.052e-01     1.000e+00     6.090e-01     1.000e-06 
    6.071e-01     1.000e+00     6.109e-01     1.000e-06 
    6.090e-01     1.000e+00     6.128e-01     1.000e-06 
    6.109e-01     1.000e+00     6.147e-01     1.000e-06 
    6.130e-01     1.000e+00     6.168e-01     1.000e-06 
    6.151e-01     1.000e+00     6.189e-01     1.003e-06 
    6.173e-01     1.000e+00     6.211e-01     1.008e-06 
    6.195e-01     1.000e+00     6.233e-01     1.047e-06 
    6.218e-01     1.000e+00     6.256e-01     1.341e-06 
    6.241e-01     1.000e+00     6.278e-01     2.899e-06 
    6.262e-01     1.000e+00     6.300e-01     1.041e-05 
    6.284e-01     1.000e+00     6.321e-01     2.989e-05 
    6.303e-01     1.000e+00     6.341e-01     6.217e-05 
    6.320e-01     1.000e+00     6.358e-01     1.149e-04 
    6.334e-01     1.000e+00     6.372e-01     2.589e-04 
    6.347e-01     1.000e+00     6.385e-01     5.023e-04 
    6.360e-01     1.000e+00     6.398e-01     1.035e-03 
    6.371e-01     1.000e+00     6.409e-01     1.918e-03 
    6.383e-01     1.000e+00     6.421e-01     3.534e-03 
    6.394e-01     1.000e+00     6.432e-01     6.062e-03 
    6.405e-01     1.000e+00     6.443e-01     1.002e-02 
    6.415e-01     9.999e-01     6.453e-01     2.057e-02 
    6.426e-01     9.996e-01     6.464e-01     3.671e-02 
    6.437e-01     9.988e-01     6.475e-01     4.540e-02 
    6.447e-01     9.982e-01     6.485e-01     6.302e-02 
    6.458e-01     9.964e-01     6.496e-01     8.575e-02 
    6.469e-01     9.930e-01     6.506e-01     9.907e-02 
    6.479e-01     9.904e-01     6.517e-01     1.197e-01 
    6.490e-01     9.854e-01     6.527e-01     1.374e-01 
    6.500e-01     9.801e-01     6.538e-01     1.629e-01 
    6.511e-01     9.706e-01     6.548e-01     1.810e-01 
    6.522e-01     9.624e-01     6.558e-01     2.017e-01 
    6.532e-01     9.514e-01     6.568e-01     2.232e-01 
    6.542e-01     9.381e-01     6.577e-01     2.414e-01 
    6.550e-01     9.251e-01     6.585e-01     2.602e-01 
    6.558e-01     9.100e-01     6.592e-01     2.736e-01 
    6.566e-01     8.981e-01     6.599e-01     2.865e-01 
    6.573e-01     8.858e-01     6.605e-01     2.969e-01 
    6.580e-01     8.751e-01     6.611e-01     3.065e-01 
    6.586e-01     8.649e-01     6.617e-01     3.149e-01 
    6.593e-01     8.555e-01     6.623e-01     3.227e-01 
    6.599e-01     8.463e-01     6.628e-01     3.292e-01 
    6.605e-01     8.384e-01     6.633e-01     3.355e-01 
    6.611e-01     8.306e-01     6.638e-01     3.410e-01 
    6.617e-01     8.236e-01     6.643e-01     3.455e-01 
    6.623e-01     8.178e-01     6.647e-01     3.490e-01 
    6.628e-01     8.130e-01     6.652e-01     3.521e-01 
    6.634e-01     8.089e-01     6.657e-01     3.548e-01 
    6.640e-01     8.051e-01     6.661e-01     3.575e-01 
    6.645e-01     8.015e-01     6.666e-01     3.613e-01 
    6.651e-01     7.962e-01     6.670e-01     3.653e-01 
    6.656e-01     7.905e-01     6.674e-01     3.691e-01 
    6.661e-01     7.851e-01     6.678e-01     3.730e-01 
    6.667e-01     7.794e-01     6.682e-01     3.765e-01 
    6.672e-01     7.741e-01     6.686e-01     3.799e-01 
    6.677e-01     7.691e-01     6.690e-01     3.832e-01 
    6.682e-01     7.641e-01     6.694e-01     3.865e-01 
    6.687e-01     7.591e-01     6.698e-01     3.898e-01 
    6.692e-01     7.539e-01     6.702e-01     3.932e-01 
    6.697e-01     7.486e-01     6.705e-01     3.960e-01 
    6.702e-01     7.441e-01     6.709e-01     3.985e-01 
    6.706e-01     7.402e-01     6.713e-01     4.015e-01 
    6.711e-01     7.353e-01     6.716e-01     4.034e-01 
    6.716e-01     7.321e-01     6.720e-01     4.061e-01 
    6.721e-01     7.278e-01     6.723e-01     4.082e-01 
    6.725e-01     7.242e-01     6.727e-01     4.104e-01 
    6.730e-01     7.207e-01     6.730e-01     4.125e-01 
    6.735e-01     7.172e-01     6.733e-01     4.146e-01 
    6.739e-01     7.136e-01     6.736e-01     4.173e-01 
    6.744e-01     7.091e-01     6.740e-01     4.181e-01 
    6.749e-01     7.077e-01     6.743e-01     4.193e-01 
    6.753e-01     7.057e-01     6.746e-01     4.208e-01 
    6.758e-01     7.031e-01     6.749e-01     4.219e-01 
    6.762e-01     7.012e-01     6.752e-01     4.233e-01 
    6.766e-01     6.988e-01     6.756e-01     4.250e-01 
    6.771e-01     6.959e-01     6.759e-01     4.268e-01 
    6.775e-01     6.928e-01     6.762e-01     4.288e-01 
    6.780e-01     6.893e-01     6.765e-01     4.308e-01 
    6.784e-01     6.858e-01     6.768e-01     4.326e-01 
    6.788e-01     6.826e-01     6.771e-01     4.346e-01 
    6.793e-01     6.791e-01     6.774e-01     4.367e-01 
    6.797e-01     6.753e-01     6.777e-01     4.383e-01 
    6.801e-01     6.724e-01     6.780e-01     4.403e-01 
    6.806e-01     6.688e-01     6.782e-01     4.419e-01 
    6.810e-01     6.660e-01     6.785e-01     4.434e-01 
    6.814e-01     6.633e-01     6.788e-01     4.461e-01 
    6.818e-01     6.585e-01     6.791e-01     4.480e-01 
    6.823e-01     6.549e-01     6.794e-01     4.482e-01 
    6.827e-01     6.544e-01     6.796e-01     4.488e-01 
    6.831e-01     6.534e-01     6.799e-01     4.493e-01 
    6.835e-01     6.525e-01     6.802e-01     4.498e-01 
    6.840e-01     6.516e-01     6.805e-01     4.514e-01 
    6.844e-01     6.487e-01     6.807e-01     4.514e-01 
    6.848e-01     6.486e-01     6.810e-01     4.523e-01 
    6.852e-01     6.470e-01     6.813e-01     4.522e-01 
    6.856e-01     6.472e-01     6.815e-01     4.536e-01 
    6.861e-01     6.447e-01     6.818e-01     4.544e-01 
    6.865e-01     6.431e-01     6.821e-01     4.555e-01 
    6.869e-01     6.410e-01     6.824e-01     4.573e-01 
    6.873e-01     6.378e-01     6.826e-01     4.571e-01 
    6.877e-01     6.381e-01     6.829e-01     4.582e-01 
    6.881e-01     6.360e-01     6.831e-01     4.590e-01 
    6.885e-01     6.346e-01     6.834e-01     4.601e-01 
    6.890e-01     6.325e-01     6.837e-01     4.626e-01 
    6.894e-01     6.278e-01     6.839e-01     4.627e-01 
    6.898e-01     6.276e-01     6.842e-01     4.645e-01 
    6.902e-01     6.243e-01     6.844e-01     4.650e-01 
    6.906e-01     6.232e-01     6.847e-01     4.658e-01 
    6.910e-01     6.217e-01     6.850e-01     4.663e-01 
    6.914e-01     6.209e-01     6.852e-01     4.672e-01 
    6.918e-01     6.192e-01     6.855e-01     4.691e-01 
    6.923e-01     6.156e-01     6.857e-01     4.697e-01 
    6.927e-01     6.144e-01     6.860e-01     4.706e-01 
    6.931e-01     6.128e-01     6.862e-01     4.724e-01 
    6.935e-01     6.093e-01     6.865e-01     4.738e-01 
    6.939e-01     6.065e-01     6.867e-01     4.738e-01 
    6.943e-01     6.067e-01     6.870e-01     4.744e-01 
    6.947e-01     6.055e-01     6.872e-01     4.784e-01 
    6.951e-01     5.978e-01     6.875e-01     4.794e-01 
    6.955e-01     5.958e-01     6.877e-01     4.833e-01 
    6.959e-01     5.884e-01     6.879e-01     4.857e-01 
    6.963e-01     5.836e-01     6.882e-01     4.845e-01 
    6.967e-01     5.859e-01     6.884e-01     4.830e-01 
    6.972e-01     5.889e-01     6.887e-01     4.837e-01 
    6.976e-01     5.875e-01     6.889e-01     4.838e-01 
    6.980e-01     5.873e-01     6.891e-01     4.812e-01 
    6.984e-01     5.923e-01     6.894e-01     4.814e-01 
    6.988e-01     5.919e-01     6.896e-01     4.813e-01 
    6.992e-01     5.921e-01     6.899e-01     4.803e-01 
    6.996e-01     5.940e-01     6.901e-01     4.810e-01 
    7.000e-01     5.928e-01     6.903e-01     4.810e-01 
    7.004e-01     5.927e-01     6.906e-01     4.799e-01 
    7.008e-01     5.948e-01     6.908e-01     4.800e-01 
    7.012e-01     5.947e-01     6.911e-01     4.815e-01 
    7.016e-01     5.918e-01     6.913e-01     4.814e-01 
    7.020e-01     5.919e-01     6.916e-01     4.840e-01 
    7.024e-01     5.869e-01     6.918e-01     4.836e-01 
    7.029e-01     5.877e-01     6.920e-01     4.801e-01 
    7.033e-01     5.944e-01     6.923e-01     4.815e-01 
    7.037e-01     5.918e-01     6.925e-01     4.807e-01 
    7.041e-01     5.933e-01     6.928e-01     4.786e-01 
    7.045e-01     5.974e-01     6.930e-01     4.793e-01 
    7.049e-01     5.960e-01     6.933e-01     4.774e-01 
    7.053e-01     5.997e-01     6.935e-01     4.778e-01 
    7.057e-01     5.989e-01     6.938e-01     4.748e-01 
    7.062e-01     6.046e-01     6.940e-01     4.742e-01 
    7.066e-01     6.059e-01     6.943e-01     4.746e-01 
    7.070e-01     6.050e-01     6.945e-01     4.741e-01 
    7.074e-01     6.060e-01     6.948e-01     4.750e-01 
    7.078e-01     6.044e-01     6.950e-01     4.740e-01 
    7.082e-01     6.062e-01     6.952e-01     4.747e-01 
    7.086e-01     6.049e-01     6.955e-01     4.744e-01 
    7.090e-01     6.055e-01     6.957e-01     4.744e-01 
    7.094e-01     6.053e-01     6.960e-01     4.757e-01 
    7.098e-01     6.030e-01     6.962e-01     4.762e-01 
    7.102e-01     6.020e-01     6.965e-01     4.784e-01 
    7.107e-01     5.977e-01     6.967e-01     4.784e-01 
    7.111e-01     5.977e-01     6.970e-01     4.809e-01 
    7.115e-01     5.930e-01     6.972e-01     4.830e-01 
    7.119e-01     5.889e-01     6.974e-01     4.827e-01 
    7.123e-01     5.894e-01     6.977e-01     4.853e-01 
    7.127e-01     5.844e-01     6.979e-01     4.865e-01 
    7.131e-01     5.820e-01     6.982e-01     4.890e-01 
    7.135e-01     5.771e-01     6.984e-01     4.879e-01 
    7.139e-01     5.793e-01     6.986e-01     4.869e-01 
    7.143e-01     5.812e-01     6.989e-01     4.864e-01 
    7.147e-01     5.823e-01     6.991e-01     4.862e-01 
    7.151e-01     5.826e-01     6.993e-01     4.873e-01 
    7.155e-01     5.805e-01     6.996e-01     4.873e-01 
    7.159e-01     5.805e-01     6.998e-01     4.881e-01 
    7.163e-01     5.789e-01     7.000e-01     4.880e-01 
    7.167e-01     5.790e-01     7.003e-01     4.899e-01 
    7.171e-01     5.754e-01     7.005e-01     4.897e-01 
    7.175e-01     5.757e-01     7.007e-01     4.911e-01 
    7.179e-01     5.731e-01     7.009e-01     4.907e-01 
    7.183e-01     5.739e-01     7.012e-01     4.909e-01 
    7.187e-01     5.735e-01     7.014e-01     4.924e-01 
    7.191e-01     5.704e-01     7.016e-01     4.922e-01 
    7.195e-01     5.709e-01     7.019e-01     4.932e-01 
    7.199e-01     5.689e-01     7.021e-01     4.942e-01 
    7.203e-01     5.669e-01     7.023e-01     4.953e-01 
    7.207e-01     5.649e-01     7.025e-01     4.967e-01 
    7.211e-01     5.620e-01     7.028e-01     4.959e-01 
    7.215e-01     5.637e-01     7.030e-01     4.957e-01 
    7.219e-01     5.641e-01     7.032e-01     4.950e-01 
    7.223e-01     5.653e-01     7.034e-01     4.951e-01 
    7.227e-01     5.652e-01     7.037e-01     4.960e-01 
    7.231e-01     5.634e-01     7.039e-01     4.964e-01 
    7.235e-01     5.626e-01     7.041e-01     4.967e-01 
    7.239e-01     5.620e-01     7.043e-01     4.972e-01 
    7.243e-01     5.610e-01     7.045e-01     4.979e-01 
    7.247e-01     5.597e-01     7.048e-01     4.988e-01 
    7.251e-01     5.580e-01     7.050e-01     4.998e-01 
    7.255e-01     5.560e-01     7.052e-01     5.009e-01 
    7.259e-01     5.537e-01     7.054e-01     5.022e-01 
    7.262e-01     5.511e-01     7.056e-01     5.037e-01 
    7.266e-01     5.483e-01     7.059e-01     5.052e-01 
    7.270e-01     5.452e-01     7.061e-01     5.069e-01 
    7.274e-01     5.420e-01     7.063e-01     5.086e-01 
    7.278e-01     5.386e-01     7.065e-01     5.103e-01 
    7.282e-01     5.350e-01     7.067e-01     5.119e-01 
    7.286e-01     5.319e-01     7.069e-01     5.135e-01 
    7.290e-01     5.288e-01     7.071e-01     5.144e-01 
    7.294e-01     5.270e-01     7.073e-01     5.150e-01 
    7.298e-01     5.257e-01     7.075e-01     5.156e-01 
    7.302e-01     5.246e-01     7.077e-01     5.160e-01 
    7.306e-01     5.237e-01     7.079e-01     5.165e-01 
    7.309e-01     5.227e-01     7.081e-01     5.170e-01 
    7.313e-01     5.217e-01     7.084e-01     5.176e-01 
    7.317e-01     5.206e-01     7.086e-01     5.183e-01 
    7.321e-01     5.192e-01     7.088e-01     5.191e-01 
    7.325e-01     5.176e-01     7.090e-01     5.200e-01 
    7.329e-01     5.157e-01     7.092e-01     5.211e-01 
    7.333e-01     5.135e-01     7.094e-01     5.223e-01 
    7.337e-01     5.112e-01     7.096e-01     5.236e-01 
    7.341e-01     5.086e-01     7.098e-01     5.250e-01 
    7.345e-01     5.058e-01     7.100e-01     5.265e-01 
    7.348e-01     5.028e-01     7.102e-01     5.280e-01 
    7.352e-01     4.998e-01     7.103e-01     5.286e-01 
    7.356e-01     4.986e-01     7.105e-01     5.290e-01 
    7.360e-01     4.977e-01     7.107e-01     5.294e-01 
    7.364e-01     4.968e-01     7.109e-01     5.298e-01 
    7.368e-01     4.961e-01     7.111e-01     5.302e-01 
    7.372e-01     4.954e-01     7.113e-01     5.305e-01 
    7.376e-01     4.946e-01     7.115e-01     5.310e-01 
    7.380e-01     4.938e-01     7.117e-01     5.314e-01 
    7.383e-01     4.928e-01     7.119e-01     5.320e-01 
    7.387e-01     4.916e-01     7.121e-01     5.327e-01 
    7.391e-01     4.902e-01     7.123e-01     5.336e-01 
    7.395e-01     4.886e-01     7.125e-01     5.346e-01 
    7.399e-01     4.866e-01     7.126e-01     5.357e-01 
    7.403e-01     4.844e-01     7.128e-01     5.369e-01 
    7.407e-01     4.820e-01     7.130e-01     5.381e-01 
    7.411e-01     4.795e-01     7.132e-01     5.395e-01 
    7.415e-01     4.767e-01     7.134e-01     5.398e-01 
    7.418e-01     4.760e-01     7.136e-01     5.400e-01 
    7.422e-01     4.757e-01     7.138e-01     5.403e-01 
    7.426e-01     4.751e-01     7.140e-01     5.407e-01 
    7.430e-01     4.742e-01     7.141e-01     5.422e-01 
    7.434e-01     4.711e-01     7.143e-01     5.453e-01 
    7.438e-01     4.649e-01     7.145e-01     5.475e-01 
    7.442e-01     4.605e-01     7.147e-01     5.468e-01 
    7.446e-01     4.620e-01     7.149e-01     5.469e-01 
    7.450e-01     4.617e-01     7.150e-01     5.489e-01 
    7.453e-01     4.578e-01     7.152e-01     5.476e-01 
    7.457e-01     4.603e-01     7.154e-01     5.487e-01 
    7.461e-01     4.581e-01     7.156e-01     5.494e-01 
    7.465e-01     4.568e-01     7.158e-01     5.511e-01 
    7.469e-01     4.534e-01     7.159e-01     5.519e-01 
    7.473e-01     4.518e-01     7.161e-01     5.538e-01 
    7.477e-01     4.479e-01     7.163e-01     5.548e-01 
    7.481e-01     4.460e-01     7.165e-01     5.531e-01 
    7.485e-01     4.493e-01     7.166e-01     5.536e-01 
    7.489e-01     4.484e-01     7.168e-01     5.507e-01 
    7.492e-01     4.542e-01     7.170e-01     5.519e-01 
    7.496e-01     4.517e-01     7.172e-01     5.493e-01 
    7.500e-01     4.569e-01     7.173e-01     5.474e-01 
    7.504e-01     4.607e-01     7.175e-01     5.471e-01 
    7.508e-01     4.614e-01     7.177e-01     5.459e-01 
    7.512e-01     4.638e-01     7.179e-01     5.450e-01 
    7.516e-01     4.656e-01     7.181e-01     5.463e-01 
    7.520e-01     4.630e-01     7.182e-01     5.459e-01 
    7.524e-01     4.637e-01     7.184e-01     5.463e-01 
    7.527e-01     4.629e-01     7.186e-01     5.492e-01 
    7.531e-01     4.572e-01     7.188e-01     5.490e-01 
    7.535e-01     4.576e-01     7.190e-01     5.499e-01 
    7.539e-01     4.558e-01     7.191e-01     5.519e-01 
    7.543e-01     4.518e-01     7.193e-01     5.526e-01 
    7.547e-01     4.504e-01     7.195e-01     5.532e-01 
    7.551e-01     4.491e-01     7.197e-01     5.527e-01 
    7.555e-01     4.502e-01     7.198e-01     5.509e-01 
    7.559e-01     4.537e-01     7.200e-01     5.492e-01 
    7.562e-01     4.572e-01     7.202e-01     5.479e-01 
    7.566e-01     4.597e-01     7.204e-01     5.479e-01 
    7.570e-01     4.598e-01     7.205e-01     5.485e-01 
    7.574e-01     4.587e-01     7.207e-01     5.480e-01 
    7.578e-01     4.595e-01     7.209e-01     5.496e-01 
    7.582e-01     4.563e-01     7.211e-01     5.518e-01 
    7.586e-01     4.519e-01     7.213e-01     5.519e-01 
    7.590e-01     4.518e-01     7.214e-01     5.535e-01 
    7.594e-01     4.486e-01     7.216e-01     5.547e-01 
    7.598e-01     4.461e-01     7.218e-01     5.541e-01 
    7.601e-01     4.474e-01     7.220e-01     5.541e-01 
    7.605e-01     4.473e-01     7.221e-01     5.543e-01 
    7.609e-01     4.470e-01     7.223e-01     5.526e-01 
    7.613e-01     4.505e-01     7.225e-01     5.542e-01 
    7.617e-01     4.471e-01     7.227e-01     5.551e-01 
    7.621e-01     4.453e-01     7.228e-01     5.536e-01 
    7.625e-01     4.483e-01     7.230e-01     5.513e-01 
    7.629e-01     4.529e-01     7.232e-01     5.523e-01 
    7.633e-01     4.510e-01     7.234e-01     5.498e-01 
    7.637e-01     4.561e-01     7.235e-01     5.491e-01 
    7.640e-01     4.575e-01     7.237e-01     5.496e-01 
    7.644e-01     4.564e-01     7.239e-01     5.504e-01 
    7.648e-01     4.549e-01     7.241e-01     5.521e-01 
    7.652e-01     4.513e-01     7.242e-01     5.525e-01 
    7.656e-01     4.507e-01     7.244e-01     5.534e-01 
    7.660e-01     4.488e-01     7.246e-01     5.548e-01 
    7.664e-01     4.460e-01     7.248e-01     5.535e-01 
    7.668e-01     4.486e-01     7.249e-01     5.494e-01 
    7.672e-01     4.567e-01     7.251e-01     5.505e-01 
    7.675e-01     4.546e-01     7.253e-01     5.524e-01 
    7.679e-01     4.508e-01     7.255e-01     5.519e-01 
    7.683e-01     4.517e-01     7.256e-01     5.477e-01 
    7.687e-01     4.601e-01     7.258e-01     5.477e-01 
    7.691e-01     4.602e-01     7.260e-01     5.459e-01 
    7.695e-01     4.639e-01     7.262e-01     5.434e-01 
    7.699e-01     4.687e-01     7.264e-01     5.428e-01 
    7.703e-01     4.701e-01     7.265e-01     5.406e-01 
    7.707e-01     4.744e-01     7.267e-01     5.398e-01 
    7.710e-01     4.760e-01     7.269e-01     5.384e-01 
    7.714e-01     4.789e-01     7.271e-01     5.387e-01 
    7.718e-01     4.782e-01     7.273e-01     5.385e-01 
    7.722e-01     4.786e-01     7.275e-01     5.406e-01 
    7.726e-01     4.744e-01     7.277e-01     5.418e-01 
    7.730e-01     4.721e-01     7.278e-01     5.410e-01 
    7.734e-01     4.736e-01     7.280e-01     5.405e-01 
    7.738e-01     4.746e-01     7.282e-01     5.412e-01 
    7.742e-01     4.731e-01     7.284e-01     5.419e-01 
    7.745e-01     4.718e-01     7.286e-01     5.408e-01 
    7.749e-01     4.740e-01     7.288e-01     5.390e-01 
    7.753e-01     4.777e-01     7.289e-01     5.389e-01 
    7.757e-01     4.779e-01     7.291e-01     5.379e-01 
    7.761e-01     4.799e-01     7.293e-01     5.382e-01 
    7.765e-01     4.792e-01     7.295e-01     5.382e-01 
    7.769e-01     4.793e-01     7.297e-01     5.382e-01 
    7.773e-01     4.792e-01     7.299e-01     5.384e-01 
    7.777e-01     4.788e-01     7.301e-01     5.388e-01 
    7.780e-01     4.780e-01     7.303e-01     5.390e-01 
    7.784e-01     4.777e-01     7.304e-01     5.393e-01 
    7.788e-01     4.770e-01     7.306e-01     5.403e-01 
    7.792e-01     4.751e-01     7.308e-01     5.413e-01 
    7.796e-01     4.729e-01     7.310e-01     5.424e-01 
    7.800e-01     4.707e-01     7.312e-01     5.439e-01 
    7.804e-01     4.678e-01     7.314e-01     5.453e-01 
    7.808e-01     4.651e-01     7.315e-01     5.469e-01 
    7.812e-01     4.618e-01     7.317e-01     5.493e-01 
    7.815e-01     4.569e-01     7.319e-01     5.509e-01 
    7.819e-01     4.538e-01     7.321e-01     5.526e-01 
    7.823e-01     4.503e-01     7.322e-01     5.540e-01 
    7.827e-01     4.476e-01     7.324e-01     5.547e-01 
    7.831e-01     4.461e-01     7.326e-01     5.554e-01 
    7.835e-01     4.447e-01     7.328e-01     5.561e-01 
    7.839e-01     4.433e-01     7.329e-01     5.569e-01 
    7.843e-01     4.418e-01     7.331e-01     5.577e-01 
    7.847e-01     4.401e-01     7.333e-01     5.593e-01 
    7.851e-01     4.370e-01     7.335e-01     5.620e-01 
    7.855e-01     4.315e-01     7.336e-01     5.645e-01 
    7.858e-01     4.265e-01     7.338e-01     5.649e-01 
    7.862e-01     4.259e-01     7.340e-01     5.655e-01 
    7.866e-01     4.246e-01     7.341e-01     5.662e-01 
    7.870e-01     4.232e-01     7.343e-01     5.669e-01 
    7.874e-01     4.219e-01     7.345e-01     5.675e-01 
    7.878e-01     4.206e-01     7.346e-01     5.680e-01 
    7.882e-01     4.197e-01     7.348e-01     5.683e-01 
    7.886e-01     4.191e-01     7.350e-01     5.688e-01 
    7.890e-01     4.180e-01     7.351e-01     5.698e-01 
    7.894e-01     4.160e-01     7.353e-01     5.715e-01 
    7.898e-01     4.126e-01     7.355e-01     5.721e-01 
    7.902e-01     4.116e-01     7.356e-01     5.742e-01 
    7.906e-01     4.073e-01     7.358e-01     5.751e-01 
    7.910e-01     4.057e-01     7.359e-01     5.761e-01 
    7.914e-01     4.037e-01     7.361e-01     5.769e-01 
    7.918e-01     4.020e-01     7.363e-01     5.774e-01 
    7.922e-01     4.011e-01     7.364e-01     5.805e-01 
    7.925e-01     3.949e-01     7.366e-01     5.801e-01 
    7.929e-01     3.958e-01     7.367e-01     5.785e-01 
    7.933e-01     3.988e-01     7.369e-01     5.780e-01 
    7.937e-01     3.998e-01     7.370e-01     5.771e-01 
    7.941e-01     4.016e-01     7.372e-01     5.762e-01 
    7.945e-01     4.033e-01     7.374e-01     5.761e-01 
    7.949e-01     4.037e-01     7.375e-01     5.756e-01 
    7.953e-01     4.047e-01     7.377e-01     5.758e-01 
    7.957e-01     4.042e-01     7.378e-01     5.775e-01 
    7.961e-01     4.008e-01     7.380e-01     5.794e-01 
    7.965e-01     3.972e-01     7.381e-01     5.814e-01 
    7.969e-01     3.932e-01     7.383e-01     5.805e-01 
    7.973e-01     3.949e-01     7.385e-01     5.803e-01 
    7.977e-01     3.953e-01     7.386e-01     5.791e-01 
    7.981e-01     3.978e-01     7.388e-01     5.783e-01 
    7.985e-01     3.992e-01     7.389e-01     5.784e-01 
    7.989e-01     3.991e-01     7.391e-01     5.783e-01 
    7.993e-01     3.993e-01     7.392e-01     5.785e-01 
    7.997e-01     3.989e-01     7.394e-01     5.777e-01 
    8.001e-01     4.005e-01     7.396e-01     5.774e-01 
    8.004e-01     4.011e-01     7.397e-01     5.779e-01 
    8.008e-01     4.001e-01     7.399e-01     5.796e-01 
    8.012e-01     3.967e-01     7.400e-01     5.810e-01 
    8.016e-01     3.940e-01     7.402e-01     5.832e-01 
    8.020e-01     3.896e-01     7.403e-01     5.812e-01 
    8.024e-01     3.936e-01     7.405e-01     5.830e-01 
    8.028e-01     3.901e-01     7.407e-01     5.860e-01 
    8.032e-01     3.842e-01     7.408e-01     5.859e-01 
    8.036e-01     3.844e-01     7.410e-01     5.869e-01 
    8.040e-01     3.824e-01     7.411e-01     5.848e-01 
    8.044e-01     3.865e-01     7.413e-01     5.837e-01 
    8.048e-01     3.887e-01     7.414e-01     5.828e-01 
    8.052e-01     3.904e-01     7.416e-01     5.826e-01 
    8.056e-01     3.909e-01     7.417e-01     5.824e-01 
    8.060e-01     3.912e-01     7.419e-01     5.819e-01 
    8.064e-01     3.922e-01     7.420e-01     5.813e-01 
    8.068e-01     3.933e-01     7.422e-01     5.831e-01 
    8.072e-01     3.898e-01     7.424e-01     5.855e-01 
    8.076e-01     3.852e-01     7.425e-01     5.848e-01 
    8.080e-01     3.866e-01     7.427e-01     5.858e-01 
    8.084e-01     3.845e-01     7.428e-01     5.861e-01 
    8.088e-01     3.840e-01     7.430e-01     5.865e-01 
    8.092e-01     3.831e-01     7.431e-01     5.874e-01 
    8.096e-01     3.814e-01     7.433e-01     5.866e-01 
    8.100e-01     3.830e-01     7.434e-01     5.862e-01 
    8.104e-01     3.838e-01     7.436e-01     5.861e-01 
    8.108e-01     3.840e-01     7.437e-01     5.857e-01 
    8.112e-01     3.847e-01     7.439e-01     5.870e-01 
    8.116e-01     3.823e-01     7.440e-01     5.864e-01 
    8.120e-01     3.834e-01     7.442e-01     5.861e-01 
    8.124e-01     3.841e-01     7.443e-01     5.865e-01 
    8.128e-01     3.832e-01     7.445e-01     5.876e-01 
    8.132e-01     3.811e-01     7.446e-01     5.901e-01 
    8.136e-01     3.761e-01     7.448e-01     5.914e-01 
    8.140e-01     3.738e-01     7.449e-01     5.903e-01 
    8.144e-01     3.759e-01     7.451e-01     5.895e-01 
    8.148e-01     3.773e-01     7.452e-01     5.888e-01 
    8.152e-01     3.788e-01     7.454e-01     5.890e-01 
    8.156e-01     3.783e-01     7.455e-01     5.883e-01 
    8.160e-01     3.796e-01     7.457e-01     5.886e-01 
    8.164e-01     3.791e-01     7.459e-01     5.888e-01 
    8.168e-01     3.788e-01     7.460e-01     5.893e-01 
    8.172e-01     3.777e-01     7.462e-01     5.908e-01 
    8.176e-01     3.749e-01     7.463e-01     5.921e-01 
    8.180e-01     3.723e-01     7.465e-01     5.955e-01 
    8.184e-01     3.658e-01     7.466e-01     5.963e-01 
    8.188e-01     3.643e-01     7.467e-01     5.947e-01 
    8.192e-01     3.674e-01     7.469e-01     5.937e-01 
    8.196e-01     3.693e-01     7.470e-01     5.927e-01 
    8.200e-01     3.711e-01     7.472e-01     5.924e-01 
    8.204e-01     3.718e-01     7.473e-01     5.915e-01 
    8.208e-01     3.734e-01     7.475e-01     5.917e-01 
    8.212e-01     3.731e-01     7.476e-01     5.925e-01 
    8.216e-01     3.716e-01     7.478e-01     5.930e-01 
    8.220e-01     3.706e-01     7.479e-01     5.946e-01 
    8.224e-01     3.676e-01     7.481e-01     5.958e-01 
    8.228e-01     3.652e-01     7.482e-01     5.985e-01 
    8.232e-01     3.600e-01     7.484e-01     6.010e-01 
    8.236e-01     3.552e-01     7.485e-01     6.002e-01 
    8.240e-01     3.567e-01     7.487e-01     5.990e-01 
    8.244e-01     3.590e-01     7.488e-01     5.989e-01 
    8.248e-01     3.592e-01     7.490e-01     5.967e-01 
    8.252e-01     3.635e-01     7.491e-01     5.962e-01 
    8.256e-01     3.644e-01     7.492e-01     5.953e-01 
    8.260e-01     3.662e-01     7.494e-01     5.950e-01 
    8.264e-01     3.668e-01     7.495e-01     5.954e-01 
    8.268e-01     3.660e-01     7.497e-01     5.942e-01 
    8.272e-01     3.683e-01     7.498e-01     5.950e-01 
    8.276e-01     3.668e-01     7.500e-01     5.980e-01 
    8.280e-01     3.609e-01     7.501e-01     5.985e-01 
    8.284e-01     3.600e-01     7.503e-01     5.988e-01 
    8.288e-01     3.595e-01     7.504e-01     5.991e-01 
    8.292e-01     3.588e-01     7.506e-01     5.978e-01 
    8.296e-01     3.614e-01     7.507e-01     5.964e-01 
    8.300e-01     3.641e-01     7.509e-01     5.956e-01 
    8.304e-01     3.656e-01     7.510e-01     5.952e-01 
    8.308e-01     3.663e-01     7.512e-01     5.963e-01 
    8.312e-01     3.643e-01     7.513e-01     5.961e-01 
    8.316e-01     3.646e-01     7.514e-01     5.973e-01 
    8.320e-01     3.623e-01     7.516e-01     5.986e-01 
    8.324e-01     3.598e-01     7.517e-01     6.000e-01 
    8.329e-01     3.572e-01     7.519e-01     5.993e-01 
    8.333e-01     3.584e-01     7.520e-01     6.014e-01 
    8.337e-01     3.546e-01     7.522e-01     6.004e-01 
    8.341e-01     3.563e-01     7.523e-01     5.997e-01 
    8.345e-01     3.576e-01     7.525e-01     5.993e-01 
    8.349e-01     3.585e-01     7.526e-01     5.990e-01 
    8.353e-01     3.591e-01     7.528e-01     5.991e-01 
    8.357e-01     3.589e-01     7.529e-01     5.983e-01 
    8.361e-01     3.604e-01     7.530e-01     5.972e-01 
    8.365e-01     3.625e-01     7.532e-01     5.977e-01 
    8.369e-01     3.616e-01     7.533e-01     5.988e-01 
    8.373e-01     3.594e-01     7.535e-01     5.984e-01 
    8.377e-01     3.602e-01     7.536e-01     5.998e-01 
    8.381e-01     3.575e-01     7.538e-01     6.017e-01 
    8.385e-01     3.538e-01     7.539e-01     6.032e-01 
    8.389e-01     3.509e-01     7.541e-01     6.038e-01 
    8.393e-01     3.499e-01     7.542e-01     6.033e-01 
    8.397e-01     3.508e-01     7.543e-01     6.024e-01 
    8.401e-01     3.525e-01     7.545e-01     6.012e-01 
    8.406e-01     3.548e-01     7.546e-01     6.031e-01 
    8.410e-01     3.513e-01     7.548e-01     6.041e-01 
    8.414e-01     3.494e-01     7.549e-01     6.051e-01 
    8.418e-01     3.474e-01     7.551e-01     6.066e-01 
    8.422e-01     3.445e-01     7.552e-01     6.076e-01 
    8.426e-01     3.426e-01     7.553e-01     6.061e-01 
    8.430e-01     3.455e-01     7.555e-01     6.059e-01 
    8.434e-01     3.458e-01     7.556e-01     6.052e-01 
    8.438e-01     3.472e-01     7.558e-01     6.060e-01 
    8.442e-01     3.458e-01     7.559e-01     6.071e-01 
    8.446e-01     3.436e-01     7.560e-01     6.078e-01 
    8.450e-01     3.423e-01     7.562e-01     6.099e-01 
    8.455e-01     3.384e-01     7.563e-01     6.118e-01 
    8.459e-01     3.348e-01     7.565e-01     6.124e-01 
    8.463e-01     3.337e-01     7.566e-01     6.102e-01 
    8.467e-01     3.378e-01     7.567e-01     6.100e-01 
    8.471e-01     3.382e-01     7.569e-01     6.107e-01 
    8.475e-01     3.369e-01     7.570e-01     6.095e-01 
    8.479e-01     3.391e-01     7.571e-01     6.090e-01 
    8.483e-01     3.401e-01     7.573e-01     6.084e-01 
    8.487e-01     3.411e-01     7.574e-01     6.085e-01 
    8.491e-01     3.410e-01     7.576e-01     6.088e-01 
    8.495e-01     3.405e-01     7.577e-01     6.106e-01 
    8.500e-01     3.371e-01     7.578e-01     6.112e-01 
    8.504e-01     3.359e-01     7.580e-01     6.102e-01 
    8.508e-01     3.378e-01     7.581e-01     6.094e-01 
    8.512e-01     3.393e-01     7.583e-01     6.089e-01 
    8.516e-01     3.402e-01     7.584e-01     6.083e-01 
    8.520e-01     3.414e-01     7.585e-01     6.092e-01 
    8.524e-01     3.397e-01     7.587e-01     6.113e-01 
    8.528e-01     3.357e-01     7.588e-01     6.139e-01 
    8.533e-01     3.308e-01     7.590e-01     6.149e-01 
    8.537e-01     3.289e-01     7.591e-01     6.157e-01 
    8.541e-01     3.275e-01     7.592e-01     6.141e-01 
    8.545e-01     3.304e-01     7.594e-01     6.126e-01 
    8.549e-01     3.333e-01     7.595e-01     6.112e-01 
    8.553e-01     3.360e-01     7.596e-01     6.106e-01 
    8.557e-01     3.370e-01     7.598e-01     6.105e-01 
    8.561e-01     3.372e-01     7.599e-01     6.101e-01 
    8.566e-01     3.380e-01     7.601e-01     6.112e-01 
    8.570e-01     3.358e-01     7.602e-01     6.131e-01 
    8.574e-01     3.324e-01     7.603e-01     6.154e-01 
    8.578e-01     3.280e-01     7.605e-01     6.160e-01 
    8.582e-01     3.270e-01     7.606e-01     6.166e-01 
    8.586e-01     3.259e-01     7.607e-01     6.169e-01 
    8.590e-01     3.253e-01     7.609e-01     6.157e-01 
    8.595e-01     3.275e-01     7.610e-01     6.148e-01 
    8.599e-01     3.291e-01     7.611e-01     6.144e-01 
    8.603e-01     3.299e-01     7.613e-01     6.139e-01 
    8.607e-01     3.308e-01     7.614e-01     6.145e-01 
    8.611e-01     3.297e-01     7.616e-01     6.159e-01 
    8.615e-01     3.272e-01     7.617e-01     6.178e-01 
    8.619e-01     3.236e-01     7.618e-01     6.192e-01 
    8.624e-01     3.209e-01     7.620e-01     6.182e-01 
    8.628e-01     3.229e-01     7.621e-01     6.182e-01 
    8.632e-01     3.229e-01     7.622e-01     6.177e-01 
    8.636e-01     3.238e-01     7.624e-01     6.181e-01 
    8.640e-01     3.230e-01     7.625e-01     6.173e-01 
    8.644e-01     3.246e-01     7.626e-01     6.170e-01 
    8.649e-01     3.250e-01     7.628e-01     6.162e-01 
    8.653e-01     3.266e-01     7.629e-01     6.164e-01 
    8.657e-01     3.263e-01     7.630e-01     6.172e-01 
    8.661e-01     3.248e-01     7.632e-01     6.164e-01 
    8.665e-01     3.262e-01     7.633e-01     6.169e-01 
    8.669e-01     3.253e-01     7.635e-01     6.179e-01 
    8.674e-01     3.235e-01     7.636e-01     6.196e-01 
    8.678e-01     3.203e-01     7.637e-01     6.209e-01 
    8.682e-01     3.179e-01     7.639e-01     6.222e-01 
    8.686e-01     3.155e-01     7.640e-01     6.202e-01 
    8.690e-01     3.192e-01     7.641e-01     6.202e-01 
    8.695e-01     3.191e-01     7.643e-01     6.214e-01 
    8.699e-01     3.170e-01     7.644e-01     6.219e-01 
    8.703e-01     3.160e-01     7.645e-01     6.234e-01 
    8.707e-01     3.133e-01     7.647e-01     6.224e-01 
    8.711e-01     3.151e-01     7.648e-01     6.215e-01 
    8.716e-01     3.168e-01     7.649e-01     6.213e-01 
    8.720e-01     3.172e-01     7.651e-01     6.210e-01 
    8.724e-01     3.178e-01     7.652e-01     6.204e-01 
    8.728e-01     3.187e-01     7.653e-01     6.208e-01 
    8.732e-01     3.180e-01     7.655e-01     6.202e-01 
    8.737e-01     3.191e-01     7.656e-01     6.214e-01 
    8.741e-01     3.169e-01     7.657e-01     6.205e-01 
    8.745e-01     3.185e-01     7.659e-01     6.211e-01 
    8.749e-01     3.175e-01     7.660e-01     6.206e-01 
    8.753e-01     3.184e-01     7.661e-01     6.210e-01 
    8.758e-01     3.176e-01     7.663e-01     6.209e-01 
    8.762e-01     3.179e-01     7.664e-01     6.216e-01 
    8.766e-01     3.166e-01     7.665e-01     6.226e-01 
    8.770e-01     3.148e-01     7.667e-01     6.260e-01 
    8.775e-01     3.086e-01     7.668e-01     6.260e-01 
    8.779e-01     3.084e-01     7.669e-01     6.278e-01 
    8.783e-01     3.052e-01     7.670e-01     6.271e-01 
    8.787e-01     3.065e-01     7.672e-01     6.277e-01 
    8.791e-01     3.054e-01     7.673e-01     6.271e-01 
    8.796e-01     3.066e-01     7.674e-01     6.273e-01 
    8.800e-01     3.062e-01     7.676e-01     6.266e-01 
    8.804e-01     3.075e-01     7.677e-01     6.259e-01 
    8.808e-01     3.088e-01     7.678e-01     6.263e-01 
    8.813e-01     3.080e-01     7.680e-01     6.256e-01 
    8.817e-01     3.093e-01     7.681e-01     6.254e-01 
    8.821e-01     3.096e-01     7.682e-01     6.263e-01 
    8.825e-01     3.080e-01     7.684e-01     6.258e-01 
    8.830e-01     3.089e-01     7.685e-01     6.265e-01 
    8.834e-01     3.076e-01     7.686e-01     6.272e-01 
    8.838e-01     3.064e-01     7.687e-01     6.286e-01 
    8.843e-01     3.037e-01     7.689e-01     6.309e-01 
    8.847e-01     2.996e-01     7.690e-01     6.293e-01 
    8.851e-01     3.026e-01     7.691e-01     6.305e-01 
    8.855e-01     3.003e-01     7.693e-01     6.307e-01 
    8.860e-01     3.001e-01     7.694e-01     6.321e-01 
    8.864e-01     2.976e-01     7.695e-01     6.342e-01 
    8.868e-01     2.938e-01     7.696e-01     6.350e-01 
    8.873e-01     2.922e-01     7.698e-01     6.341e-01 
    8.877e-01     2.939e-01     7.699e-01     6.327e-01 
    8.881e-01     2.964e-01     7.700e-01     6.328e-01 
    8.885e-01     2.961e-01     7.701e-01     6.325e-01 
    8.890e-01     2.967e-01     7.703e-01     6.310e-01 
    8.894e-01     2.994e-01     7.704e-01     6.304e-01 
    8.898e-01     3.006e-01     7.705e-01     6.298e-01 
    8.902e-01     3.017e-01     7.707e-01     6.295e-01 
    8.907e-01     3.021e-01     7.708e-01     6.300e-01 
    8.911e-01     3.013e-01     7.709e-01     6.299e-01 
    8.915e-01     3.014e-01     7.710e-01     6.299e-01 
    8.920e-01     3.014e-01     7.712e-01     6.302e-01 
    8.924e-01     3.009e-01     7.713e-01     6.304e-01 
    8.928e-01     3.006e-01     7.714e-01     6.309e-01 
    8.933e-01     2.997e-01     7.716e-01     6.316e-01 
    8.937e-01     2.984e-01     7.717e-01     6.326e-01 
    8.941e-01     2.966e-01     7.718e-01     6.354e-01 
    8.946e-01     2.916e-01     7.720e-01     6.357e-01 
    8.950e-01     2.911e-01     7.721e-01     6.359e-01 
    8.954e-01     2.907e-01     7.722e-01     6.354e-01 
    8.959e-01     2.916e-01     7.723e-01     6.368e-01 
    8.963e-01     2.890e-01     7.725e-01     6.377e-01 
    8.967e-01     2.875e-01     7.726e-01     6.385e-01 
    8.972e-01     2.861e-01     7.727e-01     6.375e-01 
    8.976e-01     2.879e-01     7.728e-01     6.372e-01 
    8.980e-01     2.884e-01     7.730e-01     6.363e-01 
    8.985e-01     2.899e-01     7.731e-01     6.360e-01 
    8.989e-01     2.905e-01     7.732e-01     6.356e-01 
    8.993e-01     2.912e-01     7.733e-01     6.348e-01 
    8.998e-01     2.927e-01     7.735e-01     6.357e-01 
    9.002e-01     2.910e-01     7.736e-01     6.375e-01 
    9.006e-01     2.878e-01     7.737e-01     6.376e-01 
    9.011e-01     2.876e-01     7.738e-01     6.377e-01 
    9.015e-01     2.875e-01     7.740e-01     6.377e-01 
    9.019e-01     2.875e-01     7.741e-01     6.375e-01 
    9.024e-01     2.878e-01     7.742e-01     6.364e-01 
    9.028e-01     2.898e-01     7.743e-01     6.361e-01 
    9.033e-01     2.903e-01     7.745e-01     6.359e-01 
    9.037e-01     2.906e-01     7.746e-01     6.371e-01 
    9.041e-01     2.886e-01     7.747e-01     6.380e-01 
    9.046e-01     2.869e-01     7.748e-01     6.385e-01 
    9.050e-01     2.861e-01     7.750e-01     6.398e-01 
    9.054e-01     2.838e-01     7.751e-01     6.389e-01 
    9.059e-01     2.854e-01     7.752e-01     6.398e-01 
    9.063e-01     2.837e-01     7.753e-01     6.392e-01 
    9.068e-01     2.848e-01     7.755e-01     6.390e-01 
    9.072e-01     2.851e-01     7.756e-01     6.398e-01 
    9.076e-01     2.837e-01     7.757e-01     6.404e-01 
    9.081e-01     2.828e-01     7.758e-01     6.404e-01 
    9.085e-01     2.827e-01     7.760e-01     6.407e-01 
    9.090e-01     2.822e-01     7.761e-01     6.407e-01 
    9.094e-01     2.821e-01     7.762e-01     6.416e-01 
    9.099e-01     2.806e-01     7.763e-01     6.433e-01 
    9.103e-01     2.776e-01     7.765e-01     6.450e-01 
    9.107e-01     2.747e-01     7.766e-01     6.463e-01 
    9.112e-01     2.724e-01     7.767e-01     6.481e-01 
    9.116e-01     2.693e-01     7.768e-01     6.497e-01 
    9.121e-01     2.665e-01     7.769e-01     6.498e-01 
    9.125e-01     2.663e-01     7.771e-01     6.498e-01 
    9.130e-01     2.664e-01     7.772e-01     6.506e-01 
    9.134e-01     2.650e-01     7.773e-01     6.512e-01 
    9.139e-01     2.640e-01     7.774e-01     6.518e-01 
    9.143e-01     2.630e-01     7.775e-01     6.498e-01 
    9.147e-01     2.663e-01     7.777e-01     6.489e-01 
    9.152e-01     2.679e-01     7.778e-01     6.476e-01 
    9.156e-01     2.701e-01     7.779e-01     6.485e-01 
    9.161e-01     2.686e-01     7.780e-01     6.479e-01 
    9.165e-01     2.697e-01     7.781e-01     6.474e-01 
    9.170e-01     2.705e-01     7.783e-01     6.476e-01 
    9.174e-01     2.701e-01     7.784e-01     6.478e-01 
    9.179e-01     2.699e-01     7.785e-01     6.484e-01 
    9.183e-01     2.688e-01     7.786e-01     6.469e-01 
    9.188e-01     2.713e-01     7.787e-01     6.475e-01 
    9.192e-01     2.703e-01     7.789e-01     6.471e-01 
    9.197e-01     2.710e-01     7.790e-01     6.475e-01 
    9.201e-01     2.703e-01     7.791e-01     6.490e-01 
    9.206e-01     2.677e-01     7.792e-01     6.506e-01 
    9.210e-01     2.651e-01     7.793e-01     6.489e-01 
    9.214e-01     2.679e-01     7.795e-01     6.495e-01 
    9.219e-01     2.668e-01     7.796e-01     6.518e-01 
    9.223e-01     2.629e-01     7.797e-01     6.519e-01 
    9.228e-01     2.628e-01     7.798e-01     6.527e-01 
    9.232e-01     2.614e-01     7.799e-01     6.535e-01 
    9.237e-01     2.600e-01     7.801e-01     6.521e-01 
    9.241e-01     2.624e-01     7.802e-01     6.519e-01 
    9.246e-01     2.627e-01     7.803e-01     6.507e-01 
    9.251e-01     2.648e-01     7.804e-01     6.511e-01 
    9.255e-01     2.641e-01     7.805e-01     6.515e-01 
    9.260e-01     2.634e-01     7.806e-01     6.526e-01 
    9.264e-01     2.615e-01     7.808e-01     6.543e-01 
    9.269e-01     2.587e-01     7.809e-01     6.549e-01 
    9.273e-01     2.576e-01     7.810e-01     6.525e-01 
    9.278e-01     2.617e-01     7.811e-01     6.510e-01 
    9.282e-01     2.643e-01     7.812e-01     6.495e-01 
    9.286e-01     2.669e-01     7.814e-01     6.503e-01 
    9.291e-01     2.655e-01     7.815e-01     6.508e-01 
    9.296e-01     2.647e-01     7.816e-01     6.526e-01 
    9.300e-01     2.615e-01     7.817e-01     6.522e-01 
    9.305e-01     2.623e-01     7.818e-01     6.525e-01 
    9.309e-01     2.617e-01     7.819e-01     6.514e-01 
    9.314e-01     2.635e-01     7.821e-01     6.510e-01 
    9.318e-01     2.642e-01     7.822e-01     6.497e-01 
    9.323e-01     2.665e-01     7.823e-01     6.510e-01 
    9.327e-01     2.644e-01     7.824e-01     6.508e-01 
    9.332e-01     2.646e-01     7.825e-01     6.510e-01 
    9.336e-01     2.642e-01     7.827e-01     6.507e-01 
    9.341e-01     2.648e-01     7.828e-01     6.514e-01 
    9.345e-01     2.635e-01     7.829e-01     6.510e-01 
    9.350e-01     2.644e-01     7.830e-01     6.514e-01 
    9.354e-01     2.636e-01     7.831e-01     6.514e-01 
    9.359e-01     2.635e-01     7.833e-01     6.509e-01 
    9.363e-01     2.645e-01     7.834e-01     6.519e-01 
    9.368e-01     2.628e-01     7.835e-01     6.535e-01 
    9.372e-01     2.600e-01     7.836e-01     6.537e-01 
    9.377e-01     2.597e-01     7.837e-01     6.538e-01 
    9.382e-01     2.595e-01     7.839e-01     6.539e-01 
    9.386e-01     2.594e-01     7.840e-01     6.538e-01 
    9.391e-01     2.595e-01     7.841e-01     6.529e-01 
    9.395e-01     2.611e-01     7.842e-01     6.528e-01 
    9.400e-01     2.612e-01     7.843e-01     6.547e-01 
    9.404e-01     2.580e-01     7.844e-01     6.562e-01 
    9.409e-01     2.555e-01     7.846e-01     6.558e-01 
    9.413e-01     2.562e-01     7.847e-01     6.574e-01 
    9.418e-01     2.535e-01     7.848e-01     6.563e-01 
    9.423e-01     2.552e-01     7.849e-01     6.558e-01 
    9.427e-01     2.562e-01     7.850e-01     6.559e-01 
    9.432e-01     2.560e-01     7.851e-01     6.554e-01 
    9.436e-01     2.569e-01     7.853e-01     6.558e-01 
    9.441e-01     2.561e-01     7.854e-01     6.560e-01 
    9.445e-01     2.557e-01     7.855e-01     6.567e-01 
    9.450e-01     2.545e-01     7.856e-01     6.585e-01 
    9.455e-01     2.515e-01     7.857e-01     6.582e-01 
    9.459e-01     2.521e-01     7.858e-01     6.597e-01 
    9.464e-01     2.496e-01     7.860e-01     6.598e-01 
    9.468e-01     2.494e-01     7.861e-01     6.609e-01 
    9.473e-01     2.477e-01     7.862e-01     6.601e-01 
    9.478e-01     2.490e-01     7.863e-01     6.595e-01 
    9.482e-01     2.499e-01     7.864e-01     6.595e-01 
    9.487e-01     2.499e-01     7.865e-01     6.595e-01 
    9.492e-01     2.500e-01     7.867e-01     6.610e-01 
    9.496e-01     2.475e-01     7.868e-01     6.623e-01 
    9.501e-01     2.452e-01     7.869e-01     6.634e-01 
    9.505e-01     2.435e-01     7.870e-01     6.644e-01 
    9.510e-01     2.419e-01     7.871e-01     6.629e-01 
    9.515e-01     2.442e-01     7.872e-01     6.634e-01 
    9.519e-01     2.435e-01     7.873e-01     6.633e-01 
    9.524e-01     2.437e-01     7.874e-01     6.639e-01 
    9.529e-01     2.427e-01     7.876e-01     6.641e-01 
    9.533e-01     2.422e-01     7.877e-01     6.628e-01 
    9.538e-01     2.445e-01     7.878e-01     6.610e-01 
    9.542e-01     2.474e-01     7.879e-01     6.598e-01 
    9.547e-01     2.495e-01     7.880e-01     6.588e-01 
    9.552e-01     2.511e-01     7.881e-01     6.580e-01 
    9.556e-01     2.524e-01     7.882e-01     6.591e-01 
    9.561e-01     2.505e-01     7.884e-01     6.612e-01 
    9.566e-01     2.470e-01     7.885e-01     6.620e-01 
    9.570e-01     2.458e-01     7.886e-01     6.622e-01 
    9.575e-01     2.455e-01     7.887e-01     6.611e-01 
    9.579e-01     2.472e-01     7.888e-01     6.603e-01 
    9.584e-01     2.486e-01     7.889e-01     6.595e-01 
    9.589e-01     2.500e-01     7.890e-01     6.593e-01 
    9.593e-01     2.502e-01     7.892e-01     6.586e-01 
    9.598e-01     2.514e-01     7.893e-01     6.594e-01 
    9.602e-01     2.500e-01     7.894e-01     6.595e-01 
    9.607e-01     2.499e-01     7.895e-01     6.598e-01 
    9.612e-01     2.494e-01     7.896e-01     6.598e-01 
    9.616e-01     2.495e-01     7.897e-01     6.604e-01 
    9.621e-01     2.484e-01     7.899e-01     6.623e-01 
    9.626e-01     2.453e-01     7.900e-01     6.644e-01 
    9.630e-01     2.418e-01     7.901e-01     6.646e-01 
    9.635e-01     2.415e-01     7.902e-01     6.636e-01 
    9.640e-01     2.432e-01     7.903e-01     6.632e-01 
    9.644e-01     2.437e-01     7.904e-01     6.630e-01 
    9.649e-01     2.442e-01     7.905e-01     6.628e-01 
    9.654e-01     2.444e-01     7.906e-01     6.620e-01 
    9.658e-01     2.458e-01     7.908e-01     6.606e-01 
    9.663e-01     2.480e-01     7.909e-01     6.614e-01 
    9.668e-01     2.468e-01     7.910e-01     6.609e-01 
    9.672e-01     2.476e-01     7.911e-01     6.605e-01 
    9.677e-01     2.483e-01     7.912e-01     6.605e-01 
    9.681e-01     2.482e-01     7.913e-01     6.607e-01 
    9.686e-01     2.479e-01     7.915e-01     6.616e-01 
    9.691e-01     2.464e-01     7.916e-01     6.620e-01 
    9.696e-01     2.458e-01     7.917e-01     6.621e-01 
    9.700e-01     2.456e-01     7.918e-01     6.628e-01 
    9.705e-01     2.444e-01     7.919e-01     6.647e-01 
    9.710e-01     2.414e-01     7.920e-01     6.660e-01 
    9.714e-01     2.391e-01     7.921e-01     6.654e-01 
    9.719e-01     2.402e-01     7.923e-01     6.656e-01 
    9.724e-01     2.399e-01     7.924e-01     6.666e-01 
    9.729e-01     2.382e-01     7.925e-01     6.673e-01 
    9.733e-01     2.371e-01     7.926e-01     6.671e-01 
    9.738e-01     2.375e-01     7.927e-01     6.675e-01 
    9.743e-01     2.368e-01     7.928e-01     6.672e-01 
    9.747e-01     2.372e-01     7.929e-01     6.667e-01 
    9.752e-01     2.381e-01     7.930e-01     6.663e-01 
    9.757e-01     2.388e-01     7.932e-01     6.659e-01 
    9.762e-01     2.393e-01     7.933e-01     6.659e-01 
    9.766e-01     2.393e-01     7.934e-01     6.667e-01 
    9.771e-01     2.381e-01     7.935e-01     6.682e-01 
    9.776e-01     2.355e-01     7.936e-01     6.678e-01 
    9.781e-01     2.363e-01     7.937e-01     6.682e-01 
    9.785e-01     2.355e-01     7.938e-01     6.685e-01 
    9.790e-01     2.351e-01     7.939e-01     6.687e-01 
    9.795e-01     2.348e-01     7.941e-01     6.689e-01 
    9.800e-01     2.345e-01     7.942e-01     6.694e-01 
    9.805e-01     2.337e-01     7.943e-01     6.701e-01 
    9.809e-01     2.325e-01     7.944e-01     6.717e-01 
    9.814e-01     2.299e-01     7.945e-01     6.714e-01 
    9.819e-01     2.304e-01     7.946e-01     6.721e-01 
    9.824e-01     2.294e-01     7.947e-01     6.721e-01 
    9.829e-01     2.293e-01     7.948e-01     6.728e-01 
    9.834e-01     2.281e-01     7.949e-01     6.743e-01 
    9.838e-01     2.258e-01     7.951e-01     6.745e-01 
    9.843e-01     2.255e-01     7.952e-01     6.750e-01 
    9.848e-01     2.247e-01     7.953e-01     6.733e-01 
    9.853e-01     2.275e-01     7.954e-01     6.722e-01 
    9.858e-01     2.291e-01     7.955e-01     6.719e-01 
    9.862e-01     2.297e-01     7.956e-01     6.714e-01 
    9.867e-01     2.304e-01     7.957e-01     6.712e-01 
    9.872e-01     2.308e-01     7.958e-01     6.704e-01 
    9.877e-01     2.321e-01     7.959e-01     6.697e-01 
    9.882e-01     2.331e-01     7.960e-01     6.706e-01 
    9.886e-01     2.318e-01     7.962e-01     6.717e-01 
    9.891e-01     2.300e-01     7.963e-01     6.728e-01 
    9.896e-01     2.281e-01     7.964e-01     6.730e-01 
    9.901e-01     2.278e-01     7.965e-01     6.737e-01 
    9.906e-01     2.267e-01     7.966e-01     6.734e-01 
    9.911e-01     2.272e-01     7.967e-01     6.733e-01 
    9.915e-01     2.273e-01     7.968e-01     6.744e-01 
    9.920e-01     2.257e-01     7.969e-01     6.759e-01 
    9.925e-01     2.233e-01     7.970e-01     6.755e-01 
    9.930e-01     2.238e-01     7.971e-01     6.758e-01 
    9.935e-01     2.234e-01     7.973e-01     6.764e-01 
    9.940e-01     2.224e-01     7.974e-01     6.759e-01 
    9.945e-01     2.233e-01     7.975e-01     6.775e-01 
    9.950e-01     2.207e-01     7.976e-01     6.774e-01 
    9.954e-01     2.209e-01     7.977e-01     6.790e-01 
    9.959e-01     2.184e-01     7.978e-01     6.795e-01 
    9.964e-01     2.176e-01     7.979e-01     6.779e-01 
    9.969e-01     2.200e-01     7.980e-01     6.764e-01 
    9.974e-01     2.225e-01     7.981e-01     6.767e-01 
    9.979e-01     2.220e-01     7.982e-01     6.778e-01 
    9.984e-01     2.203e-01     7.983e-01     6.775e-01 
    9.989e-01     2.207e-01     7.984e-01     6.769e-01 
    9.993e-01     2.216e-01     7.986e-01     6.770e-01 
    9.998e-01     2.215e-01     7.987e-01     6.793e-01 
    1.000e+00     2.178e-01     7.988e-01     6.794e-01 
