0
0
0.00035745
0.00068483
0.00099806
0.0012997
0.0015929
0.00188
0.0021632
0.0024446
0.0027261
0.0030098
0.003298
0.0035932
0.0038979
0.0042153
0.0045485
0.0049012
0.0052774
0.0056819
0.0061199
0.0065975
0.007122
0.0077029
0.0083518
0.0090834
0.0099168
0.010755
0.011585
0.012413
0.013249
0.014105
0.014996
0.01594
0.016962
0.018029
0.019115
0.020258
0.021505
0.022917
0.024366
0.02575
0.027081
0.028372
0.029642
0.030912
0.032206
0.03355
0.034928
0.036349
0.037853
0.03949
0.041237
0.042951
0.044683
0.046493
0.048272
0.049997
0.051686
0.053359
0.055042
0.056731
0.058453
0.060249
0.062163
0.06415
0.066158
0.068241
0.070466
0.072876
0.075182
0.077403
0.079559
0.081661
0.08374
0.085829
0.087965
0.090158
0.092358
0.094613
0.096984
0.099533
0.10206
0.1046
0.10723
0.10997
0.1126
0.11515
0.11765
0.12014
0.12266
0.12523
0.12786
0.1306
0.13335
0.13612
0.13895
0.14194
0.14515
0.14823
0.15127
0.1543
0.15725
0.16017
0.16309
0.16606
0.16908
0.17212
0.17517
0.17832
0.18163
0.18488
0.18813
0.19146
0.19495
0.1986
0.20217
0.20563
0.20904
0.21244
0.21587
0.21931
0.2228
0.22639
0.22996
0.23359
0.23736
0.24132
0.2452
0.24909
0.25307
0.25705
0.26103
0.26493
0.26877
0.27261
0.27653
0.2805
0.2845
0.28849
0.29244
0.29642
0.30051
0.30482
0.30914
0.31348
0.31761
0.32159
0.32561
0.32979
0.33396
0.33825
0.34276
0.3472
0.35136
0.35537
0.3594
0.36361
0.36805
0.37253
0.37679
0.38089
0.3849
0.38892
0.39306
0.39697
0.40081
0.40473
0.40879
0.41313
0.41709
0.42089
0.42467
0.42854
0.43263
0.43675
0.44071
0.44464
0.44837
0.45197
0.45554
0.45918
0.46268
0.46603
0.46935
0.47273
0.47623
0.4797
0.48297
0.48618
0.48941
0.49276
0.49629
0.50008
0.50355
0.50684
0.51008
0.51339
0.51686
0.52041
0.52377
0.52682
0.52969
0.53248
0.53525
0.53804
0.54087
0.54362
0.54636
0.54916
0.55206
0.55498
0.55768
0.56031
0.56293
0.56564
0.5685
0.57155
0.57483
0.57817
0.58131
0.58429
0.58696
0.58932
0.5915
0.59356
0.59556
0.59753
0.59948
0.60145
0.60333
0.60519
0.60707
0.60898
0.61095
0.61298
0.61509
0.61727
0.61951
0.62183
0.62406
0.62623
0.62836
0.63033
0.63197
0.63342
0.63474
0.63597
0.63714
0.63828
0.63938
0.64047
0.64155
0.64262
0.64368
0.64474
0.6458
0.64686
0.64791
0.64897
0.65003
0.65109
0.65215
0.65321
0.65416
0.65503
0.65583
0.65658
0.6573
0.65798
0.65864
0.65928
0.6599
0.6605
0.66109
0.66168
0.66226
0.66283
0.6634
0.66396
0.66451
0.66506
0.6656
0.66613
0.66665
0.66717
0.66768
0.66819
0.66869
0.66919
0.66968
0.67016
0.67065
0.67113
0.6716
0.67207
0.67254
0.67301
0.67347
0.67394
0.67439
0.67485
0.6753
0.67576
0.6762
0.67665
0.67709
0.67753
0.67797
0.67841
0.67885
0.67928
0.67971
0.68014
0.68057
0.681
0.68142
0.68185
0.68227
0.6827
0.68312
0.68354
0.68396
0.68438
0.6848
0.68522
0.68564
0.68605
0.68647
0.68689
0.6873
0.68772
0.68813
0.68855
0.68896
0.68937
0.68979
0.6902
0.69061
0.69102
0.69143
0.69184
0.69225
0.69266
0.69307
0.69348
0.69388
0.69429
0.6947
0.69511
0.69552
0.69593
0.69634
0.69674
0.69715
0.69756
0.69796
0.69837
0.69878
0.69919
0.69959
0.7
0.70041
0.70081
0.70122
0.70163
0.70204
0.70245
0.70286
0.70327
0.70368
0.70409
0.7045
0.70492
0.70533
0.70574
0.70616
0.70657
0.70698
0.70739
0.7078
0.70821
0.70862
0.70903
0.70944
0.70984
0.71025
0.71066
0.71106
0.71147
0.71187
0.71228
0.71268
0.71308
0.71349
0.71389
0.71429
0.71469
0.7151
0.7155
0.7159
0.7163
0.71671
0.71711
0.71751
0.71791
0.71831
0.71871
0.71911
0.71951
0.7199
0.7203
0.7207
0.7211
0.7215
0.72189
0.72229
0.72269
0.72308
0.72348
0.72388
0.72427
0.72467
0.72506
0.72546
0.72585
0.72625
0.72664
0.72703
0.72742
0.72782
0.72821
0.7286
0.72899
0.72938
0.72977
0.73016
0.73055
0.73094
0.73133
0.73172
0.73212
0.73251
0.7329
0.73329
0.73367
0.73406
0.73445
0.73484
0.73523
0.73562
0.73601
0.7364
0.73679
0.73718
0.73757
0.73796
0.73835
0.73873
0.73912
0.73951
0.7399
0.74029
0.74068
0.74107
0.74146
0.74185
0.74224
0.74263
0.74301
0.7434
0.74379
0.74418
0.74457
0.74496
0.74535
0.74574
0.74613
0.74652
0.74691
0.7473
0.74768
0.74807
0.74846
0.74885
0.74924
0.74963
0.75002
0.75041
0.7508
0.75119
0.75158
0.75197
0.75236
0.75274
0.75313
0.75352
0.75391
0.7543
0.75469
0.75508
0.75547
0.75586
0.75625
0.75664
0.75702
0.75741
0.7578
0.75819
0.75858
0.75897
0.75936
0.75975
0.76014
0.76053
0.76092
0.76131
0.7617
0.76209
0.76248
0.76287
0.76326
0.76365
0.76404
0.76443
0.76482
0.76521
0.7656
0.76598
0.76637
0.76676
0.76715
0.76754
0.76793
0.76832
0.76871
0.7691
0.76948
0.76987
0.77026
0.77065
0.77104
0.77143
0.77182
0.77221
0.7726
0.77299
0.77338
0.77376
0.77415
0.77454
0.77493
0.77532
0.77571
0.7761
0.77649
0.77688
0.77727
0.77765
0.77804
0.77843
0.77882
0.77921
0.7796
0.77999
0.78038
0.78077
0.78116
0.78155
0.78194
0.78233
0.78272
0.78311
0.7835
0.78389
0.78428
0.78467
0.78506
0.78545
0.78585
0.78624
0.78663
0.78703
0.78742
0.78781
0.78821
0.7886
0.789
0.78939
0.78978
0.79018
0.79057
0.79097
0.79136
0.79176
0.79215
0.79255
0.79294
0.79334
0.79373
0.79412
0.79452
0.79491
0.79531
0.7957
0.7961
0.79649
0.79689
0.79728
0.79768
0.79807
0.79847
0.79886
0.79926
0.79965
0.80005
0.80045
0.80084
0.80124
0.80163
0.80203
0.80243
0.80282
0.80322
0.80362
0.80401
0.80441
0.80481
0.8052
0.8056
0.806
0.80639
0.80679
0.80719
0.80759
0.80799
0.80838
0.80878
0.80918
0.80958
0.80997
0.81037
0.81077
0.81117
0.81157
0.81196
0.81236
0.81276
0.81316
0.81356
0.81396
0.81436
0.81476
0.81516
0.81556
0.81595
0.81636
0.81676
0.81716
0.81756
0.81796
0.81836
0.81876
0.81916
0.81956
0.81996
0.82037
0.82077
0.82117
0.82157
0.82197
0.82238
0.82278
0.82318
0.82358
0.82399
0.82439
0.82479
0.82519
0.8256
0.826
0.8264
0.82681
0.82721
0.82761
0.82801
0.82842
0.82882
0.82922
0.82963
0.83003
0.83043
0.83083
0.83124
0.83164
0.83205
0.83245
0.83285
0.83326
0.83366
0.83407
0.83447
0.83487
0.83528
0.83568
0.83609
0.83649
0.8369
0.83731
0.83771
0.83812
0.83852
0.83893
0.83934
0.83974
0.84015
0.84055
0.84096
0.84137
0.84177
0.84218
0.84259
0.843
0.8434
0.84381
0.84422
0.84463
0.84504
0.84545
0.84586
0.84627
0.84668
0.84709
0.8475
0.84791
0.84832
0.84873
0.84914
0.84955
0.84996
0.85037
0.85078
0.85119
0.8516
0.85202
0.85243
0.85284
0.85325
0.85366
0.85408
0.85449
0.8549
0.85531
0.85572
0.85614
0.85655
0.85696
0.85738
0.85779
0.85821
0.85862
0.85904
0.85945
0.85987
0.86028
0.8607
0.86111
0.86153
0.86195
0.86236
0.86278
0.86319
0.86361
0.86403
0.86444
0.86486
0.86528
0.86569
0.86611
0.86653
0.86695
0.86736
0.86778
0.8682
0.86862
0.86904
0.86946
0.86988
0.8703
0.87072
0.87114
0.87156
0.87198
0.8724
0.87282
0.87324
0.87366
0.87408
0.8745
0.87492
0.87534
0.87576
0.87619
0.87661
0.87703
0.87745
0.87788
0.8783
0.87872
0.87915
0.87957
0.88
0.88042
0.88085
0.88127
0.8817
0.88212
0.88255
0.88298
0.8834
0.88383
0.88426
0.88468
0.88511
0.88554
0.88597
0.8864
0.88682
0.88725
0.88768
0.88811
0.88854
0.88896
0.88939
0.88982
0.89025
0.89068
0.8911
0.89153
0.89196
0.89239
0.89283
0.89326
0.89369
0.89412
0.89455
0.89499
0.89542
0.89585
0.89629
0.89672
0.89716
0.89759
0.89802
0.89846
0.89889
0.89933
0.89976
0.9002
0.90064
0.90107
0.90151
0.90194
0.90238
0.90282
0.90325
0.90369
0.90413
0.90457
0.90501
0.90544
0.90588
0.90632
0.90676
0.9072
0.90764
0.90809
0.90853
0.90897
0.90942
0.90986
0.9103
0.91074
0.91119
0.91163
0.91207
0.91252
0.91296
0.91341
0.91385
0.9143
0.91475
0.91519
0.91564
0.91608
0.91653
0.91697
0.91742
0.91787
0.91831
0.91876
0.91921
0.91966
0.9201
0.92055
0.921
0.92145
0.9219
0.92234
0.92279
0.92325
0.9237
0.92415
0.9246
0.92505
0.9255
0.92595
0.9264
0.92685
0.9273
0.92775
0.9282
0.92865
0.9291
0.92955
0.93
0.93045
0.9309
0.93136
0.93181
0.93226
0.93271
0.93316
0.93361
0.93407
0.93452
0.93497
0.93542
0.93588
0.93633
0.93679
0.93724
0.9377
0.93815
0.93861
0.93906
0.93952
0.93998
0.94043
0.94089
0.94134
0.9418
0.94226
0.94271
0.94317
0.94363
0.94409
0.94455
0.945
0.94546
0.94592
0.94638
0.94684
0.9473
0.94777
0.94823
0.94869
0.94916
0.94962
0.95008
0.95055
0.95101
0.95147
0.95193
0.95239
0.95286
0.95332
0.95378
0.95424
0.9547
0.95517
0.95563
0.95609
0.95655
0.95701
0.95748
0.95794
0.9584
0.95886
0.95932
0.95978
0.96025
0.96071
0.96118
0.96164
0.96211
0.96257
0.96304
0.9635
0.96396
0.96443
0.96489
0.96536
0.96582
0.96629
0.96675
0.96722
0.96768
0.96815
0.96862
0.96909
0.96955
0.97002
0.9705
0.97097
0.97144
0.97191
0.97238
0.97285
0.97333
0.9738
0.97427
0.97475
0.97522
0.97569
0.97617
0.97664
0.97712
0.9776
0.97807
0.97855
0.97903
0.9795
0.97998
0.98046
0.98094
0.98142
0.98191
0.98239
0.98287
0.98335
0.98383
0.98431
0.98479
0.98527
0.98575
0.98623
0.98671
0.98719
0.98767
0.98815
0.98864
0.98912
0.9896
0.99008
0.99057
0.99105
0.99154
0.99202
0.99251
0.993
0.99349
0.99397
0.99446
0.99495
0.99544
0.99593
0.99642
0.9969
0.99739
0.99788
0.99837
0.99886
0.99935
0.99983
1.0003
