0
0
0.010755
0.020258
0.030912
0.041237
0.051686
0.060249
0.070466
0.081661
0.090158
0.10206
0.1126
0.12014
0.1306
0.14194
0.15127
0.16017
0.17212
0.18163
0.19146
0.20217
0.21244
0.2228
0.23359
0.24132
0.25307
0.26103
0.27261
0.2805
0.29244
0.30051
0.31348
0.32159
0.33396
0.34276
0.35136
0.36361
0.37253
0.38089
0.39306
0.40081
0.41313
0.42089
0.43263
0.44071
0.45197
0.46268
0.47273
0.48297
0.49276
0.50008
0.51008
0.52041
0.53248
0.54087
0.55206
0.56031
0.57155
0.58131
0.5915
0.60145
0.61095
0.62183
0.63033
0.64047
0.65003
0.6605
0.67016
0.68014
0.6902
0.7
0.71025
0.7203
0.73016
0.74029
0.75002
0.76014
0.77026
0.78038
0.79018
0.80005
0.81037
0.82037
0.83003
0.84015
0.85037
0.86028
0.8703
0.88042
0.89025
0.9002
0.9103
0.9201
0.93
0.94043
0.95008
0.96025
0.97002
0.98046
0.99008
1.0003
