0
0
0.00082871
0.0016277
0.0024626
0.0033706
0.0044661
0.0058582
0.007165
0.0085114
0.010047
0.01198
0.01383
0.01567
0.017708
0.020212
0.022635
0.025058
0.027668
0.030573
0.033456
0.036531
0.039739
0.043146
0.046644
0.050388
0.054423
0.05826
0.062501
0.067106
0.071445
0.076207
0.081117
0.086045
0.09107
0.096786
0.10206
0.10743
0.11365
0.12045
0.12687
0.134
0.14157
0.14938
0.15736
0.16487
0.17258
0.18048
0.18862
0.19664
0.20464
0.21268
0.22094
0.22853
0.23615
0.24422
0.25272
0.26074
0.26858
0.27664
0.28488
0.29316
0.30137
0.30948
0.31718
0.32471
0.33118
0.33785
0.34469
0.35083
0.35575
0.36056
0.36558
0.37066
0.376
0.38136
0.38596
0.3902
0.39442
0.3986
0.40286
0.40726
0.41129
0.41461
0.41768
0.42064
0.42371
0.42668
0.42955
0.43205
0.43387
0.43542
0.43679
0.43794
0.43896
0.43993
0.44087
0.44178
0.44262
0.4434
0.44416
0.44489
0.44561
0.44632
0.44702
0.44772
0.4484
0.44909
0.44977
0.45044
0.45112
0.45179
0.45246
0.45313
0.45379
0.45446
0.45512
0.45579
0.45645
0.45711
0.45778
0.45844
0.4591
0.45976
0.46042
