    0.000e+00     1.000e+00     0.000e+00     0.000e+00 
    7.562e-05     1.000e+00     8.176e-05     1.000e-06 
    1.358e-04     1.000e+00     1.539e-04     1.000e-06 
    1.971e-04     1.000e+00     2.271e-04     1.000e-06 
    2.651e-04     1.000e+00     3.080e-04     1.000e-06 
    3.441e-04     1.000e+00     4.015e-04     1.000e-06 
    4.355e-04     1.000e+00     5.092e-04     1.000e-06 
    5.412e-04     1.000e+00     6.332e-04     1.000e-06 
    6.552e-04     1.000e+00     7.662e-04     1.000e-06 
    7.823e-04     1.000e+00     9.135e-04     1.000e-06 
    9.184e-04     1.000e+00     1.070e-03     1.000e-06 
    1.062e-03     1.000e+00     1.235e-03     1.000e-06 
    1.214e-03     1.000e+00     1.408e-03     1.000e-06 
    1.374e-03     1.000e+00     1.587e-03     1.000e-06 
    1.541e-03     1.000e+00     1.775e-03     1.000e-06 
    1.717e-03     1.000e+00     1.970e-03     1.000e-06 
    1.901e-03     1.000e+00     2.173e-03     1.000e-06 
    2.095e-03     1.000e+00     2.386e-03     1.000e-06 
    2.300e-03     1.000e+00     2.608e-03     1.000e-06 
    2.517e-03     1.000e+00     2.841e-03     1.000e-06 
    2.735e-03     1.000e+00     3.074e-03     1.000e-06 
    2.974e-03     1.000e+00     3.328e-03     1.000e-06 
    3.233e-03     1.000e+00     3.600e-03     1.000e-06 
    3.510e-03     1.000e+00     3.888e-03     1.000e-06 
    3.788e-03     1.000e+00     4.175e-03     1.000e-06 
    4.062e-03     1.000e+00     4.455e-03     1.000e-06 
    4.350e-03     1.000e+00     4.748e-03     1.000e-06 
    4.665e-03     1.000e+00     5.066e-03     1.000e-06 
    5.016e-03     1.000e+00     5.417e-03     1.000e-06 
    5.359e-03     1.000e+00     5.759e-03     1.000e-06 
    5.721e-03     1.000e+00     6.118e-03     1.000e-06 
    6.057e-03     1.000e+00     6.450e-03     1.000e-06 
    6.396e-03     1.000e+00     6.784e-03     1.000e-06 
    6.733e-03     1.000e+00     7.115e-03     1.000e-06 
    7.087e-03     1.000e+00     7.463e-03     1.000e-06 
    7.445e-03     1.000e+00     7.813e-03     1.000e-06 
    7.808e-03     1.000e+00     8.170e-03     1.000e-06 
    8.184e-03     1.000e+00     8.539e-03     1.000e-06 
    8.566e-03     1.000e+00     8.915e-03     1.000e-06 
    8.647e-03     1.000e+00     8.995e-03     1.000e-06 
    8.712e-03     1.000e+00     9.059e-03     1.000e-06 
    8.713e-03     1.000e+00     9.059e-03     1.000e-06 
    8.732e-03     1.000e+00     9.078e-03     1.000e-06 
    8.811e-03     1.000e+00     9.156e-03     1.000e-06 
    8.887e-03     1.000e+00     9.231e-03     1.000e-06 
    9.016e-03     1.000e+00     9.358e-03     1.000e-06 
    9.317e-03     1.000e+00     9.655e-03     1.000e-06 
    9.737e-03     1.000e+00     1.007e-02     1.000e-06 
    1.012e-02     1.000e+00     1.045e-02     1.000e-06 
    1.033e-02     1.000e+00     1.066e-02     1.000e-06 
    1.036e-02     1.000e+00     1.068e-02     1.000e-06 
    1.059e-02     1.000e+00     1.091e-02     1.000e-06 
    1.070e-02     1.000e+00     1.102e-02     1.000e-06 
    1.103e-02     1.000e+00     1.136e-02     1.000e-06 
    1.152e-02     1.000e+00     1.185e-02     1.000e-06 
    1.179e-02     1.000e+00     1.212e-02     1.000e-06 
    1.202e-02     1.000e+00     1.235e-02     1.000e-06 
    1.210e-02     1.000e+00     1.243e-02     1.000e-06 
    1.219e-02     1.000e+00     1.253e-02     1.000e-06 
    1.223e-02     1.000e+00     1.256e-02     1.000e-06 
    1.231e-02     1.000e+00     1.264e-02     1.000e-06 
    1.242e-02     1.000e+00     1.275e-02     1.000e-06 
    1.269e-02     1.000e+00     1.302e-02     1.000e-06 
    1.307e-02     1.000e+00     1.341e-02     1.000e-06 
    1.307e-02     1.000e+00     1.342e-02     1.000e-06 
    1.313e-02     1.000e+00     1.348e-02     1.000e-06 
    1.330e-02     1.000e+00     1.365e-02     1.000e-06 
    1.335e-02     1.000e+00     1.371e-02     1.000e-06 
    1.341e-02     1.000e+00     1.376e-02     1.000e-06 
    1.348e-02     1.000e+00     1.384e-02     1.000e-06 
    1.365e-02     1.000e+00     1.401e-02     1.000e-06 
    1.385e-02     1.000e+00     1.421e-02     1.000e-06 
    1.397e-02     1.000e+00     1.434e-02     1.000e-06 
    1.403e-02     1.000e+00     1.439e-02     1.000e-06 
    1.412e-02     1.000e+00     1.449e-02     1.000e-06 
    1.420e-02     1.000e+00     1.457e-02     1.000e-06 
    1.428e-02     1.000e+00     1.465e-02     1.000e-06 
    1.433e-02     1.000e+00     1.471e-02     1.000e-06 
    1.437e-02     1.000e+00     1.475e-02     1.000e-06 
    1.444e-02     1.000e+00     1.482e-02     1.000e-06 
    1.450e-02     1.000e+00     1.487e-02     1.000e-06 
    1.454e-02     1.000e+00     1.492e-02     1.000e-06 
    1.458e-02     1.000e+00     1.496e-02     1.000e-06 
    1.461e-02     1.000e+00     1.500e-02     1.000e-06 
    1.465e-02     1.000e+00     1.503e-02     1.000e-06 
    1.468e-02     1.000e+00     1.506e-02     1.000e-06 
    1.471e-02     1.000e+00     1.510e-02     1.000e-06 
    1.475e-02     1.000e+00     1.514e-02     1.000e-06 
    1.479e-02     1.000e+00     1.517e-02     1.000e-06 
    1.482e-02     1.000e+00     1.521e-02     1.000e-06 
    1.485e-02     1.000e+00     1.524e-02     1.000e-06 
    1.488e-02     1.000e+00     1.527e-02     1.000e-06 
    1.492e-02     1.000e+00     1.531e-02     1.000e-06 
    1.496e-02     1.000e+00     1.535e-02     1.000e-06 
    1.500e-02     1.000e+00     1.539e-02     1.000e-06 
    1.503e-02     1.000e+00     1.543e-02     1.000e-06 
    1.507e-02     1.000e+00     1.547e-02     1.000e-06 
    1.510e-02     1.000e+00     1.550e-02     1.000e-06 
    1.513e-02     1.000e+00     1.553e-02     1.000e-06 
    1.516e-02     1.000e+00     1.556e-02     1.000e-06 
    1.520e-02     1.000e+00     1.560e-02     1.000e-06 
    1.523e-02     1.000e+00     1.564e-02     1.000e-06 
    1.526e-02     1.000e+00     1.566e-02     1.000e-06 
    1.528e-02     1.000e+00     1.568e-02     1.000e-06 
    1.530e-02     1.000e+00     1.570e-02     1.000e-06 
    1.532e-02     1.000e+00     1.572e-02     1.000e-06 
    1.533e-02     1.000e+00     1.574e-02     1.000e-06 
    1.535e-02     1.000e+00     1.576e-02     1.000e-06 
    1.537e-02     1.000e+00     1.577e-02     1.000e-06 
    1.538e-02     1.000e+00     1.579e-02     1.000e-06 
    1.540e-02     1.000e+00     1.580e-02     1.000e-06 
    1.541e-02     1.000e+00     1.582e-02     1.000e-06 
    1.543e-02     1.000e+00     1.583e-02     1.000e-06 
    1.544e-02     1.000e+00     1.585e-02     1.000e-06 
    1.546e-02     1.000e+00     1.586e-02     1.000e-06 
    1.547e-02     1.000e+00     1.588e-02     1.000e-06 
    1.548e-02     1.000e+00     1.589e-02     1.000e-06 
    1.550e-02     1.000e+00     1.591e-02     1.000e-06 
    1.551e-02     1.000e+00     1.592e-02     1.000e-06 
    1.552e-02     1.000e+00     1.594e-02     1.000e-06 
    1.554e-02     1.000e+00     1.595e-02     1.000e-06 
    1.555e-02     1.000e+00     1.596e-02     1.000e-06 
    1.556e-02     1.000e+00     1.598e-02     1.000e-06 
    1.558e-02     1.000e+00     1.599e-02     1.000e-06 
    1.559e-02     1.000e+00     1.601e-02     1.000e-06 
    1.560e-02     1.000e+00     1.601e-02     1.000e-06 
    1.560e-02     1.000e+00     1.602e-02     1.000e-06 
    1.561e-02     1.000e+00     1.603e-02     1.000e-06 
    1.562e-02     1.000e+00     1.604e-02     1.000e-06 
    1.563e-02     1.000e+00     1.605e-02     1.000e-06 
    1.564e-02     1.000e+00     1.606e-02     1.000e-06 
    1.566e-02     1.000e+00     1.607e-02     1.000e-06 
    1.567e-02     1.000e+00     1.609e-02     1.000e-06 
    1.568e-02     1.000e+00     1.610e-02     1.000e-06 
    1.569e-02     1.000e+00     1.611e-02     1.000e-06 
    1.570e-02     1.000e+00     1.612e-02     1.000e-06 
    1.572e-02     1.000e+00     1.613e-02     1.000e-06 
    1.573e-02     1.000e+00     1.615e-02     1.000e-06 
    1.574e-02     1.000e+00     1.616e-02     1.000e-06 
    1.575e-02     1.000e+00     1.617e-02     1.000e-06 
    1.576e-02     1.000e+00     1.618e-02     1.000e-06 
    1.577e-02     1.000e+00     1.619e-02     1.000e-06 
    1.579e-02     1.000e+00     1.621e-02     1.000e-06 
    1.580e-02     1.000e+00     1.622e-02     1.000e-06 
    1.581e-02     1.000e+00     1.623e-02     1.000e-06 
    1.582e-02     1.000e+00     1.625e-02     1.000e-06 
    1.584e-02     1.000e+00     1.626e-02     1.000e-06 
    1.585e-02     1.000e+00     1.627e-02     1.000e-06 
    1.586e-02     1.000e+00     1.629e-02     1.000e-06 
    1.588e-02     1.000e+00     1.630e-02     1.000e-06 
    1.589e-02     1.000e+00     1.631e-02     1.000e-06 
    1.590e-02     1.000e+00     1.633e-02     1.000e-06 
    1.592e-02     1.000e+00     1.634e-02     1.000e-06 
    1.593e-02     1.000e+00     1.636e-02     1.000e-06 
    1.594e-02     1.000e+00     1.637e-02     1.000e-06 
    1.596e-02     1.000e+00     1.638e-02     1.000e-06 
    1.597e-02     1.000e+00     1.640e-02     1.000e-06 
    1.599e-02     1.000e+00     1.641e-02     1.000e-06 
    1.600e-02     1.000e+00     1.643e-02     1.000e-06 
    1.601e-02     1.000e+00     1.644e-02     1.000e-06 
    1.603e-02     1.000e+00     1.646e-02     1.000e-06 
    1.604e-02     1.000e+00     1.647e-02     1.000e-06 
    1.606e-02     1.000e+00     1.649e-02     1.000e-06 
    1.607e-02     1.000e+00     1.650e-02     1.000e-06 
    1.608e-02     1.000e+00     1.652e-02     1.000e-06 
    1.610e-02     1.000e+00     1.653e-02     1.000e-06 
    1.611e-02     1.000e+00     1.655e-02     1.000e-06 
    1.613e-02     1.000e+00     1.656e-02     1.000e-06 
    1.614e-02     1.000e+00     1.657e-02     1.000e-06 
    1.615e-02     1.000e+00     1.659e-02     1.000e-06 
    1.617e-02     1.000e+00     1.660e-02     1.000e-06 
    1.618e-02     1.000e+00     1.662e-02     1.000e-06 
    1.620e-02     1.000e+00     1.663e-02     1.000e-06 
    1.621e-02     1.000e+00     1.665e-02     1.000e-06 
    1.622e-02     1.000e+00     1.666e-02     1.000e-06 
    1.624e-02     1.000e+00     1.667e-02     1.000e-06 
    1.625e-02     1.000e+00     1.669e-02     1.000e-06 
    1.626e-02     1.000e+00     1.670e-02     1.000e-06 
    1.628e-02     1.000e+00     1.672e-02     1.000e-06 
    1.629e-02     1.000e+00     1.673e-02     1.000e-06 
    1.630e-02     1.000e+00     1.674e-02     1.000e-06 
    1.632e-02     1.000e+00     1.676e-02     1.000e-06 
    1.633e-02     1.000e+00     1.677e-02     1.000e-06 
    1.634e-02     1.000e+00     1.679e-02     1.000e-06 
    1.636e-02     1.000e+00     1.680e-02     1.000e-06 
    1.637e-02     1.000e+00     1.681e-02     1.000e-06 
    1.638e-02     1.000e+00     1.683e-02     1.000e-06 
    1.640e-02     1.000e+00     1.684e-02     1.000e-06 
    1.641e-02     1.000e+00     1.685e-02     1.000e-06 
    1.642e-02     1.000e+00     1.687e-02     1.000e-06 
    1.644e-02     1.000e+00     1.688e-02     1.000e-06 
    1.645e-02     1.000e+00     1.690e-02     1.000e-06 
    1.646e-02     1.000e+00     1.691e-02     1.000e-06 
    1.648e-02     1.000e+00     1.692e-02     1.000e-06 
    1.649e-02     1.000e+00     1.694e-02     1.000e-06 
    1.650e-02     1.000e+00     1.695e-02     1.000e-06 
    1.651e-02     1.000e+00     1.696e-02     1.000e-06 
    1.653e-02     1.000e+00     1.698e-02     1.000e-06 
    1.654e-02     1.000e+00     1.699e-02     1.000e-06 
    1.655e-02     1.000e+00     1.700e-02     1.000e-06 
    1.657e-02     1.000e+00     1.702e-02     1.000e-06 
    1.658e-02     1.000e+00     1.703e-02     1.000e-06 
    1.659e-02     1.000e+00     1.704e-02     1.000e-06 
    1.660e-02     1.000e+00     1.706e-02     1.000e-06 
    1.662e-02     1.000e+00     1.707e-02     1.000e-06 
    1.663e-02     1.000e+00     1.708e-02     1.000e-06 
    1.664e-02     1.000e+00     1.710e-02     1.000e-06 
    1.666e-02     1.000e+00     1.711e-02     1.000e-06 
    1.667e-02     1.000e+00     1.712e-02     1.000e-06 
    1.668e-02     1.000e+00     1.714e-02     1.000e-06 
    1.669e-02     1.000e+00     1.715e-02     1.000e-06 
    1.671e-02     1.000e+00     1.716e-02     1.000e-06 
    1.672e-02     1.000e+00     1.718e-02     1.000e-06 
    1.673e-02     1.000e+00     1.719e-02     1.000e-06 
    1.675e-02     1.000e+00     1.721e-02     1.000e-06 
    1.676e-02     1.000e+00     1.722e-02     1.000e-06 
    1.677e-02     1.000e+00     1.723e-02     1.000e-06 
    1.678e-02     1.000e+00     1.725e-02     1.000e-06 
    1.680e-02     1.000e+00     1.726e-02     1.000e-06 
    1.681e-02     1.000e+00     1.727e-02     1.000e-06 
    1.682e-02     1.000e+00     1.728e-02     1.000e-06 
    1.684e-02     1.000e+00     1.730e-02     1.000e-06 
    1.685e-02     1.000e+00     1.731e-02     1.000e-06 
    1.686e-02     1.000e+00     1.732e-02     1.000e-06 
    1.687e-02     1.000e+00     1.734e-02     1.000e-06 
    1.689e-02     1.000e+00     1.735e-02     1.000e-06 
    1.690e-02     1.000e+00     1.736e-02     1.000e-06 
    1.691e-02     1.000e+00     1.738e-02     1.000e-06 
    1.692e-02     1.000e+00     1.739e-02     1.000e-06 
    1.694e-02     1.000e+00     1.740e-02     1.000e-06 
    1.695e-02     1.000e+00     1.742e-02     1.000e-06 
    1.697e-02     1.000e+00     1.743e-02     1.000e-06 
    1.698e-02     1.000e+00     1.745e-02     1.000e-06 
    1.699e-02     1.000e+00     1.746e-02     1.000e-06 
    1.701e-02     1.000e+00     1.748e-02     1.000e-06 
    1.701e-02     1.000e+00     1.748e-02     1.000e-06 
    1.702e-02     1.000e+00     1.749e-02     1.000e-06 
    1.703e-02     1.000e+00     1.750e-02     1.000e-06 
    1.711e-02     1.000e+00     1.759e-02     1.000e-06 
    1.715e-02     1.000e+00     1.763e-02     1.000e-06 
    1.729e-02     1.000e+00     1.777e-02     1.000e-06 
    1.755e-02     1.000e+00     1.804e-02     1.000e-06 
    1.788e-02     1.000e+00     1.839e-02     1.000e-06 
    1.811e-02     1.000e+00     1.863e-02     1.000e-06 
    1.853e-02     1.000e+00     1.907e-02     1.000e-06 
    1.902e-02     1.000e+00     1.958e-02     1.000e-06 
    1.953e-02     1.000e+00     2.012e-02     1.000e-06 
    2.009e-02     1.000e+00     2.071e-02     1.000e-06 
    2.065e-02     1.000e+00     2.130e-02     1.000e-06 
    2.121e-02     1.000e+00     2.190e-02     1.000e-06 
    2.176e-02     1.000e+00     2.248e-02     1.000e-06 
    2.220e-02     1.000e+00     2.295e-02     1.000e-06 
    2.248e-02     1.000e+00     2.325e-02     1.000e-06 
    2.260e-02     1.000e+00     2.338e-02     1.000e-06 
    2.266e-02     1.000e+00     2.343e-02     1.000e-06 
    2.282e-02     1.000e+00     2.360e-02     1.000e-06 
    2.297e-02     1.000e+00     2.376e-02     1.000e-06 
    2.313e-02     1.000e+00     2.394e-02     1.000e-06 
    2.330e-02     1.000e+00     2.412e-02     1.000e-06 
    2.350e-02     1.000e+00     2.433e-02     1.000e-06 
    2.371e-02     1.000e+00     2.456e-02     1.000e-06 
    2.394e-02     1.000e+00     2.480e-02     1.000e-06 
    2.417e-02     1.000e+00     2.504e-02     1.000e-06 
    2.438e-02     1.000e+00     2.527e-02     1.000e-06 
    2.457e-02     1.000e+00     2.547e-02     1.000e-06 
    2.472e-02     1.000e+00     2.563e-02     1.000e-06 
    2.481e-02     1.000e+00     2.573e-02     1.000e-06 
    2.482e-02     1.000e+00     2.574e-02     1.000e-06 
    2.491e-02     1.000e+00     2.583e-02     1.000e-06 
    2.492e-02     1.000e+00     2.585e-02     1.000e-06 
    2.494e-02     1.000e+00     2.586e-02     1.000e-06 
    2.504e-02     1.000e+00     2.598e-02     1.000e-06 
    2.512e-02     1.000e+00     2.606e-02     1.000e-06 
    2.514e-02     1.000e+00     2.608e-02     1.000e-06 
    2.517e-02     1.000e+00     2.611e-02     1.000e-06 
    2.523e-02     1.000e+00     2.617e-02     1.000e-06 
    2.525e-02     1.000e+00     2.619e-02     1.000e-06 
    2.536e-02     1.000e+00     2.632e-02     1.000e-06 
    2.543e-02     1.000e+00     2.639e-02     1.000e-06 
    2.544e-02     1.000e+00     2.640e-02     1.000e-06 
    2.551e-02     1.000e+00     2.647e-02     1.000e-06 
    2.551e-02     1.000e+00     2.647e-02     1.000e-06 
    2.570e-02     1.000e+00     2.667e-02     1.000e-06 
    2.570e-02     1.000e+00     2.668e-02     1.000e-06 
    2.583e-02     1.000e+00     2.681e-02     1.000e-06 
    2.587e-02     1.000e+00     2.686e-02     1.000e-06 
    2.593e-02     1.000e+00     2.692e-02     1.000e-06 
    2.600e-02     1.000e+00     2.700e-02     1.000e-06 
    2.602e-02     1.000e+00     2.702e-02     1.000e-06 
    2.611e-02     1.000e+00     2.712e-02     1.000e-06 
    2.613e-02     1.000e+00     2.714e-02     1.000e-06 
    2.625e-02     1.000e+00     2.727e-02     1.000e-06 
    2.632e-02     1.000e+00     2.734e-02     1.000e-06 
    2.635e-02     1.000e+00     2.737e-02     1.000e-06 
    2.644e-02     1.000e+00     2.747e-02     1.000e-06 
    2.647e-02     1.000e+00     2.750e-02     1.000e-06 
    2.648e-02     1.000e+00     2.751e-02     1.000e-06 
    2.657e-02     1.000e+00     2.761e-02     1.000e-06 
    2.665e-02     1.000e+00     2.770e-02     1.000e-06 
    2.665e-02     1.000e+00     2.770e-02     1.000e-06 
    2.676e-02     1.000e+00     2.782e-02     1.000e-06 
    2.681e-02     1.000e+00     2.787e-02     1.000e-06 
    2.688e-02     1.000e+00     2.794e-02     1.000e-06 
    2.695e-02     1.000e+00     2.802e-02     1.000e-06 
    2.695e-02     1.000e+00     2.802e-02     1.000e-06 
    2.706e-02     1.000e+00     2.813e-02     1.000e-06 
    2.709e-02     1.000e+00     2.817e-02     1.000e-06 
    2.711e-02     1.000e+00     2.818e-02     1.000e-06 
    2.713e-02     1.000e+00     2.821e-02     1.000e-06 
    2.719e-02     1.000e+00     2.827e-02     1.000e-06 
    2.728e-02     1.000e+00     2.836e-02     1.000e-06 
    2.740e-02     1.000e+00     2.850e-02     1.000e-06 
    2.756e-02     1.000e+00     2.867e-02     1.000e-06 
    2.788e-02     1.000e+00     2.902e-02     1.000e-06 
    2.812e-02     1.000e+00     2.927e-02     1.000e-06 
    2.849e-02     1.000e+00     2.967e-02     1.000e-06 
    2.898e-02     1.000e+00     3.019e-02     1.000e-06 
    2.949e-02     1.000e+00     3.074e-02     1.000e-06 
    3.002e-02     1.000e+00     3.131e-02     1.000e-06 
    3.058e-02     1.000e+00     3.191e-02     1.000e-06 
    3.114e-02     1.000e+00     3.252e-02     1.000e-06 
    3.160e-02     1.000e+00     3.301e-02     1.000e-06 
    3.195e-02     1.000e+00     3.339e-02     1.000e-06 
    3.217e-02     1.000e+00     3.363e-02     1.000e-06 
    3.226e-02     1.000e+00     3.373e-02     1.000e-06 
    3.233e-02     1.000e+00     3.381e-02     1.000e-06 
    3.255e-02     1.000e+00     3.403e-02     1.000e-06 
    3.264e-02     1.000e+00     3.413e-02     1.000e-06 
    3.268e-02     1.000e+00     3.418e-02     1.000e-06 
    3.282e-02     1.000e+00     3.433e-02     1.000e-06 
    3.298e-02     1.000e+00     3.450e-02     1.000e-06 
    3.334e-02     1.000e+00     3.490e-02     1.000e-06 
    3.390e-02     1.000e+00     3.550e-02     1.000e-06 
    3.455e-02     1.000e+00     3.621e-02     1.000e-06 
    3.522e-02     1.000e+00     3.693e-02     1.000e-06 
    3.589e-02     1.000e+00     3.766e-02     1.000e-06 
    3.634e-02     1.000e+00     3.815e-02     1.000e-06 
    3.650e-02     1.000e+00     3.832e-02     1.000e-06 
    3.683e-02     1.000e+00     3.868e-02     1.000e-06 
    3.714e-02     1.000e+00     3.903e-02     1.000e-06 
    3.733e-02     1.000e+00     3.924e-02     1.000e-06 
    3.782e-02     1.000e+00     3.977e-02     1.000e-06 
    3.833e-02     1.000e+00     4.033e-02     1.000e-06 
    3.885e-02     1.000e+00     4.090e-02     1.000e-06 
    3.935e-02     1.000e+00     4.145e-02     1.000e-06 
    3.984e-02     1.000e+00     4.198e-02     1.000e-06 
    4.031e-02     1.000e+00     4.250e-02     1.000e-06 
    4.088e-02     1.000e+00     4.313e-02     1.000e-06 
    4.143e-02     1.000e+00     4.373e-02     1.000e-06 
    4.187e-02     1.000e+00     4.421e-02     1.000e-06 
    4.222e-02     1.000e+00     4.459e-02     1.000e-06 
    4.255e-02     1.000e+00     4.496e-02     1.000e-06 
    4.279e-02     1.000e+00     4.522e-02     1.000e-06 
    4.294e-02     1.000e+00     4.539e-02     1.000e-06 
    4.300e-02     1.000e+00     4.545e-02     1.000e-06 
    4.301e-02     1.000e+00     4.547e-02     1.000e-06 
    4.306e-02     1.000e+00     4.552e-02     1.000e-06 
    4.350e-02     1.000e+00     4.601e-02     1.000e-06 
    4.407e-02     1.000e+00     4.663e-02     1.000e-06 
    4.475e-02     1.000e+00     4.738e-02     1.000e-06 
    4.552e-02     1.000e+00     4.824e-02     1.000e-06 
    4.635e-02     1.000e+00     4.915e-02     1.000e-06 
    4.719e-02     1.000e+00     5.008e-02     1.000e-06 
    4.805e-02     1.000e+00     5.103e-02     1.000e-06 
    4.892e-02     1.000e+00     5.200e-02     1.000e-06 
    4.966e-02     1.000e+00     5.280e-02     1.000e-06 
    5.025e-02     1.000e+00     5.346e-02     1.000e-06 
    5.075e-02     1.000e+00     5.402e-02     1.000e-06 
    5.119e-02     1.000e+00     5.450e-02     1.000e-06 
    5.159e-02     1.000e+00     5.495e-02     1.000e-06 
    5.198e-02     1.000e+00     5.538e-02     1.000e-06 
    5.239e-02     1.000e+00     5.584e-02     1.000e-06 
    5.285e-02     1.000e+00     5.635e-02     1.000e-06 
    5.338e-02     1.000e+00     5.693e-02     1.000e-06 
    5.399e-02     1.000e+00     5.762e-02     1.000e-06 
    5.473e-02     1.000e+00     5.844e-02     1.000e-06 
    5.561e-02     1.000e+00     5.941e-02     1.000e-06 
    5.616e-02     1.000e+00     6.003e-02     1.000e-06 
    5.670e-02     1.000e+00     6.062e-02     1.000e-06 
    5.705e-02     1.000e+00     6.102e-02     1.000e-06 
    5.798e-02     1.000e+00     6.205e-02     1.000e-06 
    5.910e-02     1.000e+00     6.330e-02     1.000e-06 
    6.028e-02     1.000e+00     6.461e-02     1.000e-06 
    6.046e-02     1.000e+00     6.481e-02     1.000e-06 
    6.166e-02     1.000e+00     6.615e-02     1.000e-06 
    6.281e-02     1.000e+00     6.742e-02     1.000e-06 
    6.396e-02     1.000e+00     6.871e-02     1.000e-06 
    6.515e-02     1.000e+00     7.003e-02     1.000e-06 
    6.642e-02     1.000e+00     7.145e-02     1.000e-06 
    6.761e-02     1.000e+00     7.277e-02     1.000e-06 
    6.878e-02     1.000e+00     7.408e-02     1.000e-06 
    6.982e-02     1.000e+00     7.524e-02     1.000e-06 
    7.065e-02     1.000e+00     7.617e-02     1.000e-06 
    7.098e-02     1.000e+00     7.653e-02     1.000e-06 
    7.191e-02     1.000e+00     7.757e-02     1.000e-06 
    7.195e-02     1.000e+00     7.762e-02     1.000e-06 
    7.278e-02     1.000e+00     7.855e-02     1.000e-06 
    7.338e-02     1.000e+00     7.922e-02     1.000e-06 
    7.379e-02     1.000e+00     7.967e-02     1.000e-06 
    7.464e-02     1.000e+00     8.062e-02     1.000e-06 
    7.509e-02     1.000e+00     8.113e-02     1.000e-06 
    7.510e-02     1.000e+00     8.114e-02     1.000e-06 
    7.563e-02     1.000e+00     8.174e-02     1.000e-06 
    7.598e-02     1.000e+00     8.212e-02     1.000e-06 
    7.680e-02     1.000e+00     8.304e-02     1.000e-06 
    7.701e-02     1.000e+00     8.328e-02     1.000e-06 
    7.780e-02     1.000e+00     8.416e-02     1.000e-06 
    7.820e-02     1.000e+00     8.461e-02     1.000e-06 
    7.861e-02     1.000e+00     8.506e-02     1.000e-06 
    7.874e-02     1.000e+00     8.521e-02     1.000e-06 
    7.882e-02     1.000e+00     8.529e-02     1.000e-06 
    7.887e-02     1.000e+00     8.535e-02     1.000e-06 
    7.889e-02     1.000e+00     8.538e-02     1.000e-06 
    7.890e-02     1.000e+00     8.538e-02     1.000e-06 
    7.917e-02     1.000e+00     8.568e-02     1.000e-06 
    7.918e-02     1.000e+00     8.569e-02     1.000e-06 
    7.940e-02     1.000e+00     8.594e-02     1.000e-06 
    7.944e-02     1.000e+00     8.599e-02     1.000e-06 
    7.955e-02     1.000e+00     8.611e-02     1.000e-06 
    8.001e-02     1.000e+00     8.662e-02     1.000e-06 
    8.035e-02     1.000e+00     8.701e-02     1.000e-06 
    8.059e-02     1.000e+00     8.728e-02     1.000e-06 
    8.070e-02     1.000e+00     8.739e-02     1.000e-06 
    8.071e-02     1.000e+00     8.741e-02     1.000e-06 
    8.076e-02     1.000e+00     8.746e-02     1.000e-06 
    8.113e-02     1.000e+00     8.788e-02     1.000e-06 
    8.137e-02     1.000e+00     8.815e-02     1.000e-06 
    8.152e-02     1.000e+00     8.831e-02     1.000e-06 
    8.160e-02     1.000e+00     8.840e-02     1.000e-06 
    8.162e-02     1.000e+00     8.843e-02     1.000e-06 
    8.165e-02     1.000e+00     8.846e-02     1.000e-06 
    8.196e-02     1.000e+00     8.881e-02     1.000e-06 
    8.199e-02     1.000e+00     8.883e-02     1.000e-06 
    8.221e-02     1.000e+00     8.909e-02     1.000e-06 
    8.238e-02     1.000e+00     8.927e-02     1.000e-06 
    8.249e-02     1.000e+00     8.940e-02     1.000e-06 
    8.256e-02     1.000e+00     8.947e-02     1.000e-06 
    8.259e-02     1.000e+00     8.951e-02     1.000e-06 
    8.260e-02     1.000e+00     8.952e-02     1.000e-06 
    8.274e-02     1.000e+00     8.968e-02     1.000e-06 
    8.298e-02     1.000e+00     8.995e-02     1.000e-06 
    8.315e-02     1.000e+00     9.014e-02     1.000e-06 
    8.325e-02     1.000e+00     9.025e-02     1.000e-06 
    8.336e-02     1.000e+00     9.037e-02     1.000e-06 
    8.342e-02     1.000e+00     9.044e-02     1.000e-06 
    8.345e-02     1.000e+00     9.047e-02     1.000e-06 
    8.346e-02     1.000e+00     9.048e-02     1.000e-06 
    8.360e-02     1.000e+00     9.064e-02     1.000e-06 
    8.380e-02     1.000e+00     9.087e-02     1.000e-06 
    8.395e-02     1.000e+00     9.103e-02     1.000e-06 
    8.406e-02     1.000e+00     9.115e-02     1.000e-06 
    8.415e-02     1.000e+00     9.125e-02     1.000e-06 
    8.421e-02     1.000e+00     9.132e-02     1.000e-06 
    8.423e-02     1.000e+00     9.135e-02     1.000e-06 
    8.424e-02     1.000e+00     9.135e-02     1.000e-06 
    8.426e-02     1.000e+00     9.138e-02     1.000e-06 
    8.473e-02     1.000e+00     9.190e-02     1.000e-06 
    8.480e-02     1.000e+00     9.198e-02     1.000e-06 
    8.515e-02     1.000e+00     9.237e-02     1.000e-06 
    8.529e-02     1.000e+00     9.253e-02     1.000e-06 
    8.536e-02     1.000e+00     9.261e-02     1.000e-06 
    8.541e-02     1.000e+00     9.266e-02     1.000e-06 
    8.552e-02     1.000e+00     9.278e-02     1.000e-06 
    8.573e-02     1.000e+00     9.302e-02     1.000e-06 
    8.608e-02     1.000e+00     9.341e-02     1.000e-06 
    8.662e-02     1.000e+00     9.402e-02     1.000e-06 
    8.742e-02     1.000e+00     9.491e-02     1.000e-06 
    8.781e-02     1.000e+00     9.534e-02     1.000e-06 
    8.862e-02     1.000e+00     9.625e-02     1.000e-06 
    8.932e-02     1.000e+00     9.703e-02     1.000e-06 
    8.949e-02     1.000e+00     9.722e-02     1.000e-06 
    9.051e-02     1.000e+00     9.836e-02     1.000e-06 
    9.121e-02     1.000e+00     9.915e-02     1.000e-06 
    9.124e-02     1.000e+00     9.918e-02     1.000e-06 
    9.226e-02     1.000e+00     1.003e-01     1.000e-06 
    9.294e-02     1.000e+00     1.011e-01     1.000e-06 
    9.311e-02     1.000e+00     1.013e-01     1.000e-06 
    9.418e-02     1.000e+00     1.025e-01     1.000e-06 
    9.493e-02     1.000e+00     1.033e-01     1.000e-06 
    9.497e-02     1.000e+00     1.033e-01     1.000e-06 
    9.622e-02     1.000e+00     1.047e-01     1.000e-06 
    9.642e-02     1.000e+00     1.050e-01     1.000e-06 
    9.760e-02     1.000e+00     1.063e-01     1.000e-06 
    9.803e-02     1.000e+00     1.068e-01     1.000e-06 
    9.900e-02     1.000e+00     1.078e-01     1.000e-06 
    9.975e-02     1.000e+00     1.087e-01     1.000e-06 
    1.001e-01     1.000e+00     1.090e-01     1.000e-06 
    1.012e-01     1.000e+00     1.103e-01     1.000e-06 
    1.019e-01     1.000e+00     1.111e-01     1.000e-06 
    1.022e-01     1.000e+00     1.114e-01     1.000e-06 
    1.034e-01     1.000e+00     1.127e-01     1.000e-06 
    1.042e-01     1.000e+00     1.136e-01     1.000e-06 
    1.045e-01     1.000e+00     1.140e-01     1.000e-06 
    1.057e-01     1.000e+00     1.153e-01     1.000e-06 
    1.065e-01     1.000e+00     1.162e-01     1.000e-06 
    1.068e-01     1.000e+00     1.166e-01     1.000e-06 
    1.074e-01     1.000e+00     1.172e-01     1.000e-06 
    1.084e-01     1.000e+00     1.183e-01     1.000e-06 
    1.087e-01     1.000e+00     1.187e-01     1.000e-06 
    1.099e-01     1.000e+00     1.200e-01     1.000e-06 
    1.105e-01     1.000e+00     1.207e-01     1.000e-06 
    1.114e-01     1.000e+00     1.217e-01     1.000e-06 
    1.124e-01     1.000e+00     1.228e-01     1.000e-06 
    1.124e-01     1.000e+00     1.228e-01     1.000e-06 
    1.136e-01     1.000e+00     1.241e-01     1.000e-06 
    1.144e-01     1.000e+00     1.250e-01     1.000e-06 
    1.151e-01     1.000e+00     1.258e-01     1.000e-06 
    1.160e-01     1.000e+00     1.269e-01     1.000e-06 
    1.167e-01     1.000e+00     1.276e-01     1.000e-06 
    1.176e-01     1.000e+00     1.286e-01     1.000e-06 
    1.186e-01     1.000e+00     1.297e-01     1.000e-06 
    1.187e-01     1.000e+00     1.298e-01     1.000e-06 
    1.197e-01     1.000e+00     1.309e-01     1.000e-06 
    1.204e-01     1.000e+00     1.317e-01     1.000e-06 
    1.204e-01     1.000e+00     1.317e-01     1.000e-06 
    1.210e-01     1.000e+00     1.324e-01     1.000e-06 
    1.216e-01     1.000e+00     1.330e-01     1.000e-06 
    1.220e-01     1.000e+00     1.335e-01     1.000e-06 
    1.222e-01     1.000e+00     1.337e-01     1.000e-06 
    1.224e-01     1.000e+00     1.340e-01     1.000e-06 
    1.226e-01     1.000e+00     1.342e-01     1.000e-06 
    1.226e-01     1.000e+00     1.342e-01     1.000e-06 
    1.230e-01     1.000e+00     1.346e-01     1.000e-06 
    1.231e-01     1.000e+00     1.348e-01     1.000e-06 
    1.243e-01     1.000e+00     1.361e-01     1.000e-06 
    1.252e-01     1.000e+00     1.370e-01     1.000e-06 
    1.259e-01     1.000e+00     1.378e-01     1.000e-06 
    1.270e-01     1.000e+00     1.390e-01     1.000e-06 
    1.275e-01     1.000e+00     1.396e-01     1.000e-06 
    1.287e-01     1.000e+00     1.410e-01     1.000e-06 
    1.295e-01     1.000e+00     1.419e-01     1.000e-06 
    1.302e-01     1.000e+00     1.426e-01     1.000e-06 
    1.310e-01     1.000e+00     1.435e-01     1.000e-06 
    1.313e-01     1.000e+00     1.438e-01     1.000e-06 
    1.316e-01     1.000e+00     1.442e-01     1.000e-06 
    1.319e-01     1.000e+00     1.446e-01     1.000e-06 
    1.330e-01     1.000e+00     1.458e-01     1.000e-06 
    1.332e-01     1.000e+00     1.460e-01     1.000e-06 
    1.340e-01     1.000e+00     1.469e-01     1.000e-06 
    1.348e-01     1.000e+00     1.478e-01     1.000e-06 
    1.360e-01     1.000e+00     1.491e-01     1.000e-06 
    1.364e-01     1.000e+00     1.496e-01     1.000e-06 
    1.378e-01     1.000e+00     1.511e-01     1.000e-06 
    1.386e-01     1.000e+00     1.520e-01     1.000e-06 
    1.395e-01     1.000e+00     1.530e-01     1.000e-06 
    1.408e-01     1.000e+00     1.544e-01     1.000e-06 
    1.409e-01     1.000e+00     1.546e-01     1.000e-06 
    1.425e-01     1.000e+00     1.563e-01     1.000e-06 
    1.427e-01     1.000e+00     1.565e-01     1.000e-06 
    1.434e-01     1.000e+00     1.573e-01     1.000e-06 
    1.445e-01     1.000e+00     1.586e-01     1.000e-06 
    1.457e-01     1.000e+00     1.599e-01     1.000e-06 
    1.460e-01     1.000e+00     1.603e-01     1.000e-06 
    1.478e-01     1.000e+00     1.622e-01     1.000e-06 
    1.488e-01     1.000e+00     1.634e-01     1.000e-06 
    1.495e-01     1.000e+00     1.641e-01     1.000e-06 
    1.499e-01     1.000e+00     1.645e-01     1.000e-06 
    1.512e-01     1.000e+00     1.660e-01     1.000e-06 
    1.520e-01     1.000e+00     1.669e-01     1.000e-06 
    1.534e-01     1.000e+00     1.684e-01     1.000e-06 
    1.545e-01     1.000e+00     1.697e-01     1.000e-06 
    1.550e-01     1.000e+00     1.702e-01     1.000e-06 
    1.567e-01     1.000e+00     1.721e-01     1.000e-06 
    1.578e-01     1.000e+00     1.734e-01     1.000e-06 
    1.586e-01     1.000e+00     1.742e-01     1.000e-06 
    1.603e-01     1.000e+00     1.761e-01     1.000e-06 
    1.612e-01     1.000e+00     1.770e-01     1.000e-06 
    1.624e-01     1.000e+00     1.785e-01     1.000e-06 
    1.637e-01     1.000e+00     1.799e-01     1.000e-06 
    1.638e-01     1.000e+00     1.799e-01     1.000e-06 
    1.655e-01     1.000e+00     1.818e-01     1.000e-06 
    1.666e-01     1.000e+00     1.831e-01     1.000e-06 
    1.674e-01     1.000e+00     1.840e-01     1.000e-06 
    1.690e-01     1.000e+00     1.858e-01     1.000e-06 
    1.698e-01     1.000e+00     1.866e-01     1.000e-06 
    1.712e-01     1.000e+00     1.881e-01     1.000e-06 
    1.725e-01     1.000e+00     1.896e-01     1.000e-06 
    1.726e-01     1.000e+00     1.898e-01     1.000e-06 
    1.743e-01     1.000e+00     1.916e-01     1.000e-06 
    1.755e-01     1.000e+00     1.930e-01     1.000e-06 
    1.762e-01     1.000e+00     1.937e-01     1.000e-06 
    1.780e-01     1.000e+00     1.957e-01     1.000e-06 
    1.790e-01     1.000e+00     1.968e-01     1.000e-06 
    1.799e-01     1.000e+00     1.978e-01     1.000e-06 
    1.816e-01     1.000e+00     1.997e-01     1.000e-06 
    1.824e-01     1.000e+00     2.006e-01     1.000e-06 
    1.837e-01     1.000e+00     2.020e-01     1.000e-06 
    1.852e-01     1.000e+00     2.037e-01     1.000e-06 
    1.855e-01     1.000e+00     2.040e-01     1.000e-06 
    1.874e-01     1.000e+00     2.061e-01     1.000e-06 
    1.880e-01     1.000e+00     2.067e-01     1.000e-06 
    1.897e-01     1.000e+00     2.086e-01     1.000e-06 
    1.907e-01     1.000e+00     2.097e-01     1.000e-06 
    1.920e-01     1.000e+00     2.112e-01     1.000e-06 
    1.937e-01     1.000e+00     2.131e-01     1.000e-06 
    1.941e-01     1.000e+00     2.135e-01     1.000e-06 
    1.962e-01     1.000e+00     2.158e-01     1.000e-06 
    1.971e-01     1.000e+00     2.168e-01     1.000e-06 
    1.987e-01     1.000e+00     2.185e-01     1.000e-06 
    2.002e-01     1.000e+00     2.202e-01     1.000e-06 
    2.005e-01     1.000e+00     2.206e-01     1.000e-06 
    2.026e-01     1.000e+00     2.229e-01     1.000e-06 
    2.041e-01     1.000e+00     2.245e-01     1.000e-06 
    2.048e-01     1.000e+00     2.253e-01     1.000e-06 
    2.067e-01     1.000e+00     2.274e-01     1.000e-06 
    2.069e-01     1.000e+00     2.277e-01     1.000e-06 
    2.081e-01     1.000e+00     2.290e-01     1.000e-06 
    2.093e-01     1.000e+00     2.302e-01     1.000e-06 
    2.112e-01     1.000e+00     2.324e-01     1.000e-06 
    2.121e-01     1.000e+00     2.334e-01     1.000e-06 
    2.137e-01     1.000e+00     2.352e-01     1.000e-06 
    2.155e-01     1.000e+00     2.371e-01     1.000e-06 
    2.157e-01     1.000e+00     2.373e-01     1.000e-06 
    2.182e-01     1.000e+00     2.401e-01     1.000e-06 
    2.190e-01     1.000e+00     2.409e-01     1.000e-06 
    2.210e-01     1.000e+00     2.432e-01     1.000e-06 
    2.224e-01     1.000e+00     2.447e-01     1.000e-06 
    2.236e-01     1.000e+00     2.460e-01     1.000e-06 
    2.252e-01     1.000e+00     2.478e-01     1.000e-06 
    2.266e-01     1.000e+00     2.494e-01     1.000e-06 
    2.277e-01     1.000e+00     2.505e-01     1.000e-06 
    2.293e-01     1.000e+00     2.523e-01     1.000e-06 
    2.294e-01     1.000e+00     2.524e-01     1.000e-06 
    2.302e-01     1.000e+00     2.532e-01     1.000e-06 
    2.323e-01     1.000e+00     2.556e-01     1.000e-06 
    2.340e-01     1.000e+00     2.574e-01     1.000e-06 
    2.348e-01     1.000e+00     2.584e-01     1.000e-06 
    2.374e-01     1.000e+00     2.611e-01     1.000e-06 
    2.389e-01     1.000e+00     2.629e-01     1.000e-06 
    2.401e-01     1.000e+00     2.641e-01     1.000e-06 
    2.410e-01     1.000e+00     2.651e-01     1.000e-06 
    2.424e-01     1.000e+00     2.666e-01     1.000e-06 
    2.425e-01     1.000e+00     2.668e-01     1.000e-06 
    2.440e-01     1.000e+00     2.684e-01     1.000e-06 
    2.442e-01     1.000e+00     2.686e-01     1.000e-06 
    2.452e-01     1.000e+00     2.698e-01     1.000e-06 
    2.461e-01     1.000e+00     2.707e-01     1.000e-06 
    2.461e-01     1.000e+00     2.708e-01     1.000e-06 
    2.475e-01     1.000e+00     2.723e-01     1.000e-06 
    2.490e-01     1.000e+00     2.739e-01     1.000e-06 
    2.504e-01     1.000e+00     2.754e-01     1.000e-06 
    2.512e-01     1.000e+00     2.763e-01     1.000e-06 
    2.525e-01     1.000e+00     2.777e-01     1.000e-06 
    2.536e-01     1.000e+00     2.789e-01     1.000e-06 
    2.548e-01     1.000e+00     2.803e-01     1.000e-06 
    2.553e-01     1.000e+00     2.808e-01     1.000e-06 
    2.564e-01     1.000e+00     2.821e-01     1.000e-06 
    2.576e-01     1.000e+00     2.834e-01     1.000e-06 
    2.589e-01     1.000e+00     2.847e-01     1.000e-06 
    2.598e-01     1.000e+00     2.858e-01     1.000e-06 
    2.610e-01     1.000e+00     2.871e-01     1.000e-06 
    2.614e-01     1.000e+00     2.875e-01     1.000e-06 
    2.626e-01     1.000e+00     2.888e-01     1.000e-06 
    2.636e-01     1.000e+00     2.899e-01     1.000e-06 
    2.647e-01     1.000e+00     2.912e-01     1.000e-06 
    2.650e-01     1.000e+00     2.915e-01     1.000e-06 
    2.660e-01     1.000e+00     2.925e-01     1.000e-06 
    2.669e-01     1.000e+00     2.935e-01     1.000e-06 
    2.676e-01     1.000e+00     2.943e-01     1.000e-06 
    2.685e-01     1.000e+00     2.953e-01     1.000e-06 
    2.694e-01     1.000e+00     2.963e-01     1.000e-06 
    2.703e-01     1.000e+00     2.973e-01     1.000e-06 
    2.713e-01     1.000e+00     2.984e-01     1.000e-06 
    2.715e-01     1.000e+00     2.986e-01     1.000e-06 
    2.725e-01     1.000e+00     2.997e-01     1.000e-06 
    2.736e-01     1.000e+00     3.008e-01     1.000e-06 
    2.746e-01     1.000e+00     3.020e-01     1.000e-06 
    2.756e-01     1.000e+00     3.030e-01     1.000e-06 
    2.766e-01     1.000e+00     3.041e-01     1.000e-06 
    2.767e-01     1.000e+00     3.043e-01     1.000e-06 
    2.777e-01     1.000e+00     3.054e-01     1.000e-06 
    2.788e-01     1.000e+00     3.066e-01     1.000e-06 
    2.799e-01     1.000e+00     3.077e-01     1.000e-06 
    2.810e-01     1.000e+00     3.089e-01     1.000e-06 
    2.820e-01     1.000e+00     3.101e-01     1.000e-06 
    2.831e-01     1.000e+00     3.113e-01     1.000e-06 
    2.842e-01     1.000e+00     3.125e-01     1.000e-06 
    2.844e-01     1.000e+00     3.127e-01     1.000e-06 
    2.855e-01     1.000e+00     3.139e-01     1.000e-06 
    2.866e-01     1.000e+00     3.151e-01     1.000e-06 
    2.868e-01     1.000e+00     3.153e-01     1.000e-06 
    2.879e-01     1.000e+00     3.166e-01     1.000e-06 
    2.891e-01     1.000e+00     3.178e-01     1.000e-06 
    2.895e-01     1.000e+00     3.182e-01     1.000e-06 
    2.906e-01     1.000e+00     3.195e-01     1.000e-06 
    2.917e-01     1.000e+00     3.207e-01     1.000e-06 
    2.929e-01     1.000e+00     3.219e-01     1.000e-06 
    2.940e-01     1.000e+00     3.232e-01     1.000e-06 
    2.952e-01     1.000e+00     3.245e-01     1.000e-06 
    2.959e-01     1.000e+00     3.253e-01     1.000e-06 
    2.971e-01     1.000e+00     3.265e-01     1.000e-06 
    2.982e-01     1.000e+00     3.278e-01     1.000e-06 
    2.994e-01     1.000e+00     3.291e-01     1.000e-06 
    2.999e-01     1.000e+00     3.297e-01     1.000e-06 
    3.011e-01     1.000e+00     3.309e-01     1.000e-06 
    3.022e-01     1.000e+00     3.322e-01     1.000e-06 
    3.034e-01     1.000e+00     3.334e-01     1.000e-06 
    3.045e-01     1.000e+00     3.347e-01     1.000e-06 
    3.053e-01     1.000e+00     3.355e-01     1.000e-06 
    3.060e-01     1.000e+00     3.363e-01     1.000e-06 
    3.071e-01     1.000e+00     3.375e-01     1.000e-06 
    3.081e-01     1.000e+00     3.386e-01     1.000e-06 
    3.082e-01     1.000e+00     3.387e-01     1.000e-06 
    3.088e-01     1.000e+00     3.394e-01     1.000e-06 
    3.107e-01     1.000e+00     3.414e-01     1.000e-06 
    3.110e-01     1.000e+00     3.417e-01     1.000e-06 
    3.123e-01     1.000e+00     3.431e-01     1.000e-06 
    3.136e-01     1.000e+00     3.445e-01     1.000e-06 
    3.143e-01     1.000e+00     3.454e-01     1.000e-06 
    3.151e-01     1.000e+00     3.463e-01     1.000e-06 
    3.154e-01     1.000e+00     3.465e-01     1.000e-06 
    3.156e-01     1.000e+00     3.467e-01     1.000e-06 
    3.160e-01     1.000e+00     3.471e-01     1.000e-06 
    3.167e-01     1.000e+00     3.479e-01     1.000e-06 
    3.174e-01     1.000e+00     3.487e-01     1.000e-06 
    3.178e-01     1.000e+00     3.491e-01     1.000e-06 
    3.179e-01     1.000e+00     3.493e-01     1.000e-06 
    3.186e-01     1.000e+00     3.500e-01     1.000e-06 
    3.192e-01     1.000e+00     3.507e-01     1.000e-06 
    3.195e-01     1.000e+00     3.510e-01     1.000e-06 
    3.197e-01     1.000e+00     3.512e-01     1.000e-06 
    3.198e-01     1.000e+00     3.513e-01     1.000e-06 
    3.199e-01     1.000e+00     3.515e-01     1.000e-06 
    3.205e-01     1.000e+00     3.521e-01     1.000e-06 
    3.207e-01     1.000e+00     3.523e-01     1.000e-06 
    3.207e-01     1.000e+00     3.523e-01     1.000e-06 
    3.212e-01     1.000e+00     3.528e-01     1.000e-06 
    3.212e-01     1.000e+00     3.529e-01     1.000e-06 
    3.215e-01     1.000e+00     3.532e-01     1.000e-06 
    3.215e-01     1.000e+00     3.532e-01     1.000e-06 
    3.215e-01     1.000e+00     3.532e-01     1.000e-06 
    3.216e-01     1.000e+00     3.533e-01     1.000e-06 
    3.222e-01     1.000e+00     3.539e-01     1.000e-06 
    3.227e-01     1.000e+00     3.544e-01     1.000e-06 
    3.231e-01     1.000e+00     3.549e-01     1.000e-06 
    3.231e-01     1.000e+00     3.549e-01     1.000e-06 
    3.233e-01     1.000e+00     3.551e-01     1.000e-06 
    3.237e-01     1.000e+00     3.556e-01     1.000e-06 
    3.238e-01     1.000e+00     3.556e-01     1.000e-06 
    3.242e-01     1.000e+00     3.561e-01     1.000e-06 
    3.243e-01     1.000e+00     3.563e-01     1.000e-06 
    3.247e-01     1.000e+00     3.567e-01     1.000e-06 
    3.251e-01     1.000e+00     3.571e-01     1.000e-06 
    3.254e-01     1.000e+00     3.574e-01     1.000e-06 
    3.256e-01     1.000e+00     3.576e-01     1.000e-06 
    3.259e-01     1.000e+00     3.580e-01     1.000e-06 
    3.261e-01     1.000e+00     3.582e-01     1.000e-06 
    3.265e-01     1.000e+00     3.586e-01     1.000e-06 
    3.265e-01     1.000e+00     3.586e-01     1.000e-06 
    3.268e-01     1.000e+00     3.590e-01     1.000e-06 
    3.271e-01     1.000e+00     3.593e-01     1.000e-06 
    3.272e-01     1.000e+00     3.594e-01     1.000e-06 
    3.275e-01     1.000e+00     3.597e-01     1.000e-06 
    3.275e-01     1.000e+00     3.598e-01     1.000e-06 
    3.276e-01     1.000e+00     3.598e-01     1.000e-06 
    3.282e-01     1.000e+00     3.605e-01     1.000e-06 
    3.283e-01     1.000e+00     3.606e-01     1.000e-06 
    3.284e-01     1.000e+00     3.607e-01     1.000e-06 
    3.286e-01     1.000e+00     3.609e-01     1.000e-06 
    3.290e-01     1.000e+00     3.613e-01     1.000e-06 
    3.297e-01     1.000e+00     3.621e-01     1.000e-06 
    3.306e-01     1.000e+00     3.631e-01     1.000e-06 
    3.308e-01     1.000e+00     3.633e-01     1.000e-06 
    3.313e-01     1.000e+00     3.639e-01     1.000e-06 
    3.317e-01     1.000e+00     3.643e-01     1.000e-06 
    3.318e-01     1.000e+00     3.644e-01     1.000e-06 
    3.326e-01     1.000e+00     3.652e-01     1.000e-06 
    3.327e-01     1.000e+00     3.653e-01     1.000e-06 
    3.331e-01     1.000e+00     3.658e-01     1.000e-06 
    3.332e-01     1.000e+00     3.660e-01     1.000e-06 
    3.336e-01     1.000e+00     3.664e-01     1.000e-06 
    3.339e-01     1.000e+00     3.667e-01     1.000e-06 
    3.343e-01     1.000e+00     3.671e-01     1.000e-06 
    3.346e-01     1.000e+00     3.675e-01     1.000e-06 
    3.347e-01     1.000e+00     3.675e-01     1.000e-06 
    3.351e-01     1.000e+00     3.679e-01     1.000e-06 
    3.355e-01     1.000e+00     3.685e-01     1.000e-06 
    3.360e-01     1.000e+00     3.689e-01     1.000e-06 
    3.364e-01     1.000e+00     3.694e-01     1.000e-06 
    3.367e-01     1.000e+00     3.698e-01     1.000e-06 
    3.368e-01     1.000e+00     3.698e-01     1.000e-06 
    3.376e-01     1.000e+00     3.707e-01     1.000e-06 
    3.376e-01     1.000e+00     3.708e-01     1.000e-06 
    3.385e-01     1.000e+00     3.717e-01     1.000e-06 
    3.386e-01     1.000e+00     3.718e-01     1.000e-06 
    3.396e-01     1.000e+00     3.729e-01     1.000e-06 
    3.396e-01     1.000e+00     3.729e-01     1.000e-06 
    3.407e-01     1.000e+00     3.741e-01     1.000e-06 
    3.407e-01     1.000e+00     3.741e-01     1.000e-06 
    3.419e-01     1.000e+00     3.754e-01     1.000e-06 
    3.421e-01     1.000e+00     3.756e-01     1.000e-06 
    3.432e-01     1.000e+00     3.768e-01     1.000e-06 
    3.435e-01     1.000e+00     3.772e-01     1.000e-06 
    3.445e-01     1.000e+00     3.782e-01     1.000e-06 
    3.450e-01     1.000e+00     3.787e-01     1.000e-06 
    3.459e-01     1.000e+00     3.798e-01     1.000e-06 
    3.464e-01     1.000e+00     3.803e-01     1.000e-06 
    3.465e-01     1.000e+00     3.804e-01     1.000e-06 
    3.474e-01     1.000e+00     3.814e-01     1.000e-06 
    3.480e-01     1.000e+00     3.820e-01     1.000e-06 
    3.490e-01     1.000e+00     3.831e-01     1.000e-06 
    3.495e-01     1.000e+00     3.837e-01     1.000e-06 
    3.499e-01     1.000e+00     3.841e-01     1.000e-06 
    3.505e-01     1.000e+00     3.848e-01     1.000e-06 
    3.513e-01     1.000e+00     3.857e-01     1.000e-06 
    3.523e-01     1.000e+00     3.867e-01     1.000e-06 
    3.523e-01     1.000e+00     3.867e-01     1.000e-06 
    3.528e-01     1.000e+00     3.873e-01     1.000e-06 
    3.540e-01     1.000e+00     3.886e-01     1.000e-06 
    3.543e-01     1.000e+00     3.889e-01     1.000e-06 
    3.556e-01     1.000e+00     3.903e-01     1.000e-06 
    3.556e-01     1.000e+00     3.903e-01     1.000e-06 
    3.560e-01     1.000e+00     3.907e-01     1.000e-06 
    3.564e-01     1.000e+00     3.912e-01     1.000e-06 
    3.565e-01     1.000e+00     3.913e-01     1.000e-06 
    3.571e-01     1.000e+00     3.920e-01     1.000e-06 
    3.574e-01     1.000e+00     3.923e-01     1.000e-06 
    3.576e-01     1.000e+00     3.924e-01     1.000e-06 
    3.580e-01     1.000e+00     3.929e-01     1.000e-06 
    3.586e-01     1.000e+00     3.936e-01     1.000e-06 
    3.590e-01     1.000e+00     3.939e-01     1.000e-06 
    3.595e-01     1.000e+00     3.945e-01     1.000e-06 
    3.602e-01     1.000e+00     3.953e-01     1.000e-06 
    3.604e-01     1.000e+00     3.956e-01     1.000e-06 
    3.609e-01     1.000e+00     3.961e-01     1.000e-06 
    3.614e-01     1.000e+00     3.967e-01     1.000e-06 
    3.616e-01     1.000e+00     3.968e-01     1.000e-06 
    3.626e-01     1.000e+00     3.979e-01     1.000e-06 
    3.629e-01     1.000e+00     3.982e-01     1.000e-06 
    3.629e-01     1.000e+00     3.982e-01     1.000e-06 
    3.637e-01     1.000e+00     3.991e-01     1.000e-06 
    3.641e-01     1.000e+00     3.996e-01     1.000e-06 
    3.646e-01     1.000e+00     4.001e-01     1.000e-06 
    3.653e-01     1.000e+00     4.008e-01     1.000e-06 
    3.657e-01     1.000e+00     4.013e-01     1.000e-06 
    3.670e-01     1.000e+00     4.027e-01     1.000e-06 
    3.682e-01     1.000e+00     4.040e-01     1.000e-06 
    3.689e-01     1.000e+00     4.048e-01     1.000e-06 
    3.697e-01     1.000e+00     4.056e-01     1.000e-06 
    3.702e-01     1.000e+00     4.062e-01     1.000e-06 
    3.707e-01     1.000e+00     4.067e-01     1.000e-06 
    3.712e-01     1.000e+00     4.073e-01     1.000e-06 
    3.716e-01     1.000e+00     4.077e-01     1.000e-06 
    3.718e-01     1.000e+00     4.079e-01     1.000e-06 
    3.719e-01     1.000e+00     4.080e-01     1.000e-06 
    3.719e-01     1.000e+00     4.080e-01     1.000e-06 
    3.731e-01     1.000e+00     4.093e-01     1.000e-06 
    3.742e-01     1.000e+00     4.105e-01     1.000e-06 
    3.754e-01     1.000e+00     4.118e-01     1.000e-06 
    3.755e-01     1.000e+00     4.119e-01     1.000e-06 
    3.766e-01     1.000e+00     4.131e-01     1.000e-06 
    3.774e-01     1.000e+00     4.140e-01     1.000e-06 
    3.782e-01     1.000e+00     4.149e-01     1.000e-06 
    3.790e-01     1.000e+00     4.157e-01     1.000e-06 
    3.797e-01     1.000e+00     4.165e-01     1.000e-06 
    3.805e-01     1.000e+00     4.173e-01     1.000e-06 
    3.812e-01     1.000e+00     4.181e-01     1.000e-06 
    3.818e-01     1.000e+00     4.188e-01     1.000e-06 
    3.824e-01     1.000e+00     4.194e-01     1.000e-06 
    3.830e-01     1.000e+00     4.200e-01     1.000e-06 
    3.835e-01     1.000e+00     4.206e-01     1.000e-06 
    3.840e-01     1.000e+00     4.212e-01     1.000e-06 
    3.841e-01     1.000e+00     4.213e-01     1.000e-06 
    3.845e-01     1.000e+00     4.217e-01     1.000e-06 
    3.848e-01     1.000e+00     4.220e-01     1.000e-06 
    3.849e-01     1.000e+00     4.221e-01     1.000e-06 
    3.851e-01     1.000e+00     4.224e-01     1.000e-06 
    3.860e-01     1.000e+00     4.234e-01     1.000e-06 
    3.864e-01     1.000e+00     4.237e-01     1.000e-06 
    3.873e-01     1.000e+00     4.247e-01     1.000e-06 
    3.880e-01     1.000e+00     4.255e-01     1.000e-06 
    3.889e-01     1.000e+00     4.265e-01     1.000e-06 
    3.898e-01     1.000e+00     4.275e-01     1.000e-06 
    3.905e-01     1.000e+00     4.282e-01     1.000e-06 
    3.914e-01     1.000e+00     4.292e-01     1.000e-06 
    3.920e-01     1.000e+00     4.298e-01     1.000e-06 
    3.929e-01     1.000e+00     4.308e-01     1.000e-06 
    3.938e-01     1.000e+00     4.318e-01     1.000e-06 
    3.947e-01     1.000e+00     4.327e-01     1.000e-06 
    3.955e-01     1.000e+00     4.336e-01     1.000e-06 
    3.964e-01     1.000e+00     4.346e-01     1.000e-06 
    3.973e-01     1.000e+00     4.355e-01     1.000e-06 
    3.981e-01     1.000e+00     4.364e-01     1.000e-06 
    3.990e-01     1.000e+00     4.374e-01     1.000e-06 
    3.999e-01     1.000e+00     4.383e-01     1.000e-06 
    4.003e-01     1.000e+00     4.388e-01     1.000e-06 
    4.011e-01     1.000e+00     4.397e-01     1.000e-06 
    4.019e-01     1.000e+00     4.405e-01     1.000e-06 
    4.027e-01     1.000e+00     4.414e-01     1.000e-06 
    4.029e-01     1.000e+00     4.416e-01     1.000e-06 
    4.036e-01     1.000e+00     4.424e-01     1.000e-06 
    4.043e-01     1.000e+00     4.432e-01     1.000e-06 
    4.050e-01     1.000e+00     4.439e-01     1.000e-06 
    4.057e-01     1.000e+00     4.446e-01     1.000e-06 
    4.064e-01     1.000e+00     4.454e-01     1.000e-06 
    4.071e-01     1.000e+00     4.462e-01     1.000e-06 
    4.077e-01     1.000e+00     4.469e-01     1.000e-06 
    4.084e-01     1.000e+00     4.476e-01     1.000e-06 
    4.091e-01     1.000e+00     4.483e-01     1.000e-06 
    4.097e-01     1.000e+00     4.490e-01     1.000e-06 
    4.103e-01     1.000e+00     4.497e-01     1.000e-06 
    4.109e-01     1.000e+00     4.503e-01     1.000e-06 
    4.114e-01     1.000e+00     4.508e-01     1.000e-06 
    4.118e-01     1.000e+00     4.513e-01     1.000e-06 
    4.123e-01     1.000e+00     4.519e-01     1.000e-06 
    4.128e-01     1.000e+00     4.524e-01     1.000e-06 
    4.132e-01     1.000e+00     4.528e-01     1.000e-06 
    4.136e-01     1.000e+00     4.532e-01     1.000e-06 
    4.137e-01     1.000e+00     4.533e-01     1.000e-06 
    4.141e-01     1.000e+00     4.538e-01     1.000e-06 
    4.145e-01     1.000e+00     4.542e-01     1.000e-06 
    4.149e-01     1.000e+00     4.547e-01     1.000e-06 
    4.150e-01     1.000e+00     4.548e-01     1.000e-06 
    4.155e-01     1.000e+00     4.553e-01     1.000e-06 
    4.160e-01     1.000e+00     4.559e-01     1.000e-06 
    4.165e-01     1.000e+00     4.564e-01     1.000e-06 
    4.170e-01     1.000e+00     4.569e-01     1.000e-06 
    4.174e-01     1.000e+00     4.573e-01     1.000e-06 
    4.178e-01     1.000e+00     4.578e-01     1.000e-06 
    4.182e-01     1.000e+00     4.582e-01     1.000e-06 
    4.186e-01     1.000e+00     4.586e-01     1.000e-06 
    4.189e-01     1.000e+00     4.590e-01     1.000e-06 
    4.193e-01     1.000e+00     4.594e-01     1.000e-06 
    4.197e-01     1.000e+00     4.598e-01     1.000e-06 
    4.200e-01     1.000e+00     4.602e-01     1.000e-06 
    4.203e-01     1.000e+00     4.605e-01     1.000e-06 
    4.207e-01     1.000e+00     4.609e-01     1.000e-06 
    4.210e-01     1.000e+00     4.613e-01     1.000e-06 
    4.214e-01     1.000e+00     4.617e-01     1.000e-06 
    4.217e-01     1.000e+00     4.620e-01     1.000e-06 
    4.220e-01     1.000e+00     4.623e-01     1.000e-06 
    4.221e-01     1.000e+00     4.625e-01     1.000e-06 
    4.221e-01     1.000e+00     4.625e-01     1.000e-06 
    4.224e-01     1.000e+00     4.627e-01     1.000e-06 
    4.226e-01     1.000e+00     4.630e-01     1.000e-06 
    4.228e-01     1.000e+00     4.632e-01     1.000e-06 
    4.229e-01     1.000e+00     4.633e-01     1.000e-06 
    4.230e-01     1.000e+00     4.634e-01     1.000e-06 
    4.232e-01     1.000e+00     4.636e-01     1.000e-06 
    4.234e-01     1.000e+00     4.638e-01     1.000e-06 
    4.237e-01     1.000e+00     4.642e-01     1.000e-06 
    4.240e-01     1.000e+00     4.645e-01     1.000e-06 
    4.242e-01     1.000e+00     4.648e-01     1.000e-06 
    4.244e-01     1.000e+00     4.650e-01     1.000e-06 
    4.247e-01     1.000e+00     4.652e-01     1.000e-06 
    4.249e-01     1.000e+00     4.655e-01     1.000e-06 
    4.250e-01     1.000e+00     4.656e-01     1.000e-06 
    4.253e-01     1.000e+00     4.659e-01     1.000e-06 
    4.256e-01     1.000e+00     4.662e-01     1.000e-06 
    4.258e-01     1.000e+00     4.665e-01     1.000e-06 
    4.261e-01     1.000e+00     4.668e-01     1.000e-06 
    4.264e-01     1.000e+00     4.671e-01     1.000e-06 
    4.266e-01     1.000e+00     4.673e-01     1.001e-06 
    4.268e-01     1.000e+00     4.675e-01     1.100e-06 
    4.270e-01     1.000e+00     4.678e-01     1.915e-06 
    4.272e-01     1.000e+00     4.680e-01     5.884e-05 
    4.274e-01     1.000e+00     4.682e-01     1.054e-03 
    4.276e-01     1.000e+00     4.684e-01     6.124e-03 
    4.278e-01     9.998e-01     4.686e-01     1.843e-02 
    4.279e-01     9.982e-01     4.687e-01     3.609e-02 
    4.281e-01     9.930e-01     4.689e-01     5.475e-02 
    4.282e-01     9.835e-01     4.691e-01     7.248e-02 
    4.284e-01     9.704e-01     4.692e-01     8.808e-02 
    4.285e-01     9.554e-01     4.694e-01     1.008e-01 
    4.286e-01     9.409e-01     4.695e-01     1.104e-01 
    4.288e-01     9.285e-01     4.696e-01     1.180e-01 
    4.289e-01     9.179e-01     4.697e-01     1.237e-01 
    4.290e-01     9.094e-01     4.699e-01     1.282e-01 
    4.291e-01     9.024e-01     4.700e-01     1.318e-01 
    4.292e-01     8.966e-01     4.701e-01     1.348e-01 
    4.293e-01     8.918e-01     4.702e-01     1.373e-01 
    4.294e-01     8.876e-01     4.703e-01     1.394e-01 
    4.295e-01     8.840e-01     4.704e-01     1.412e-01 
    4.296e-01     8.809e-01     4.705e-01     1.428e-01 
    4.297e-01     8.782e-01     4.705e-01     1.441e-01 
    4.298e-01     8.759e-01     4.706e-01     1.452e-01 
    4.299e-01     8.739e-01     4.707e-01     1.462e-01 
    4.300e-01     8.721e-01     4.708e-01     1.472e-01 
    4.301e-01     8.704e-01     4.709e-01     1.480e-01 
