0
0
7.5617e-05
0.00013576
0.00019711
0.00026514
0.0003441
0.00043549
0.00054124
0.00065518
0.00078225
0.00091837
0.0010625
0.0012142
0.0013736
0.001541
0.0017166
0.0019011
0.0020952
0.0023
0.0025165
0.0027351
0.0029741
0.0032332
0.0035101
0.0037879
0.0040615
0.0043505
0.0046655
0.0050163
0.0053589
0.0057209
0.0060568
0.0063964
0.0067333
0.0070874
0.0074445
0.0078077
0.0081837
0.0085659
0.008647
0.008712
0.0087128
0.0087317
0.0088108
0.0088868
0.0090163
0.0093174
0.0097369
0.010116
0.01033
0.010356
0.010586
0.010696
0.011031
0.011524
0.011789
0.012022
0.012098
0.012194
0.012228
0.012309
0.012418
0.012685
0.013069
0.013071
0.013129
0.013297
0.013355
0.013405
0.013483
0.013654
0.013845
0.013971
0.014028
0.014121
0.0142
0.01428
0.014334
0.014375
0.014441
0.014496
0.01454
0.014579
0.014614
0.014645
0.01468
0.014715
0.014751
0.014786
0.014819
0.014849
0.014882
0.014919
0.014957
0.014996
0.015034
0.015069
0.0151
0.015129
0.01516
0.015203
0.015234
0.015259
0.01528
0.015299
0.015316
0.015333
0.01535
0.015366
0.015382
0.015397
0.015412
0.015427
0.015441
0.015455
0.015469
0.015483
0.015496
0.01551
0.015524
0.015537
0.015551
0.015565
0.015579
0.015593
0.015598
0.015605
0.015611
0.015622
0.015632
0.015645
0.015656
0.015668
0.01568
0.015692
0.015703
0.015715
0.015726
0.015738
0.01575
0.015762
0.015773
0.015786
0.015798
0.015811
0.015823
0.015836
0.015849
0.015863
0.015876
0.015889
0.015903
0.015916
0.01593
0.015944
0.015958
0.015972
0.015986
0.016
0.016014
0.016028
0.016042
0.016057
0.016071
0.016085
0.016099
0.016113
0.016126
0.01614
0.016154
0.016168
0.016181
0.016195
0.016209
0.016222
0.016236
0.016249
0.016263
0.016276
0.01629
0.016303
0.016317
0.01633
0.016343
0.016357
0.01637
0.016383
0.016396
0.01641
0.016423
0.016436
0.016449
0.016462
0.016475
0.016488
0.016501
0.016514
0.016527
0.01654
0.016553
0.016566
0.016579
0.016591
0.016604
0.016617
0.01663
0.016643
0.016656
0.016669
0.016681
0.016694
0.016708
0.016721
0.016734
0.016747
0.016759
0.016772
0.016785
0.016798
0.01681
0.016823
0.016836
0.016849
0.016861
0.016873
0.016886
0.016898
0.016911
0.016925
0.016938
0.016952
0.016966
0.016982
0.016995
0.017011
0.017014
0.017018
0.017026
0.017112
0.017154
0.01729
0.01755
0.017881
0.018106
0.018531
0.019019
0.019532
0.02009
0.020649
0.021208
0.021755
0.0222
0.022484
0.022604
0.022657
0.022816
0.022967
0.023132
0.023304
0.023497
0.023713
0.023942
0.024169
0.024383
0.02457
0.024717
0.024808
0.024821
0.024906
0.024923
0.024939
0.025045
0.025124
0.025141
0.025169
0.025227
0.025246
0.025362
0.025427
0.025438
0.025506
0.02551
0.025697
0.025701
0.025828
0.025871
0.025931
0.025999
0.026018
0.026111
0.026129
0.02625
0.026321
0.026345
0.026445
0.02647
0.026482
0.026574
0.026654
0.026654
0.026764
0.026811
0.026876
0.026952
0.026952
0.02706
0.027094
0.027109
0.027133
0.027186
0.027277
0.027402
0.027561
0.027885
0.028125
0.028492
0.02898
0.029492
0.030019
0.030577
0.03114
0.031596
0.031946
0.032175
0.03226
0.032333
0.032545
0.032636
0.032679
0.03282
0.032975
0.033344
0.033899
0.034549
0.035219
0.035889
0.03634
0.036496
0.036826
0.037143
0.037335
0.037824
0.03833
0.038853
0.039353
0.039841
0.04031
0.040885
0.041433
0.041871
0.042215
0.042551
0.042789
0.042937
0.042999
0.043009
0.04306
0.043503
0.044069
0.044745
0.045523
0.046352
0.047191
0.048048
0.048925
0.049657
0.050252
0.050749
0.051186
0.051588
0.051982
0.052394
0.052851
0.053375
0.053995
0.054733
0.055608
0.056165
0.056701
0.057054
0.057985
0.059103
0.060282
0.060463
0.061662
0.062809
0.063963
0.06515
0.066422
0.067607
0.068776
0.069819
0.070649
0.070976
0.071906
0.071946
0.072776
0.073384
0.073788
0.074637
0.075089
0.075097
0.075633
0.075978
0.076803
0.077015
0.077804
0.078203
0.078612
0.07874
0.078818
0.078869
0.078891
0.078895
0.079165
0.079176
0.079397
0.07944
0.079548
0.080005
0.080353
0.080593
0.080696
0.080709
0.080758
0.081132
0.081374
0.08152
0.081597
0.081622
0.081646
0.081962
0.081986
0.082215
0.082376
0.082487
0.082557
0.082588
0.082597
0.082744
0.08298
0.083154
0.083253
0.083357
0.083421
0.083447
0.083458
0.0836
0.083805
0.083951
0.084062
0.084148
0.084207
0.084233
0.084241
0.08426
0.08473
0.084801
0.085148
0.085292
0.08536
0.085408
0.08552
0.085732
0.08608
0.086622
0.087423
0.087807
0.088618
0.089316
0.089488
0.090507
0.091214
0.091239
0.092261
0.092943
0.093107
0.09418
0.094932
0.094974
0.096221
0.09642
0.097605
0.098026
0.099001
0.099747
0.10008
0.10122
0.10192
0.10221
0.10339
0.10418
0.1045
0.1057
0.1065
0.10683
0.10737
0.1084
0.1087
0.10991
0.11052
0.11141
0.11237
0.11241
0.1136
0.1144
0.11506
0.11603
0.11665
0.11757
0.11855
0.11866
0.11965
0.12041
0.12042
0.12102
0.12155
0.12199
0.12216
0.12242
0.12257
0.12262
0.12299
0.12312
0.12431
0.12515
0.12588
0.12696
0.12745
0.12869
0.12949
0.13018
0.131
0.13127
0.13159
0.13191
0.13301
0.1332
0.13401
0.13478
0.13603
0.13641
0.13781
0.13858
0.13954
0.14076
0.14092
0.14249
0.14268
0.14338
0.14453
0.14574
0.14604
0.14775
0.14884
0.14949
0.14987
0.15118
0.15202
0.15337
0.15454
0.15498
0.1567
0.15784
0.15861
0.16031
0.16116
0.16243
0.16375
0.16378
0.16549
0.16658
0.16744
0.16904
0.16981
0.17117
0.17249
0.17264
0.17432
0.17554
0.17619
0.17797
0.17903
0.1799
0.1816
0.18241
0.18369
0.18522
0.18549
0.18739
0.18796
0.18966
0.19071
0.192
0.1937
0.1941
0.19621
0.19706
0.19866
0.20017
0.20051
0.20264
0.2041
0.20481
0.20666
0.20694
0.20814
0.20927
0.21123
0.21213
0.21374
0.2155
0.21571
0.2182
0.21895
0.22102
0.22244
0.22356
0.22523
0.22665
0.22766
0.22929
0.22941
0.23018
0.23231
0.23397
0.23483
0.23737
0.23894
0.24006
0.241
0.24236
0.24254
0.244
0.24416
0.24521
0.2461
0.24614
0.24751
0.24895
0.25038
0.25118
0.25247
0.25356
0.25479
0.25526
0.25643
0.25765
0.25886
0.2598
0.26103
0.26136
0.26259
0.2636
0.26473
0.26501
0.26595
0.26689
0.2676
0.26849
0.26941
0.27035
0.2713
0.27154
0.27254
0.27358
0.27461
0.27556
0.27659
0.2767
0.27774
0.2788
0.27987
0.28095
0.28204
0.28313
0.28424
0.28441
0.28552
0.28663
0.28682
0.28794
0.28906
0.28946
0.29059
0.29173
0.29288
0.29403
0.29518
0.29592
0.29708
0.29824
0.29939
0.29994
0.30109
0.30224
0.30339
0.30453
0.30533
0.306
0.30711
0.30813
0.30819
0.30882
0.3107
0.31097
0.31228
0.31357
0.31432
0.31514
0.31539
0.31557
0.31595
0.31668
0.31742
0.31778
0.31791
0.3186
0.31918
0.31954
0.31967
0.31982
0.31995
0.32047
0.32066
0.32071
0.32118
0.32122
0.32149
0.32153
0.32153
0.32157
0.32216
0.32265
0.32308
0.32308
0.32329
0.32371
0.32375
0.32415
0.32433
0.32475
0.32508
0.32541
0.32556
0.32593
0.32612
0.32645
0.3265
0.32682
0.32708
0.32725
0.32748
0.32753
0.32761
0.32819
0.32829
0.32836
0.32856
0.32897
0.32966
0.33063
0.33076
0.33131
0.33169
0.33181
0.33257
0.33267
0.33309
0.33323
0.33363
0.3339
0.3343
0.33463
0.33469
0.33506
0.33554
0.33596
0.33642
0.33673
0.33676
0.33759
0.33763
0.33854
0.33858
0.33958
0.33959
0.3407
0.34071
0.34193
0.34212
0.34316
0.34352
0.3445
0.34495
0.34594
0.34644
0.3465
0.34742
0.34799
0.34902
0.34954
0.34989
0.35051
0.35133
0.35226
0.35228
0.35283
0.354
0.35432
0.35558
0.35563
0.35598
0.3564
0.35649
0.35714
0.3574
0.35756
0.35801
0.35864
0.35895
0.35949
0.36018
0.36045
0.36089
0.36145
0.36162
0.36262
0.36287
0.36289
0.36369
0.36412
0.36458
0.3653
0.36574
0.36702
0.3682
0.36892
0.36969
0.37024
0.37073
0.37123
0.37161
0.37179
0.37186
0.37188
0.37306
0.37423
0.37542
0.37547
0.37661
0.37741
0.3782
0.37896
0.37973
0.38047
0.38116
0.3818
0.38239
0.38296
0.38352
0.38402
0.38412
0.38453
0.38481
0.38488
0.38515
0.38604
0.38637
0.38725
0.38803
0.3889
0.38981
0.39049
0.39144
0.39198
0.39288
0.3938
0.39469
0.39547
0.39638
0.39725
0.3981
0.39897
0.39986
0.40031
0.40109
0.40187
0.40266
0.40288
0.4036
0.40431
0.40502
0.40565
0.40639
0.40706
0.40771
0.40837
0.40905
0.4097
0.41031
0.41089
0.41136
0.41184
0.41232
0.41278
0.41321
0.4136
0.4137
0.41412
0.41453
0.41491
0.41502
0.41554
0.41603
0.41652
0.41697
0.41738
0.41778
0.41817
0.41856
0.41894
0.41932
0.41965
0.42
0.42035
0.42069
0.42104
0.42139
0.4217
0.42197
0.42214
0.42214
0.42235
0.42259
0.42279
0.42289
0.423
0.42315
0.42339
0.42368
0.42398
0.42425
0.42442
0.42469
0.42489
0.42501
0.42528
0.42556
0.42585
0.42613
0.42637
0.42659
0.42681
0.42703
0.42725
0.42744
0.4276
0.42776
0.42792
0.42807
0.42822
0.42837
0.42851
0.42864
0.42876
0.42888
0.42899
0.4291
0.4292
0.42931
0.42941
0.42951
0.42961
0.42971
0.42981
0.42991
0.43001
0.4301
