0
0
5.1203e-05
0.0001007
0.00015454
0.00021369
0.00026856
0.00032062
0.00037158
0.0004233
0.00047792
0.00053777
0.00060449
0.00066603
0.0007242
0.00078096
0.00083825
0.00089821
0.00096306
0.0010345
0.0011047
0.0011705
0.0012341
0.0012976
0.0013631
0.001433
0.0015091
0.0015904
0.0016657
0.0017377
0.0018087
0.0018808
0.0019566
0.0020383
0.002127
0.0022145
0.0022969
0.002377
0.0024572
0.0025402
0.0026284
0.0027236
0.0028261
0.0029212
0.0030123
0.0031021
0.0031936
0.0032896
0.0033926
0.0035039
0.0036146
0.0037191
0.0038205
0.0039222
0.0040271
0.0041382
0.0042577
0.0043862
0.0045068
0.0046221
0.0047356
0.0048508
0.0049711
0.0050994
0.0052371
0.005378
0.0055102
0.0056381
0.0057655
0.0058963
0.006034
0.0061813
0.0063391
0.0064925
0.0066382
0.0067808
0.0069244
0.0070734
0.0072313
0.0074004
0.0075806
0.0077487
0.0079101
0.0080698
0.0082324
0.0084026
0.0085836
0.0087772
0.0089728
0.0091572
0.0093363
0.0095154
0.0096999
0.0098948
0.010103
0.010326
0.010538
0.010739
0.010938
0.011139
0.011349
0.011573
0.011814
0.012064
0.012299
0.012527
0.012755
0.012988
0.013235
0.013498
0.013781
0.014058
0.014322
0.01458
0.014841
0.015111
0.015397
0.015697
0.015995
0.016295
0.016595
0.016892
0.017193
0.017507
0.01783
0.018152
0.018481
0.018812
0.019147
0.019488
0.019832
0.020173
0.020515
0.020863
0.021221
0.021576
0.021929
0.022285
0.02265
0.023026
0.023397
0.023766
0.024137
0.024518
0.024911
0.025302
0.02569
0.026083
0.026483
0.026881
0.027283
0.027683
0.02808
0.02848
0.028885
0.029285
0.029685
0.030092
0.030502
0.030908
0.031316
0.031733
0.032154
0.03257
0.032989
0.033416
0.033858
0.034289
0.03472
0.035156
0.035604
0.036058
0.036502
0.036947
0.037399
0.037846
0.038291
0.038741
0.039183
0.039624
0.04007
0.040511
0.040951
0.041395
0.04184
0.04228
0.042722
0.043172
0.043618
0.04406
0.044506
0.044962
0.045417
0.045865
0.046314
0.046768
0.047235
0.047719
0.048189
0.048657
0.049131
0.049617
0.050107
0.050599
0.051081
0.05156
0.052041
0.052514
0.052986
0.053463
0.053933
0.0544
0.05487
0.055348
0.055832
0.05631
0.056791
0.057281
0.057785
0.058278
0.058769
0.059264
0.05977
0.060289
0.060794
0.061297
0.061805
0.062328
0.06287
0.063398
0.06392
0.064446
0.064986
0.065531
0.066072
0.066616
0.067166
0.06771
0.068256
0.06881
0.069362
0.06991
0.070461
0.071023
0.071579
0.072132
0.072689
0.07326
0.07383
0.074391
0.074956
0.075531
0.076125
0.076705
0.077281
0.077864
0.078463
0.079086
0.079691
0.080283
0.080877
0.081484
0.082114
0.08277
0.083429
0.084082
0.084727
0.085375
0.086022
0.086658
0.087293
0.087937
0.088572
0.089201
0.089835
0.090485
0.091158
0.09183
0.09251
0.09321
0.09394
0.094683
0.09542
0.096169
0.096949
0.097772
0.098644
0.099487
0.10033
0.10121
0.1021
0.103
0.10391
0.10482
0.10566
0.10649
0.10729
0.10808
0.10884
0.10957
0.11029
0.111
0.11172
0.11246
0.11323
0.11404
0.11487
0.11572
0.11657
0.11738
0.11817
0.11896
0.11971
0.12046
0.12119
0.12192
0.12263
0.12333
0.12404
0.12477
0.12553
0.12631
0.1271
0.12793
0.12876
0.12962
0.13051
0.13145
0.13237
0.13332
0.13425
0.13519
0.13615
0.13714
0.13814
0.13918
0.14023
0.14131
0.1424
0.1435
0.14464
0.14579
0.14694
0.14814
0.14943
0.15075
0.15209
0.15352
0.15503
0.15649
0.15795
0.15942
0.16093
0.16252
0.164
0.16539
0.16673
0.16806
0.16938
0.17073
0.17213
0.1736
0.17505
0.17637
0.17762
0.17881
0.17995
0.18091
0.18181
0.18268
0.18356
0.1844
0.18519
0.18599
0.18679
0.18754
0.18828
0.18903
0.18976
0.19047
0.19119
0.19191
0.19261
0.19331
0.194
0.19468
0.19536
0.19603
0.19669
0.19737
0.19806
0.19873
0.19942
0.2001
0.20075
0.2014
0.20206
0.20272
0.20336
0.204
0.20466
0.2053
0.20593
0.20657
0.20722
0.2079
0.20856
0.20923
0.20992
0.21062
0.21133
0.21204
0.21276
0.21351
0.21422
0.21494
0.21567
0.21643
0.21718
0.21794
0.21871
0.21951
0.22029
0.22107
0.22188
0.22271
0.22351
0.22433
0.22517
0.22604
0.2269
0.22774
0.2286
0.22949
0.23042
0.23138
0.23231
0.23323
0.23418
0.23518
0.23617
0.23717
0.23822
0.23926
0.24029
0.24134
0.24246
0.24361
0.24471
0.24582
0.24697
0.24816
0.24935
0.25056
0.25176
0.25299
0.25424
0.25551
0.25684
0.25812
0.25939
0.26072
0.26197
0.26314
0.26426
0.26538
0.26652
0.26767
0.26885
0.27005
0.27127
0.27248
0.27361
0.2747
0.27574
0.27672
0.27767
0.2786
0.27954
0.28051
0.28151
0.28254
0.28359
0.28466
0.28574
0.28685
0.28796
0.28907
0.29013
0.29116
0.29217
0.29321
0.29428
0.29537
0.29649
0.29762
0.29877
0.29992
0.3011
0.30226
0.30345
0.30462
0.3058
0.30703
0.30824
0.3095
0.31084
0.31219
0.31359
0.31508
0.31653
0.318
0.31944
0.3209
0.32243
0.32385
0.32522
0.32657
0.32792
0.32928
0.3307
0.33217
0.33361
0.33497
0.33629
0.33759
0.33889
0.34021
0.34142
0.34258
0.34373
0.34477
0.34579
0.3468
0.34775
0.3487
0.34964
0.35057
0.35147
0.35234
0.35316
0.35396
0.35478
0.35554
0.35629
0.35704
0.3578
0.35852
0.35923
0.35994
0.36066
0.36135
0.36204
0.36274
0.36342
0.3641
0.36478
0.36547
0.36613
0.36679
0.36745
0.36813
0.3688
0.36944
0.37008
0.37073
0.37135
0.37195
0.37255
0.37316
0.37375
0.37432
0.37489
0.37547
0.37606
0.37667
0.37727
0.37786
0.37847
0.37909
0.37971
0.38032
0.38091
0.38149
0.38206
0.38261
0.38316
0.38372
0.38427
0.38482
0.38537
0.38593
0.38649
0.38704
0.38759
0.38814
0.3887
0.38926
0.38981
0.39035
0.39091
0.39148
0.39206
0.39263
0.39318
0.39374
0.39432
0.39489
0.39546
0.39603
0.39659
0.39714
0.39769
0.39825
0.39879
0.39932
0.39986
0.4004
0.40093
0.40145
0.40196
0.40249
0.40302
0.40357
0.40409
0.4046
0.40511
0.40564
0.40619
0.40675
0.40729
0.40781
0.40832
0.40885
0.40939
0.40995
0.4105
0.41105
0.41159
0.41214
0.41266
0.41318
0.4137
0.41423
0.41477
0.41529
0.4158
0.41632
0.41685
0.4174
0.41794
0.41846
0.41897
0.4195
0.42004
0.4206
0.42118
0.42173
0.42227
0.4228
0.42334
0.4239
0.42447
0.42504
0.42561
0.42616
0.42671
0.42726
0.42783
0.4284
0.42894
0.42947
0.43002
0.43058
0.43115
0.43174
0.43229
0.43283
0.43337
0.43392
0.43448
0.43503
0.43558
0.43612
0.43664
0.43716
0.43768
0.43822
0.43874
0.43925
0.43976
0.44027
0.4408
0.44134
0.44184
0.44231
0.44274
0.44316
0.44356
0.44393
0.4443
0.44466
0.44502
0.44536
0.4457
0.44603
0.44636
0.44669
0.44703
0.44734
0.44766
0.44797
0.44828
0.4486
0.44892
0.44925
0.44955
0.44985
0.45015
0.45044
0.45074
0.45104
0.45132
0.45157
0.4518
0.45201
0.45222
0.45241
0.4526
0.45278
0.45296
0.45312
0.45328
0.45344
0.45359
0.45374
0.45388
0.45402
0.45416
0.4543
0.45443
0.45457
0.4547
0.45483
0.45495
0.45508
0.4552
0.45532
0.45543
0.45555
0.45566
0.45577
0.45588
0.45599
0.4561
0.4562
0.4563
0.4564
0.4565
0.45661
0.45671
0.45681
0.4569
0.457
0.4571
0.45719
0.45729
0.45738
0.45747
0.45756
0.45765
0.45774
0.45784
0.45793
0.45801
0.4581
0.45819
0.45827
0.45836
0.45844
0.45852
0.45861
0.45869
0.45877
0.45885
0.45893
0.45901
0.45909
0.45917
0.45924
0.45932
0.4594
0.45947
0.45955
0.45962
0.4597
0.45977
0.45985
0.45992
0.45999
0.46006
0.46013
0.4602
0.46027
0.46034
0.46041
0.46047
0.46054
0.46061
0.46067
0.46074
0.4608
0.46087
0.46093
0.461
0.46106
0.46112
0.46119
0.46125
0.46131
0.46137
0.46143
0.46149
0.46155
0.46161
0.46167
0.46173
0.46178
0.46184
0.4619
0.46196
0.46202
0.46207
0.46213
0.46219
0.46224
0.4623
0.46236
0.46241
0.46247
0.46252
0.46258
0.46263
0.46269
0.46274
0.46279
0.46285
0.4629
0.46296
0.46301
0.46306
0.46312
0.46317
0.46322
0.46328
0.46333
0.46338
0.46344
0.46349
0.46354
0.4636
0.46365
0.4637
0.46375
0.46381
0.46386
0.46391
0.46396
0.46402
0.46407
0.46412
0.46417
0.46422
0.46428
0.46433
0.46438
0.46443
0.46448
0.46453
0.46459
0.46464
0.46469
0.46474
0.46479
0.46484
0.46489
0.46495
0.465
0.46505
0.4651
0.46515
0.4652
0.46525
0.4653
0.46535
0.4654
0.46545
0.4655
0.46556
0.46561
0.46566
0.46571
0.46576
0.46581
0.46586
0.46591
0.46596
0.46601
0.46606
0.46611
0.46616
0.46621
0.46626
0.46631
0.46636
0.46641
0.46646
0.46651
0.46656
0.4666
0.46665
0.4667
0.46675
0.4668
0.46685
0.4669
0.46695
0.467
0.46705
0.4671
0.46715
0.4672
0.46725
0.4673
0.46734
0.46739
0.46744
0.46749
0.46754
0.46759
0.46764
0.46769
0.46774
0.46778
0.46783
0.46788
0.46793
0.46798
0.46803
0.46808
0.46813
0.46817
0.46822
0.46827
0.46832
0.46837
0.46842
0.46847
0.46851
0.46856
0.46861
0.46866
0.46871
0.46876
0.4688
0.46885
0.4689
0.46895
0.469
0.46904
0.46909
0.46914
0.46919
0.46924
0.46928
0.46933
0.46938
0.46943
0.46948
0.46952
0.46957
0.46962
0.46967
0.46972
0.46976
0.46981
0.46986
0.46991
0.46995
0.47
0.47005
0.4701
0.47015
0.47019
0.47024
0.47029
0.47034
0.47038
0.47043
0.47048
0.47053
0.47057
0.47062
0.47067
0.47072
0.47076
0.47081
0.47086
0.47091
0.47095
0.471
0.47105
0.4711
0.47114
0.47119
0.47124
0.47129
0.47133
0.47138
0.47143
0.47148
0.47152
0.47157
0.47162
0.47166
0.47171
0.47176
0.47181
0.47185
0.4719
0.47195
0.472
0.47204
0.47209
0.47214
0.47218
0.47223
0.47228
0.47233
0.47237
0.47242
0.47247
0.47251
0.47256
0.47261
0.47266
0.4727
0.47275
0.4728
0.47284
0.47289
0.47294
0.47298
0.47303
0.47308
0.47313
0.47317
0.47322
0.47327
0.47331
0.47336
0.47341
0.47345
0.4735
0.47355
0.4736
0.47364
0.47369
0.47374
0.47378
0.47383
0.47388
0.47392
0.47397
0.47402
0.47406
0.47411
0.47416
0.47421
0.47425
0.4743
0.47435
0.47439
0.47444
0.47449
0.47453
0.47458
0.47463
0.47467
0.47472
0.47477
0.47481
0.47486
0.47491
0.47495
0.475
0.47505
0.47509
0.47514
0.47519
0.47523
0.47528
0.47533
0.47537
0.47542
0.47547
0.47551
0.47556
0.47561
0.47565
0.4757
0.47575
0.47579
0.47584
0.47589
0.47593
0.47598
0.47603
0.47607
0.47612
0.47617
0.47621
0.47626
0.47631
0.47635
0.4764
0.47645
0.47649
0.47654
0.47659
0.47663
0.47668
0.47673
0.47677
0.47682
0.47687
0.47691
0.47696
0.47701
0.47705
0.4771
0.47715
0.47719
0.47724
0.47729
0.47733
0.47738
0.47743
0.47747
0.47752
0.47757
0.47761
0.47766
0.47771
0.47775
0.4778
0.47785
0.47789
0.47794
0.47799
0.47803
0.47808
0.47813
0.47817
0.47822
0.47827
0.47831
0.47836
0.4784
0.47845
0.4785
0.47854
0.47859
0.47864
0.47868
0.47873
0.47878
0.47882
0.47887
0.47892
0.47896
0.47901
0.47906
0.4791
0.47915
0.4792
0.47924
0.47929
0.47934
0.47938
0.47943
0.47948
0.47952
0.47957
0.47961
0.47966
0.47971
0.47975
0.4798
0.47985
0.47989
0.47994
0.47999
0.48003
0.48008
0.48013
0.48017
0.48022
0.48027
0.48031
0.48036
0.48041
0.48045
0.4805
0.48055
0.48059
0.48064
0.48069
0.48073
0.48078
0.48082
0.48087
0.48092
0.48096
0.48101
0.48106
0.4811
0.48115
0.4812
0.48124
0.48129
0.48134
0.48138
0.48143
0.48148
0.48152
0.48157
0.48162
0.48166
0.48171
0.48176
0.4818
0.48185
0.4819
0.48194
0.48199
0.48204
0.48208
0.48213
0.48218
0.48222
0.48227
0.48231
0.48236
0.48241
0.48245
0.4825
0.48255
0.48259
0.48264
0.48269
0.48273
0.48278
0.48283
0.48287
0.48292
0.48297
0.48301
0.48306
0.48311
0.48315
0.4832
0.48325
0.48329
0.48334
0.48339
0.48343
0.48348
0.48353
0.48357
0.48362
0.48367
0.48371
0.48376
0.48381
0.48385
0.4839
0.48395
0.48399
0.48404
0.48409
0.48413
0.48418
0.48423
0.48427
0.48432
0.48437
0.48441
0.48446
0.48451
0.48455
0.4846
0.48465
0.48469
0.48474
0.48479
0.48483
0.48488
0.48493
0.48497
0.48502
0.48507
0.48511
0.48516
0.48521
0.48525
0.4853
0.48535
0.48539
0.48544
0.48549
0.48553
0.48558
0.48563
0.48567
0.48572
0.48577
0.48581
0.48586
0.48591
0.48595
0.486
0.48605
0.48609
0.48614
0.48619
0.48623
0.48628
0.48633
0.48638
0.48642
0.48647
0.48652
0.48656
0.48661
0.48666
0.4867
0.48675
0.4868
0.48684
0.48689
0.48694
0.48698
0.48703
0.48708
0.48712
0.48717
0.48722
0.48726
0.48731
0.48736
0.4874
0.48745
0.4875
0.48754
0.48759
0.48764
0.48769
0.48773
0.48778
0.48783
0.48787
0.48792
0.48797
0.48801
0.48806
0.48811
0.48815
0.4882
0.48825
0.48829
0.48834
0.48839
0.48844
0.48848
0.48853
0.48858
0.48862
0.48867
0.48872
0.48876
0.48881
0.48886
0.4889
0.48895
0.489
0.48905
0.48909
0.48914
0.48919
0.48923
0.48928
0.48933
0.48937
0.48942
0.48947
0.48952
0.48956
0.48961
0.48966
0.4897
0.48975
0.4898
0.48984
0.48989
0.48994
0.48999
0.49003
0.49008
0.49013
0.49017
0.49022
0.49027
0.49031
0.49036
0.49041
0.49046
0.4905
0.49055
0.4906
0.49064
0.49069
0.49074
0.49079
0.49083
0.49088
0.49093
0.49097
0.49102
0.49107
0.49112
0.49116
0.49121
0.49126
0.4913
0.49135
0.4914
0.49145
0.49149
0.49154
0.49159
0.49164
0.49168
0.49173
0.49178
0.49182
0.49187
0.49192
0.49197
0.49201
0.49206
0.49211
0.49215
0.4922
0.49225
0.4923
0.49234
0.49239
0.49244
0.49249
0.49253
0.49258
0.49263
0.49268
0.49272
0.49277
0.49282
0.49286
0.49291
0.49296
0.49301
0.49305
0.4931
0.49315
0.4932
0.49324
0.49329
0.49334
0.49339
0.49343
0.49348
0.49353
0.49358
0.49362
0.49367
0.49372
0.49377
0.49381
0.49386
0.49391
0.49396
0.494
0.49405
0.4941
0.49414
0.49419
0.49424
0.49429
0.49434
0.49438
0.49443
0.49448
0.49453
0.49457
0.49462
0.49467
0.49472
0.49476
0.49481
0.49486
0.49491
0.49495
0.495
0.49505
0.4951
0.49514
0.49519
0.49524
0.49529
0.49533
0.49538
0.49543
0.49548
0.49552
0.49557
0.49562
0.49567
0.49572
0.49576
0.49581
0.49586
0.49591
0.49595
0.496
0.49605
0.4961
0.49615
0.49619
0.49624
0.49629
0.49634
0.49638
0.49643
0.49648
0.49653
0.49658
0.49662
0.49667
0.49672
0.49677
0.49681
0.49686
0.49691
0.49696
0.49701
0.49705
0.4971
0.49715
0.4972
0.49725
0.49729
0.49734
0.49739
0.49744
0.49749
0.49753
0.49758
0.49763
0.49768
0.49773
0.49777
0.49782
0.49787
0.49792
0.49797
0.49801
0.49806
0.49811
0.49816
0.49821
0.49825
0.4983
0.49835
0.4984
0.49845
0.49849
0.49854
0.49859
0.49864
0.49869
0.49873
0.49878
0.49883
0.49888
0.49893
0.49898
0.49902
0.49907
0.49912
0.49917
0.49922
0.49926
0.49931
0.49936
0.49941
0.49946
0.49951
0.49955
0.4996
0.49965
0.4997
0.49975
0.4998
0.49984
0.49989
0.49994
0.49999
0.50004
0.50009
0.50013
0.50018
0.50023
0.50028
0.50033
0.50038
0.50042
0.50047
0.50052
0.50057
0.50062
0.50067
0.50071
0.50076
0.50081
0.50086
0.50091
0.50096
0.50101
0.50105
0.5011
0.50115
0.5012
0.50125
0.5013
0.50135
0.50139
0.50144
0.50149
0.50154
0.50159
0.50164
0.50169
0.50173
0.50178
0.50183
0.50188
0.50193
0.50198
0.50203
0.50207
0.50212
0.50217
0.50222
0.50227
0.50232
0.50237
0.50242
0.50246
0.50251
0.50256
0.50261
0.50266
0.50271
0.50276
0.50281
0.50285
0.5029
0.50295
0.503
0.50305
0.5031
0.50315
0.5032
0.50325
0.50329
0.50334
0.50339
0.50344
0.50349
0.50354
0.50359
0.50364
0.50369
0.50373
0.50378
0.50383
0.50388
0.50393
0.50398
0.50403
0.50408
0.50413
0.50418
0.50422
0.50427
0.50432
0.50437
0.50442
0.50447
0.50452
0.50457
0.50462
0.50467
0.50472
0.50476
0.50481
0.50486
0.50491
0.50496
0.50501
0.50506
0.50511
0.50516
0.50521
0.50526
0.50531
0.50535
0.5054
0.50545
0.5055
0.50555
0.5056
0.50565
0.5057
0.50575
0.5058
0.50585
0.5059
0.50595
0.506
0.50605
0.50609
0.50614
0.50619
0.50624
0.50629
0.50634
0.50639
0.50644
0.50649
0.50654
0.50659
0.50664
0.50669
0.50674
0.50679
0.50684
0.50689
0.50694
0.50699
0.50703
0.50708
0.50713
0.50718
0.50723
0.50728
0.50733
0.50738
0.50743
0.50748
0.50753
0.50758
0.50763
0.50768
0.50773
0.50778
0.50783
0.50788
0.50793
0.50798
0.50803
0.50808
0.50813
0.50818
0.50823
0.50828
0.50833
0.50838
0.50843
0.50847
0.50852
0.50857
0.50862
0.50867
0.50872
0.50877
0.50882
0.50887
0.50892
0.50897
0.50902
0.50907
0.50912
0.50917
0.50922
0.50927
0.50932
0.50937
0.50942
0.50947
0.50952
0.50957
0.50962
0.50967
0.50972
0.50977
0.50982
0.50987
0.50992
0.50997
0.51002
0.51007
0.51012
0.51017
0.51022
0.51027
0.51032
0.51037
0.51042
0.51047
0.51052
0.51057
0.51062
0.51067
0.51072
0.51077
0.51082
0.51087
0.51093
0.51098
0.51103
0.51108
0.51113
0.51118
0.51123
0.51128
0.51133
0.51138
0.51143
0.51148
0.51153
0.51158
0.51163
0.51168
0.51173
0.51178
0.51183
0.51188
0.51193
0.51198
0.51203
0.51208
0.51213
0.51218
0.51223
0.51228
0.51233
0.51239
0.51244
0.51249
0.51254
0.51259
0.51264
0.51269
0.51274
0.51279
0.51284
0.51289
0.51294
0.51299
0.51304
0.51309
0.51314
0.51319
0.51324
0.51329
0.51335
0.5134
0.51345
0.5135
0.51355
0.5136
0.51365
0.5137
0.51375
0.5138
0.51385
0.5139
0.51395
0.514
0.51405
0.51411
0.51416
0.51421
0.51426
0.51431
0.51436
0.51441
0.51446
0.51451
0.51456
0.51461
0.51466
0.51471
0.51477
0.51482
0.51487
0.51492
0.51497
0.51502
0.51507
0.51512
0.51517
0.51522
0.51527
0.51533
0.51538
0.51543
0.51548
0.51553
0.51558
0.51563
0.51568
0.51573
0.51578
0.51584
0.51589
0.51594
0.51599
0.51604
0.51609
0.51614
0.51619
0.51624
0.51629
0.51635
0.5164
0.51645
0.5165
0.51655
0.5166
0.51665
0.5167
0.51675
0.51681
0.51686
0.51691
0.51696
0.51701
0.51706
0.51711
0.51716
0.51722
0.51727
0.51732
0.51737
0.51742
0.51747
0.51752
0.51757
0.51763
0.51768
0.51773
0.51778
0.51783
0.51788
0.51793
0.51798
0.51804
0.51809
0.51814
0.51819
0.51824
0.51829
0.51834
0.5184
0.51845
0.5185
0.51855
0.5186
0.51865
0.5187
0.51875
0.51881
0.51886
0.51891
0.51896
0.51901
0.51906
0.51911
0.51917
0.51922
0.51927
0.51932
0.51937
0.51942
0.51948
0.51953
0.51958
0.51963
0.51968
0.51973
0.51978
0.51984
0.51989
0.51994
0.51999
0.52004
0.52009
0.52015
0.5202
0.52025
0.5203
0.52035
0.5204
0.52046
0.52051
0.52056
0.52061
0.52066
0.52071
0.52077
0.52082
0.52087
0.52092
0.52097
0.52102
0.52108
0.52113
0.52118
0.52123
0.52128
0.52133
0.52139
0.52144
0.52149
0.52154
0.52159
0.52164
0.5217
0.52175
0.5218
0.52185
0.5219
0.52196
0.52201
0.52206
0.52211
0.52216
0.52221
0.52227
0.52232
0.52237
0.52242
0.52247
0.52253
0.52258
0.52263
0.52268
0.52273
0.52279
0.52284
0.52289
0.52294
0.52299
0.52305
0.5231
0.52315
0.5232
0.52325
0.5233
0.52336
0.52341
0.52346
0.52351
0.52356
0.52362
0.52367
0.52372
0.52377
0.52382
0.52388
0.52393
0.52398
0.52403
0.52408
0.52414
0.52419
0.52424
0.52429
0.52435
0.5244
0.52445
0.5245
0.52455
0.52461
0.52466
0.52471
0.52476
0.52481
0.52487
0.52492
0.52497
0.52502
0.52507
0.52513
0.52518
0.52523
0.52528
0.52534
0.52539
0.52544
0.52549
0.52554
0.5256
0.52565
0.5257
0.52575
0.52581
0.52586
0.52591
0.52596
0.52601
0.52607
0.52612
0.52617
0.52622
0.52628
0.52633
0.52638
0.52643
0.52648
0.52654
0.52659
0.52664
0.52669
0.52675
0.5268
0.52685
0.5269
0.52695
0.52701
0.52706
0.52711
0.52716
0.52722
0.52727
0.52732
0.52737
0.52743
0.52748
0.52753
0.52758
0.52764
0.52769
0.52774
0.52779
0.52784
0.5279
0.52795
0.528
0.52805
0.52811
0.52816
0.52821
0.52826
0.52832
0.52837
0.52842
0.52847
0.52853
0.52858
0.52863
0.52868
0.52874
0.52879
0.52884
0.52889
0.52895
0.529
0.52905
0.5291
0.52916
0.52921
0.52926
0.52931
0.52937
0.52942
0.52947
0.52952
0.52958
0.52963
0.52968
0.52973
0.52979
0.52984
0.52989
0.52994
0.53
0.53005
0.5301
0.53015
0.53021
0.53026
0.53031
0.53036
0.53042
0.53047
0.53052
0.53057
0.53063
0.53068
0.53073
0.53078
0.53084
0.53089
0.53094
0.53099
0.53105
0.5311
0.53115
0.5312
0.53126
0.53131
0.53136
0.53142
0.53147
0.53152
0.53157
0.53163
0.53168
0.53173
0.53178
0.53184
0.53189
0.53194
0.53199
0.53205
0.5321
0.53215
0.5322
0.53226
0.53231
0.53236
0.53242
0.53247
0.53252
0.53257
0.53263
0.53268
0.53273
0.53278
0.53284
0.53289
0.53294
0.53299
0.53305
0.5331
0.53315
0.53321
0.53326
0.53331
0.53336
0.53342
0.53347
0.53352
0.53357
0.53363
0.53368
0.53373
0.53378
0.53384
0.53389
0.53394
0.534
0.53405
0.5341
0.53415
0.53421
0.53426
0.53431
0.53436
0.53442
0.53447
0.53452
0.53457
0.53463
0.53468
0.53473
0.53478
0.53484
0.53489
0.53494
0.535
0.53505
0.5351
0.53515
0.53521
0.53526
0.53531
0.53536
0.53542
0.53547
0.53552
0.53557
0.53563
0.53568
0.53573
0.53578
0.53584
0.53589
0.53594
0.53599
0.53605
0.5361
0.53615
0.5362
0.53626
0.53631
0.53636
0.53641
0.53647
0.53652
0.53657
0.53662
0.53668
0.53673
0.53678
0.53683
0.53689
0.53694
0.53699
0.53704
0.5371
0.53715
0.5372
0.53725
0.53731
0.53736
0.53741
0.53746
0.53752
0.53757
0.53762
0.53767
0.53773
0.53778
0.53783
0.53788
0.53794
0.53799
0.53804
0.53809
0.53815
0.5382
0.53825
0.5383
0.53836
0.53841
0.53846
0.53851
0.53857
0.53862
0.53867
0.53872
0.53878
0.53883
0.53888
0.53893
0.53899
0.53904
0.53909
0.53914
0.5392
0.53925
0.5393
0.53935
0.53941
0.53946
0.53951
0.53956
0.53962
0.53967
0.53972
0.53977
0.53983
0.53988
0.53993
0.53998
0.54003
0
6.1202e-05
0.00011944
