0
6.6339e-05
0.00011887
0.00016682
0.00021006
0.00024749
0.00028265
0.00031727
0.00035259
0.0003896
0.00042909
0.00047176
0.00051293
0.00055249
0.00059162
0.00063119
0.00067185
0.00071417
0.00075858
0.00080549
0.00085447
0.00090247
0.00095067
0.00099994
0.0010509
0.0011041
0.00116
0.001215
0.0012699
0.0013259
0.0013836
0.0014437
0.0015065
0.0015721
0.0016394
0.0017094
0.0017828
0.00186
0.0019414
0.0020274
0.0021182
0.0022142
0.0023157
0.0024212
0.0025249
0.0026301
0.0027387
0.0028442
0.0029415
0.0030341
0.0031245
0.0032144
0.0033052
0.0033977
0.0034927
0.0035885
0.0036863
0.0037856
0.0038838
0.0039822
0.0040784
0.0041744
0.0042715
0.0043705
0.0044722
0.004577
0.0046783
0.0047782
0.0048784
0.00498
0.0050839
0.0051906
0.0053004
0.005411
0.00552
0.0056292
0.0057399
0.005853
0.0059691
0.0060885
0.0062117
0.0063345
0.0064546
0.0065744
0.0066952
0.0068182
0.006944
0.0070729
0.0071964
0.0073168
0.0074359
0.0075549
0.0076748
0.0077964
0.0079201
0.0080463
0.0081754
0.0083076
0.00844
0.0085724
0.0087058
0.0088412
0.0089791
0.0091198
0.0092585
0.0093956
0.0095327
0.0096709
0.0098111
0.0099538
0.0101
0.010249
0.010401
0.010558
0.010718
0.010883
0.011051
0.011218
0.01138
0.01154
0.011702
0.011865
0.012031
0.012201
0.012372
0.012537
0.0127
0.012864
0.013028
0.013193
0.013359
0.013527
0.013697
0.01387
0.014042
0.014212
0.014379
0.014546
0.014713
0.014882
0.015053
0.015224
0.015396
0.015569
0.015745
0.015923
0.016104
0.01628
0.016455
0.01663
0.016806
0.016984
0.017166
0.017351
0.017539
0.01773
0.017921
0.018115
0.018311
0.018512
0.018716
0.018925
0.019139
0.019358
0.019578
0.019794
0.020011
0.020229
0.02045
0.020676
0.020894
0.021105
0.021313
0.021519
0.021725
0.021933
0.022143
0.022356
0.022572
0.022787
0.023
0.023211
0.023424
0.023639
0.023857
0.024079
0.024303
0.024523
0.024743
0.024964
0.025187
0.025413
0.025643
0.025877
0.026116
0.026352
0.026582
0.02681
0.027038
0.027268
0.0275
0.027735
0.027974
0.028217
0.028462
0.028706
0.02895
0.029197
0.029448
0.029703
0.029962
0.03022
0.030479
0.030741
0.030999
0.03125
0.031498
0.031747
0.031994
0.03224
0.032487
0.032736
0.032988
0.033236
0.033482
0.03373
0.03398
0.034233
0.034487
0.034744
0.034998
0.03525
0.035503
0.035758
0.036016
0.036278
0.036545
0.036815
0.03709
0.03737
0.037654
0.03794
0.038224
0.038509
0.038795
0.039085
0.039378
0.039676
0.039973
0.040263
0.040549
0.040835
0.041121
0.04141
0.041702
0.041986
0.042268
0.042548
0.042829
0.043112
0.043398
0.043687
0.04398
0.044276
0.04457
0.044864
0.04516
0.045458
0.045756
0.046052
0.04635
0.046643
0.046936
0.04723
0.047526
0.047826
0.048129
0.048438
0.048743
0.049045
0.049347
0.049651
0.049959
0.050271
0.050587
0.050908
0.051234
0.051562
0.051891
0.052225
0.05256
0.052894
0.053231
0.053569
0.053905
0.054243
0.054584
0.054929
0.055263
0.055592
0.055919
0.056244
0.056566
0.056888
0.057212
0.057537
0.057867
0.058199
0.058531
0.058863
0.059197
0.059531
0.059867
0.060201
0.060532
0.060862
0.061192
0.061526
0.061864
0.062205
0.06255
0.062899
0.063253
0.063612
0.063973
0.064336
0.064703
0.065074
0.065445
0.065807
0.066163
0.066517
0.066872
0.06723
0.067591
0.067957
0.068328
0.068702
0.06907
0.06943
0.069785
0.070139
0.070494
0.07085
0.07121
0.071574
0.071943
0.072308
0.072669
0.073029
0.073391
0.073756
0.074121
0.074487
0.074856
0.075221
0.075585
0.07595
0.076317
0.076688
0.077064
0.077434
0.0778
0.078167
0.078535
0.078906
0.079281
0.079661
0.080046
0.080436
0.080832
0.081231
0.081633
0.08204
0.082453
0.082873
0.083289
0.0837
0.084109
0.08452
0.084935
0.085346
0.085744
0.086137
0.086527
0.086917
0.087306
0.087694
0.088084
0.088477
0.088874
0.089275
0.089675
0.090075
0.090475
0.090875
0.091277
0.091679
0.092074
0.092468
0.092862
0.093258
0.093657
0.094061
0.09447
0.094884
0.095303
0.095725
0.096151
0.096581
0.097015
0.097455
0.097885
0.098306
0.098724
0.099142
0.099562
0.099986
0.10041
0.10085
0.10128
0.10172
0.10216
0.10258
0.10299
0.1034
0.10381
0.10423
0.10464
0.10506
0.10548
0.10591
0.10635
0.10678
0.10722
0.10765
0.10807
0.1085
0.10893
0.10935
0.10977
0.11019
0.11061
0.11103
0.11146
0.11189
0.11231
0.11274
0.11316
0.11359
0.11403
0.11446
0.11491
0.11535
0.11581
0.11627
0.11673
0.1172
0.11767
0.11815
0.11863
0.1191
0.11956
0.12003
0.12049
0.12096
0.12143
0.12188
0.12233
0.12277
0.12322
0.12366
0.1241
0.12455
0.125
0.12545
0.1259
0.12635
0.1268
0.12725
0.12771
0.12816
0.12861
0.12906
0.1295
0.12994
0.13039
0.13084
0.1313
0.13176
0.13222
0.13269
0.13316
0.13364
0.13412
0.1346
0.13509
0.13556
0.13603
0.13649
0.13696
0.13743
0.13791
0.13839
0.13887
0.13936
0.13986
0.14034
0.14081
0.14127
0.14173
0.14219
0.14265
0.14311
0.14358
0.14405
0.14453
0.145
0.14547
0.14594
0.14641
0.14689
0.14736
0.14783
0.14829
0.14876
0.14922
0.14968
0.15014
0.15062
0.15109
0.15157
0.15204
0.15251
0.15299
0.15348
0.15397
0.15445
0.15494
0.15544
0.15594
0.15644
0.15695
0.15746
0.15798
0.15851
0.15904
0.15956
0.16009
0.16061
0.16112
0.16161
0.16209
0.16257
0.16305
0.16353
0.16401
0.16449
0.16497
0.16546
0.16594
0.16642
0.1669
0.16738
0.16787
0.16835
0.16884
0.16932
0.16979
0.17027
0.17075
0.17123
0.17171
0.1722
0.17268
0.17318
0.17367
0.17417
0.17468
0.17518
0.17568
0.17619
0.1767
0.1772
0.1777
0.17819
0.17869
0.17919
0.1797
0.18021
0.18072
0.18123
0.18173
0.18222
0.1827
0.18318
0.18366
0.18415
0.18464
0.18513
0.18563
0.18611
0.1866
0.18709
0.18757
0.18806
0.18856
0.18905
0.18954
0.19002
0.1905
0.19098
0.19146
0.19195
0.19244
0.19293
0.19342
0.19391
0.19439
0.19488
0.19537
0.19587
0.19637
0.19688
0.19739
0.1979
0.19842
0.19894
0.19946
0.19999
0.20053
0.20107
0.2016
0.20214
0.20267
0.20317
0.20367
0.20415
0.20463
0.20512
0.2056
0.20609
0.20657
0.20706
0.20755
0.20804
0.20852
0.209
0.20949
0.20997
0.21045
0.21093
0.21141
0.21188
0.21235
0.21283
0.21331
0.21379
0.21428
0.21477
0.21527
0.21576
0.21627
0.21678
0.21729
0.21781
0.21833
0.21885
0.21937
0.21989
0.22041
0.22092
0.22143
0.22193
0.22244
0.22295
0.22345
0.22393
0.22441
0.22489
0.22536
0.22584
0.22632
0.2268
0.22729
0.22777
0.22825
0.22873
0.22921
0.22969
0.23018
0.23066
0.23113
0.2316
0.23206
0.23252
0.23299
0.23346
0.23394
0.23441
0.2349
0.23539
0.23587
0.23635
0.23683
0.2373
0.23779
0.23827
0.23876
0.23925
0.23975
0.24025
0.24076
0.24126
0.24177
0.24229
0.2428
0.24332
0.24383
0.24435
0.24484
0.24532
0.24579
0.24626
0.24673
0.24719
0.24766
0.24814
0.24861
0.24909
0.24955
0.25001
0.25048
0.25094
0.25141
0.25187
0.25234
0.2528
0.25326
0.25372
0.25418
0.25464
0.2551
0.25557
0.25603
0.25651
0.25698
0.25746
0.25794
0.25843
0.25892
0.25941
0.25991
0.26041
0.26092
0.26142
0.26191
0.26241
0.26291
0.26341
0.26389
0.26435
0.26481
0.26526
0.2657
0.26615
0.2666
0.26705
0.26751
0.26796
0.26841
0.26885
0.26929
0.26973
0.27017
0.27062
0.27107
0.27151
0.27195
0.27239
0.27282
0.27326
0.2737
0.27415
0.27459
0.27505
0.2755
0.27596
0.27642
0.27689
0.27737
0.27783
0.2783
0.27876
0.27922
0.27968
0.28015
0.28062
0.28109
0.28155
0.28201
0.28247
0.28293
0.2834
0.28386
0.28433
0.28477
0.28521
0.28564
0.28606
0.28649
0.28692
0.28734
0.28778
0.28821
0.28865
0.28908
0.28951
0.28994
0.29037
0.2908
0.29123
0.29167
0.29209
0.29252
0.29294
0.29336
0.29379
0.29421
0.29464
0.29506
0.29549
0.29591
0.29634
0.29677
0.29721
0.29765
0.29809
0.29853
0.29898
0.29942
0.29986
0.3003
0.30074
0.30118
0.30162
0.30204
0.30245
0.30285
0.30326
0.30366
0.30406
0.30446
0.30487
0.30528
0.30569
0.3061
0.30651
0.30692
0.30732
0.30773
0.30814
0.30854
0.30893
0.30932
0.30971
0.3101
0.31049
0.31088
0.31128
0.31168
0.31208
0.31248
0.31289
0.3133
0.31371
0.31413
0.31455
0.31497
0.3154
0.31582
0.31625
0.31667
0.31708
0.3175
0.31792
0.31834
0.31875
0.31917
0.31958
0.31999
0.3204
0.3208
0.3212
0.32159
0.32197
0.32235
0.32272
0.3231
0.32348
0.32387
0.32425
0.32463
0.32502
0.3254
0.32578
0.32616
0.32654
0.32692
0.32729
0.32765
0.32802
0.32838
0.32875
0.32912
0.32949
0.32986
0.33023
0.33061
0.33098
0.33135
0.33172
0.3321
0.33247
0.33285
0.33323
0.33361
0.334
0.33438
0.33477
0.33516
0.33554
0.3359
0.33626
0.33661
0.33696
0.3373
0.33765
0.338
0.33834
0.33869
0.33904
0.33938
0.33972
0.34005
0.34039
0.34072
0.34106
0.3414
0.34174
0.34207
0.3424
0.34273
0.34306
0.3434
0.34373
0.34407
0.34441
0.34475
0.34509
0.34544
0.34579
0.34614
0.34649
0.34685
0.34721
0.34756
0.34793
0.34829
0.34865
0.34902
0.34939
0.34976
0.35013
0.35051
0.35088
0.35126
0.35162
0.35198
0.35234
0.3527
0.35304
0.35337
0.3537
0.35402
0.35433
0.35465
0.35496
0.35528
0.3556
0.35591
0.35622
0.35653
0.35683
0.35714
0.35744
0.35775
0.35805
0.35836
0.35867
0.35897
0.35928
0.35959
0.35989
0.3602
0.36051
0.36082
0.36113
0.36144
0.36176
0.36207
0.36239
0.3627
0.36302
0.36332
0.36363
0.36394
0.36425
0.36456
0.36485
0.36514
0.36542
0.3657
0.36598
0.36626
0.36654
0.36682
0.36709
0.36737
0.36766
0.36793
0.36821
0.36848
0.36876
0.36903
0.36931
0.36958
0.36985
0.37011
0.37037
0.37063
0.3709
0.37116
0.37142
0.37168
0.37195
0.37222
0.37248
0.37275
0.37302
0.37329
0.37356
0.37383
0.37411
0.37438
0.37466
0.37494
0.37522
0.3755
0.37578
0.37606
0.37634
0.37663
0.37691
0.3772
0.37749
0.37777
0.37806
0.37835
0.37864
0.37893
0.37922
0.3795
0.37978
0.38005
0.38031
0.38056
0.38082
0.38107
0.38132
0.38157
0.38182
0.38206
0.38231
0.38256
0.38281
0.38305
0.3833
0.38354
0.38379
0.38403
0.38427
0.38452
0.38476
0.385
0.38524
0.38549
0.38573
0.38597
0.38621
0.38645
0.38669
0.38693
0.38717
0.38741
0.38765
0.38788
0.38812
0.38835
0.38858
0.3888
0.38902
0.38923
0.38944
0.38965
0.38986
0.39006
0.39027
0.39048
0.39068
0.39089
0.39109
0.39129
0.39149
0.39169
0.39189
0.39209
0.39228
0.39248
0.39268
0.39287
0.39307
0.39326
0.39345
0.39365
0.39384
0.39403
0.39423
0.39442
0.39461
0.39481
0.395
0.3952
0.39539
0.39559
0.39578
0.39598
0.39618
0.39637
0.39657
0.39677
0.39697
0.39717
0.39737
0.39756
0.39776
0.39796
0.39816
0.39836
0.39857
0.39877
0.39897
0.39917
0.39937
0.39957
0.39978
0.39998
0.40018
0.40039
0.40059
0.4008
0.401
0.40121
0.40141
0.40162
0.40182
0.40202
0.40222
0.40241
0.40261
0.40279
0.40298
0.40317
0.40335
0.40354
0.40372
0.4039
0.40408
0.40426
0.40444
0.40462
0.4048
0.40498
0.40516
0.40533
0.4055
0.40566
0.40582
0.40598
0.40614
0.4063
0.40645
0.40661
0.40676
0.40691
0.40705
0.40719
0.40733
0.40747
0.40761
0.40775
0.40788
0.40802
0.40815
0.40829
0.40842
0.40855
0.40869
0.40882
0.40895
0.40908
0.40921
0.40933
0.40946
0.40958
0.4097
0.40982
0.40994
0.41006
0.41018
0.4103
0.41042
0.41053
0.41065
0.41077
0.41088
0.411
0.41112
0.41123
0.41135
0.41146
0.41158
0.41169
0.41181
0.41192
0.41204
0.41216
0.41227
0.41238
0.4125
0.41261
0.41273
0.41284
0.41296
0.41307
0.41319
0.4133
0.41342
0.41353
0.41364
0.41376
0.41387
0.41399
0.4141
0.41422
0.41433
0.41444
0.41456
0.41467
0.41479
0.4149
0.41502
0.41513
0.41524
0.41536
0.41547
0.41559
0.4157
0.41581
0.41593
0.41604
0.41615
0.41626
0.41637
0.41648
0.4166
0.41671
0.41682
0.41693
0.41704
0.41715
0.41725
0.41735
0.41745
0.41754
0.41763
0.41771
0.4178
0.41788
0.41796
0.41804
0.41812
0.4182
0.41827
0.41835
0.41843
0.4185
0.41858
0.41865
0.41872
0.41879
0.41886
0.41893
0.419
0.41907
0.41914
0.4192
0.41927
0.41934
0.4194
0.41946
0.41952
0.41958
0.41964
0.41969
0.41974
0.4198
0.41985
0.4199
0.41995
0.41999
0.42004
0.42008
0.42013
0.42017
0.42021
0.42026
0.4203
0.42034
0.42039
0.42043
0.42047
0.42051
0.42055
0.42059
0.42063
0.42067
0.42071
0.42075
0.42079
0.42083
0.42087
0.42091
0.42095
0.42099
0.42103
0.42107
0.42111
0.42115
0.42119
0.42123
0.42127
0.42131
0.42134
0.42138
0.42142
0.42146
0.42149
0.42153
0.42157
0.4216
0.42164
0.42168
0.42171
0.42175
0.42178
0.42182
0.42185
0.42189
0.42192
0.42196
0.42199
0.42203
0.42206
0.4221
0.42213
0.42217
0.4222
0.42224
0.42227
0.4223
0.42234
0.42237
0.42241
0.42244
0.42247
0.42251
0.42254
0.42258
0.42261
0.42264
0.42268
0.42271
0.42274
0.42278
0.42281
0.42284
0.42288
0.42291
0.42294
0.42297
0.42301
0.42304
0.42307
0.42311
0.42314
0.42317
0.4232
0.42324
0.42327
0.4233
0.42333
0.42337
0.4234
0.42343
0.42346
0.4235
0.42353
0.42356
0.42359
0.42362
0.42366
0.42369
0.42372
0.42375
0.42378
0.42382
0.42385
0.42388
0.42391
0.42394
0.42398
0.42401
0.42404
0.42407
0.4241
0.42413
0.42417
0.4242
0.42423
0.42426
0.42429
0.42432
0.42435
0.42439
0.42442
0.42445
0.42448
0.42451
0.42454
0.42457
0.4246
0.42464
0.42467
0.4247
0.42473
0.42476
0.42479
0.42482
0.42485
0.42488
0.42492
0.42495
0.42498
0.42501
0.42504
0.42507
0.4251
0.42513
0.42516
0.42519
0.42522
0.42525
0.42529
0.42532
0.42535
0.42538
0.42541
0.42544
0.42547
0.4255
0.42553
0.42556
0.42559
0.42562
0.42565
0.42568
0.42571
0.42574
0.42577
0.42581
0.42584
0.42587
0.4259
0.42593
0.42596
0.42599
0.42602
0.42605
0.42608
0.42611
0.42614
0.42617
0.4262
0.42623
0.42626
0.42629
0.42632
0.42635
0.42638
0.42641
0.42644
0.42647
0.4265
0.42653
0.42656
0.42659
0.42662
0.42665
0.42668
0.42671
0.42674
0.42677
0.4268
0.42683
0.42686
0.42689
0.42692
0.42695
0.42698
0.42701
0.42704
0.42707
0.4271
0.42713
0.42716
0.42719
0.42721
0.42724
0.42727
0.4273
0.42733
0.42736
0.42739
0.42742
0.42745
0.42748
0.42751
0.42754
0.42757
0.4276
0.42763
0.42766
0.42769
0.42772
0.42775
0.42777
0.4278
0.42783
0.42786
0.42789
0.42792
0.42795
0.42798
0.42801
0.42804
0.42807
0.4281
0.42813
0.42815
0.42818
0.42821
0.42824
0.42827
0.4283
0.42833
0.42836
0.42839
0.42842
0.42845
0.42847
0.4285
0.42853
0.42856
0.42859
0.42862
0.42865
0.42868
0.42871
0.42874
0.42876
0.42879
0.42882
0.42885
0.42888
0.42891
0.42894
0.42897
0.429
0.42902
0.42905
0.42908
0.42911
0.42914
0.42917
0.4292
0.42923
0.42925
0.42928
0.42931
0.42934
0.42937
0.4294
0.42943
0.42946
0.42948
0.42951
0.42954
0.42957
0.4296
0.42963
0.42966
0.42968
0.42971
0.42974
0.42977
0.4298
0.42983
0.42986
0.42988
0.42991
0.42994
0.42997
0.43
0.43003
0.43005
0.43008
0.43011
0.43014
0.43017
0.4302
0.43023
0.43025
0.43028
0.43031
0.43034
0.43037
0.4304
0.43042
0.43045
0.43048
0.43051
0.43054
0.43057
0.43059
0.43062
0.43065
0.43068
0.43071
0.43074
0.43076
0.43079
0.43082
0.43085
0.43088
0.4309
0.43093
0.43096
0.43099
0.43102
0.43105
0.43107
0.4311
0.43113
0.43116
0.43119
0.43121
0.43124
0.43127
0.4313
0.43133
0.43136
0.43138
0.43141
0.43144
0.43147
0.4315
0.43152
0.43155
0.43158
0.43161
0.43164
0.43166
0.43169
0.43172
0.43175
0.43178
0.4318
0.43183
0.43186
0.43189
0.43192
0.43194
0.43197
0.432
0.43203
0.43206
0.43208
0.43211
0.43214
0.43217
0.4322
0.43222
0.43225
0.43228
0.43231
0.43233
0.43236
0.43239
0.43242
0.43245
0.43247
0.4325
0.43253
0.43256
0.43259
0.43261
0.43264
0.43267
0.4327
0.43272
0.43275
0.43278
0.43281
0.43284
0.43286
0.43289
0.43292
0.43295
0.43297
0.433
0.43303
0.43306
0.43309
0.43311
0.43314
0.43317
0.4332
0.43322
0.43325
0.43328
0.43331
0.43333
0.43336
0.43339
0.43342
0.43345
0.43347
0.4335
0.43353
0.43356
0.43358
0.43361
0.43364
0.43367
0.43369
0.43372
0.43375
0.43378
0.4338
0.43383
0.43386
0.43389
0.43391
0.43394
0.43397
0.434
0.43402
0.43405
0.43408
0.43411
0.43414
0.43416
0.43419
0.43422
0.43425
0.43427
0.4343
0.43433
0.43436
0.43438
0.43441
0.43444
0.43447
0.43449
0.43452
0.43455
0.43458
0.4346
0.43463
0.43466
0.43468
0.43471
0.43474
0.43477
0.43479
0.43482
0.43485
0.43488
0.4349
0.43493
0.43496
0.43499
0.43501
0.43504
0.43507
0.4351
0.43512
0.43515
0.43518
0.43521
0.43523
0.43526
0.43529
0.43531
0.43534
0.43537
0.4354
0.43542
0.43545
0.43548
0.43551
0.43553
0.43556
0.43559
0.43562
0.43564
0.43567
0.4357
0.43572
0.43575
0.43578
0.43581
0.43583
0.43586
0.43589
0.43592
0.43594
0.43597
0.436
0.43602
0.43605
0.43608
0.43611
0.43613
0.43616
0.43619
0.43621
0.43624
0.43627
0.4363
0.43632
0.43635
0.43638
0.43641
0.43643
0.43646
0.43649
0.43651
0.43654
0.43657
0.4366
0.43662
0.43665
0.43668
0.4367
0.43673
0.43676
0.43679
0.43681
0.43684
0.43687
0.43689
0.43692
0.43695
0.43698
0.437
0.43703
0.43706
0.43708
0.43711
0.43714
0.43717
0.43719
0.43722
0.43725
0.43727
0.4373
0.43733
0.43735
0.43738
0.43741
0.43744
0.43746
0.43749
0.43752
0.43754
0.43757
0.4376
0.43763
0.43765
0.43768
0.43771
0.43773
0.43776
0.43779
0.43781
0.43784
0.43787
0.4379
0.43792
0.43795
0.43798
0.438
0.43803
0.43806
0.43808
0.43811
0.43814
0.43816
0.43819
0.43822
0.43825
0.43827
0.4383
0.43833
0.43835
0.43838
0.43841
0.43843
0.43846
0.43849
0.43852
0.43854
0.43857
0.4386
0.43862
0.43865
0.43868
0.4387
0.43873
0.43876
0.43878
0.43881
0.43884
0.43886
0.43889
0.43892
0.43895
0.43897
0.439
0.43903
0.43905
0.43908
0.43911
0.43913
0.43916
0.43919
0.43921
0.43924
0.43927
0.43929
0.43932
0.43935
0.43938
0.4394
0.43943
0.43946
0.43948
0.43951
0.43954
0.43956
0.43959
0.43962
0.43964
0.43967
0.4397
0.43972
0.43975
0.43978
0.4398
0.43983
0.43986
0.43988
0.43991
0.43994
0.43996
0.43999
0.44002
0.44005
0.44007
0.4401
0.44013
0.44015
0.44018
0.44021
0.44023
0.44026
0.44029
0.44031
0.44034
0.44037
0.44039
0.44042
0.44045
0.44047
0.4405
0.44053
0.44055
0.44058
0.44061
0.44063
0.44066
0.44069
0.44071
0.44074
0.44077
0.44079
0.44082
0.44085
0.44087
0.4409
0.44093
0.44095
0.44098
0.44101
0.44103
0.44106
0.44109
0.44111
0.44114
0.44117
0.44119
0.44122
0.44125
0.44127
0.4413
0.44133
0.44135
0.44138
0.44141
0.44143
0.44146
0.44149
0.44151
0.44154
0.44157
0.44159
0.44162
0.44165
0.44167
0.4417
0.44173
0.44175
0.44178
0.44181
0.44183
0.44186
0.44189
0.44191
0.44194
0.44197
0.44199
0.44202
0.44205
0.44207
0.4421
0.44213
0.44215
0.44218
0.44221
0.44223
0.44226
0.44229
0.44231
0.44234
0.44237
0.44239
0.44242
0.44244
0.44247
0.4425
0.44252
0.44255
0.44258
0.4426
0.44263
0.44266
0.44268
0.44271
0.44274
0.44276
0.44279
0.44282
0.44284
0.44287
0.4429
0.44292
0.44295
0.44298
0.443
0.44303
0.44306
0.44308
0.44311
0.44314
0.44316
0.44319
0.44321
0.44324
0.44327
0.44329
0.44332
0.44335
0.44337
0.4434
0.44343
0.44345
0.44348
0.44351
0.44353
0.44356
0.44359
0.44361
0.44364
0.44367
0.44369
0.44372
0.44374
0.44377
0.4438
0.44382
0.44385
0.44388
0.4439
0.44393
0.44396
0.44398
0.44401
0.44404
0.44406
0.44409
0.44412
0.44414
0.44417
0.44419
0.44422
0.44425
0.44427
0.4443
0.44433
0.44435
0.44438
0.44441
0.44443
0.44446
0.44449
0.44451
0.44454
0.44456
0.44459
0.44462
0.44464
0.44467
0.4447
0.44472
0.44475
0.44478
0.4448
0.44483
0.44486
0.44488
0.44491
0.44493
0.44496
0.44499
0.44501
0.44504
0.44507
0.44509
0.44512
0.44515
0.44517
0.4452
0.44523
0.44525
0.44528
0.4453
0.44533
0.44536
0.44538
0.44541
0.44544
0.44546
0.44549
0.44552
0.44554
0.44557
0.44559
0.44562
0.44565
0.44567
0.4457
0.44573
0.44575
0.44578
0.44581
0.44583
0.44586
0.44588
0.44591
0.44594
0.44596
0.44599
0.44602
0.44604
0.44607
0.4461
0.44612
0.44615
0.44617
0.4462
0.44623
0.44625
0.44628
0.44631
0.44633
0.44636
0.44639
0.44641
0.44644
0.44646
0.44649
0.44652
0.44654
0.44657
0.4466
0.44662
0.44665
0.44668
0.4467
0.44673
0.44675
0.44678
0.44681
0.44683
0.44686
0.44689
0.44691
0.44694
0.44696
0.44699
0.44702
0.44704
0.44707
0.4471
0.44712
0.44715
0.44718
0.4472
0.44723
0.44725
0.44728
0.44731
0.44733
0.44736
0.44739
0.44741
0.44744
0.44746
0.44749
0.44752
0.44754
0.44757
0.4476
0.44762
0.44765
0.44767
0.4477
0.44773
0.44775
0.44778
0.44781
0.44783
0.44786
0.44788
0.44791
0.44794
0.44796
0.44799
0.44802
0.44804
0.44807
0.44809
0.44812
0.44815
0.44817
0.4482
0.44823
0.44825
0.44828
0.4483
0.44833
0.44836
0.44838
0.44841
0.44844
0.44846
0.44849
0.44851
0.44854
0.44857
0.44859
0.44862
0.44865
0.44867
0.4487
0.44872
0.44875
0.44878
0.4488
0.44883
0.44886
0.44888
0.44891
0.44893
0.44896
0.44899
0.44901
0.44904
0.44907
0.44909
0.44912
0.44914
0.44917
0.4492
0.44922
0.44925
0.44928
0.4493
0.44933
0.44935
0.44938
0.44941
0.44943
0.44946
0.44949
0.44951
0.44954
0.44956
0.44959
0.44962
0.44964
0.44967
0.44969
0.44972
0.44975
0.44977
0.4498
0.44983
0.44985
0.44988
0.4499
0.44993
0.44996
0.44998
0.45001
0.45004
0.45006
0.45009
0.45011
0.45014
0.45017
0.45019
0.45022
0.45024
0.45027
0.4503
0.45032
0.45035
0.45038
0.4504
0.45043
0.45045
0.45048
0.45051
0.45053
0.45056
0.45058
0.45061
0.45064
0.45066
0.45069
0.45072
0.45074
0.45077
0.45079
0.45082
0.45085
0.45087
0.4509
0.45093
0.45095
0.45098
0.451
0.45103
0.45106
0.45108
0.45111
0.45113
0.45116
0.45119
0.45121
0.45124
0.45126
0.45129
0.45132
0.45134
0.45137
0.4514
0.45142
0.45145
0.45147
0.4515
0.45153
0.45155
0.45158
0.4516
0.45163
0.45166
0.45168
0.45171
0.45174
0.45176
0.45179
0.45181
0.45184
0.45187
0.45189
0.45192
0.45194
0.45197
0.452
0.45202
0.45205
0.45208
0.4521
0.45213
0.45215
0.45218
0.45221
0.45223
0.45226
0.45228
0.45231
0.45234
0.45236
0.45239
0.45241
0.45244
0.45247
0.45249
0.45252
0.45255
0.45257
0.4526
0.45262
0.45265
0.45268
0.4527
0.45273
0.45275
0.45278
0.45281
0.45283
0.45286
0.45288
0.45291
0.45294
0.45296
0.45299
0.45301
0.45304
0.45307
0.45309
0.45312
0.45315
0.45317
0.4532
0.45322
0.45325
0.45328
0.4533
0.45333
0.45335
0.45338
0.45341
0.45343
0.45346
0.45348
0.45351
0.45354
0.45356
0.45359
0.45362
0.45364
0.45367
0.45369
0.45372
0.45375
0.45377
0.4538
0.45382
0.45385
0.45388
0.4539
0.45393
0.45395
0.45398
0.45401
0.45403
0.45406
0.45408
0.45411
0.45414
0.45416
0.45419
0.45421
0.45424
0.45427
0.45429
0.45432
0.45435
0.45437
0.4544
0.45442
0.45445
0.45448
0.4545
0.45453
0.45455
0.45458
0.45461
0.45463
0.45466
0.45468
0.45471
0.45474
0.45476
0.45479
0.45481
0.45484
0.45487
0.45489
0.45492
0.45494
0.45497
0.455
0.45502
0.45505
0.45507
0.4551
0.45513
0.45515
0.45518
0.4552
0.45523
0.45526
0.45528
0.45531
0.45534
0.45536
0.45539
0.45541
0.45544
0.45547
0.45549
0.45552
0.45554
0.45557
0.4556
0.45562
0.45565
0.45567
0.4557
0.45573
0.45575
0.45578
0.4558
0.45583
0.45586
0.45588
0.45591
0.45593
0.45596
0.45599
0.45601
0.45604
0.45606
0.45609
0.45612
0.45614
0.45617
0.45619
0.45622
0.45625
0.45627
0.4563
0.45632
0.45635
0.45638
0.4564
0.45643
0.45645
0.45648
0.45651
0.45653
0.45656
0.45658
0.45661
0.45664
0.45666
0.45669
0.45671
0.45674
0.45677
0.45679
0.45682
0.45684
0.45687
0.4569
0.45692
0.45695
0.45697
0.457
0.45703
0.45705
0.45708
0.4571
0.45713
0.45716
0.45718
0.45721
0.45723
0.45726
0.45729
0.45731
0.45734
0.45736
0.45739
0.45742
0.45744
0.45747
0.45749
0.45752
0.45755
0.45757
0.4576
0.45762
0.45765
0.45768
0.4577
0.45773
0.45775
0.45778
0.45781
0.45783
0.45786
0.45788
0.45791
0.45794
0.45796
0.45799
0.45801
0.45804
0.45807
0.45809
0.45812
0.45814
0.45817
0.4582
0.45822
0.45825
0.45827
0.4583
0.45833
0.45835
0.45838
0.4584
0.45843
0.45846
0.45848
0.45851
0.45853
0.45856
0.45859
0.45861
0.45864
0.45866
0.45869
0.45872
0.45874
0.45877
0.45879
0.45882
0.45885
0.45887
0.4589
0.45892
0.45895
0.45898
0.459
0.45903
0.45905
0.45908
0.45911
0.45913
0.45916
0.45918
0.45921
0.45924
0.45926
0.45929
0.45931
0.45934
0.45937
0.45939
0.45942
0.45944
0.45947
0.4595
0.45952
0.45955
0.45957
0.4596
0.45963
0.45965
0.45968
0.4597
0.45973
0.45976
0.45978
0.45981
0.45983
0.45986
0.45989
0.45991
0.45994
0.45996
0.45999
0.46002
0.46004
0.46007
0.46009
0.46012
0.46015
0.46017
0.4602
0.46022
0.46025
0.46028
0.4603
0.46033
0.46035
0.46038
0.46041
0.46043
0.46046
0.46048
0.46051
0.46054
0.46056
0.46059
0.46061
0.46064
0.46066
0.46069
0.46072
0.46074
0.46077
0.46079
0.46082
0.46085
0.46087
0.4609
0.46092
0.46095
0.46098
0.461
0.46103
0.46105
0.46108
0.46111
0.46113
0.46116
0.46118
0.46121
0.46124
0.46126
0.46129
0.46131
0.46134
0.46137
0.46139
0.46142
0.46144
0.46147
0.4615
0.46152
0.46155
0.46157
0.4616
0.46163
0.46165
0.46168
0.4617
0.46173
0.46176
0.46178
0.46181
0.46183
0.46186
0.46189
0.46191
0.46194
0.46196
0.46199
0.46201
0.46204
0.46207
0.46209
0.46212
0.46214
0.46217
0.4622
0.46222
0.46225
0.46227
0.4623
0.46233
0.46235
0.46238
0.4624
0.46243
0.46246
0.46248
0.46251
0.46253
0.46256
0.46259
0.46261
0.46264
0.46266
0.46269
0.46272
0.46274
0.46277
0.46279
0.46282
0.46285
0.46287
0.4629
0.46292
0.46295
0.46298
0.463
0.46303
0.46305
0.46308
0.46311
0.46313
0.46316
0.46318
0.46321
0.46323
0.46326
0.46329
0.46331
0.46334
0.46336
0.46339
0.46342
0.46344
0.46347
0.46349
0.46352
0.46355
0.46357
0.4636
0.46362
0.46365
0.46368
0.4637
0.46373
0.46375
0.46378
0.46381
0.46383
0.46386
0.46388
0.46391
0.46394
0.46396
0.46399
0.46401
0.46404
0.46407
0.46409
0.46412
0.46414
0.46417
0.46419
0.46422
0.46425
0.46427
0.4643
0.46432
0.46435
0.46438
0.4644
0.46443
0.46445
0.46448
0.46451
0.46453
0.46456
0.46458
0.46461
0.46464
0.46466
0.46469
0.46471
0.46474
0.46477
0.46479
0.46482
0.46484
0.46487
0.4649
0.46492
0.46495
0.46497
0.465
0.46503
0.46505
0.46508
0.4651
0.46513
0.46515
0.46518
0.46521
0.46523
0.46526
0.46528
0.46531
0.46534
0.46536
0.46539
0.46541
0.46544
0.46547
0.46549
0.46552
0.46554
0.46557
0.4656
0.46562
0.46565
0.46567
0.4657
0.46573
0.46575
0.46578
0.4658
0.46583
0.46586
0.46588
0.46591
0.46593
0.46596
0.46599
0.46601
0.46604
0.46606
0.46609
0.46611
0.46614
0.46617
0.46619
0.46622
0.46624
0.46627
0.4663
0.46632
0.46635
0.46637
0.4664
0.46643
0.46645
0.46648
0.4665
0.46653
0.46656
0.46658
0.46661
0.46663
0.46666
0.46669
0.46671
0.46674
0.46676
0.46679
0.46682
0.46684
0.46687
0.46689
0.46692
0.46695
0.46697
0.467
0.46702
0.46705
0.46708
0.4671
0.46713
0.46715
0.46718
0.4672
0.46723
0.46726
0.46728
0.46731
0.46733
0.46736
0.46739
0.46741
0.46744
0.46746
0.46749
0.46752
0.46754
0.46757
0.46759
0.46762
0.46765
0.46767
0.4677
0.46772
0.46775
0.46778
0.4678
0.46783
0.46785
0.46788
0.46791
0.46793
0.46796
0.46798
0.46801
0.46804
0.46806
0.46809
0.46811
0.46814
0.46817
0.46819
0.46822
0.46824
0.46827
0.46829
0.46832
0.46835
0.46837
0.4684
0.46842
0.46845
0.46848
0.4685
0.46853
0.46855
0.46858
0.46861
0.46863
0.46866
0.46868
0.46871
0.46874
0.46876
0.46879
0.46881
0.46884
0.46887
0.46889
0.46892
0.46894
0.46897
0.469
0.46902
0.46905
0.46907
0.4691
0.46913
0.46915
0.46918
0.4692
0.46923
0.46926
0.46928
0.46931
0.46933
0.46936
0.46938
0.46941
0.46944
0.46946
0.46949
0.46951
0.46954
0.46957
0.46959
0.46962
0.46964
0.46967
0.4697
0.46972
0.46975
0.46977
0.4698
0.46983
0.46985
0.46988
0.4699
0.46993
0.46996
0.46998
0.47001
0.47003
0.47006
0.47009
0.47011
0.47014
0.47016
0.47019
0.47022
0.47024
0.47027
0.47029
0.47032
0.47035
0.47037
0.4704
0.47042
0.47045
0.47048
0.4705
0.47053
0.47055
0.47058
0.47061
0.47063
0.47066
0.47068
0.47071
0.47074
0.47076
0.47079
0.47081
0.47084
0.47086
0.47089
0.47092
0.47094
0.47097
0.47099
0.47102
0.47105
0.47107
0.4711
0.47112
0.47115
0.47118
0.4712
0.47123
0.47125
0.47128
0.47131
0.47133
0.47136
0.47138
0.47141
0.47144
0.47146
0.47149
0.47151
0.47154
0.47157
0.47159
0.47162
0.47164
0.47167
0.4717
0.47172
0.47175
0.47177
0.4718
0.47183
0.47185
0.47188
0.4719
0.47193
0.47196
0.47198
0.47201
0.47203
0.47206
0.47209
0.47211
0.47214
0.47216
0.47219
0.47222
0.47224
0.47227
0.47229
0.47232
0.47235
0.47237
0.4724
0.47242
0.47245
0.47248
0.4725
0.47253
0.47255
0.47258
0.47261
0.47263
0.47266
0.47268
0.47271
0.47274
0.47276
0.47279
0.47281
0.47284
0.47287
0.47289
0.47292
0.47294
0.47297
0.473
0.47302
0.47305
0.47307
0.4731
0.47313
0.47315
0.47318
0.4732
0.47323
0.47326
0.47328
0.47331
0.47333
0.47336
0.47339
0.47341
0.47344
0.47346
0.47349
0.47352
0.47354
0.47357
0.47359
0.47362
0.47365
0.47367
0.4737
0.47372
0.47375
0.47378
0.4738
0.47383
0.47385
0.47388
0.47391
0.47393
0.47396
0.47398
0.47401
0.47404
0.47406
0.47409
0.47411
0.47414
0.47417
0.47419
0.47422
0.47424
0.47427
0.4743
0.47432
0.47435
0.47437
0.4744
0.47443
0.47445
0.47448
0.4745
0.47453
0.47456
0.47458
0.47461
0.47463
0.47466
0.47469
0.47471
0.47474
0.47476
0.47479
0.47482
0.47484
0.47487
0.47489
0.47492
0.47495
0.47497
0.475
0.47502
0.47505
0.47508
0.4751
0.47513
0.47515
0.47518
0.47521
0.47523
0.47526
0.47528
0.47531
0.47534
0.47536
0.47539
0.47541
0.47544
0.47547
0.47549
0.47552
0.47554
0.47557
0.4756
0.47562
0.47565
0.47567
0.4757
0.47573
0.47575
0.47578
0.4758
0.47583
0.47586
0.47588
0.47591
0.47593
0.47596
0.47599
0.47601
0.47604
0.47606
0.47609
0.47612
0.47614
0.47617
0.47619
0.47622
0.47625
0.47627
0.4763
0.47632
0.47635
0.47638
0.4764
0.47643
0.47645
0.47648
0.47651
0.47653
0.47656
0.47658
0.47661
0.47664
0.47666
0.47669
0.47672
0.47674
0.47677
0.47679
0.47682
0.47685
0.47687
0.4769
0.47692
0.47695
0.47698
0.477
0.47703
0.47705
0.47708
0.47711
0.47713
0.47716
0.47718
0.47721
0.47724
0.47726
0.47729
0.47731
0.47734
0.47737
0.47739
0.47742
0.47744
0.47747
0.4775
0.47752
0.47755
0.47757
0.4776
0.47763
0.47765
0.47768
0.4777
0.47773
0.47776
0.47778
0.47781
0.47783
0.47786
0.47789
0.47791
0.47794
0.47797
0.47799
0.47802
0.47804
0.47807
0.4781
0.47812
0.47815
0.47817
0.4782
0.47823
0.47825
0.47828
0.4783
0.47833
0.47836
0.47838
0.47841
0.47843
0.47846
0.47849
0.47851
0.47854
0.47856
0.47859
0.47862
0.47864
0.47867
0.47869
0.47872
0.47875
0.47877
0.4788
0.47883
0.47885
0.47888
0.4789
0.47893
0.47896
0.47898
0.47901
0.47903
0.47906
0.47909
0.47911
0.47914
0.47916
0.47919
0.47922
0.47924
0.47927
0.47929
0.47932
0.47935
0.47937
0.4794
0.47942
0.47945
0.47948
0.4795
0.47953
0.47956
0.47958
0.47961
0.47963
0.47966
0.47969
0.47971
0.47974
0.47976
0.47979
0.47982
0.47984
0.47987
0.47989
0.47992
0.47995
0.47997
0.48
0.48002
0.48005
0.48008
0.4801
0.48013
0.48016
0.48018
0.48021
0.48023
0.48026
0.48029
0.48031
0.48034
0.48036
0.48039
0.48042
0.48044
0.48047
0.48049
0.48052
0.48055
0.48057
0.4806
0.48062
0.48065
0.48068
0.4807
0.48073
0.48076
0.48078
0.48081
0.48083
0.48086
0.48089
0.48091
0.48094
0.48096
0.48099
0.48102
0.48104
0.48107
0.48109
0.48112
0.48115
0.48117
0.4812
0.48123
0.48125
0.48128
0.4813
0.48133
0.48136
0.48138
0.48141
0.48143
0.48146
0.48149
0.48151
0.48154
0.48156
0.48159
0.48162
0.48164
0.48167
0.4817
0.48172
0.48175
0.48177
0.4818
0.48183
0.48185
0.48188
0.4819
0.48193
0.48196
0.48198
0.48201
0.48203
0.48206
0.48209
0.48211
0.48214
0.48217
0.48219
0.48222
0.48224
0.48227
0.4823
0.48232
0.48235
0.48237
0.4824
0.48243
0.48245
0.48248
0.48251
0.48253
0.48256
0.48258
0.48261
0.48264
0.48266
0.48269
0.48271
0.48274
0.48277
0.48279
0.48282
0.48284
0.48287
0.4829
0.48292
0.48295
0.48298
0.483
0.48303
0.48305
0.48308
0.48311
0.48313
0.48316
0.48318
0.48321
0.48324
0.48326
0.48329
0.48332
0.48334
0.48337
0.48339
0.48342
0.48345
0.48347
0.4835
0.48352
0.48355
0.48358
0.4836
0.48363
0.48366
0.48368
0.48371
0.48373
0.48376
0.48379
0.48381
0.48384
0.48386
0.48389
0.48392
0.48394
0.48397
0.484
0.48402
0.48405
0.48407
0.4841
0.48413
0.48415
0.48418
0.4842
0.48423
0.48426
0.48428
0.48431
0.48434
0.48436
0.48439
0.48441
0.48444
0.48447
0.48449
0.48452
0.48454
0.48457
0.4846
0.48462
0.48465
0.48468
0.4847
0.48473
0.48475
0.48478
0.48481
0.48483
0.48486
0.48489
0.48491
0.48494
0.48496
0.48499
0.48502
0.48504
0.48507
0.48509
0.48512
0.48515
0.48517
0.4852
0.48523
0.48525
0.48528
0.4853
0.48533
0.48536
0.48538
0.48541
0.48543
0.48546
0.48549
0.48551
0.48554
0.48557
0.48559
0.48562
0.48564
0.48567
0.4857
0.48572
0.48575
0.48578
0.4858
0.48583
0.48585
0.48588
0.48591
0.48593
0.48596
0.48598
0.48601
0.48604
0.48606
0.48609
0.48612
0.48614
0.48617
0.48619
0.48622
0.48625
0.48627
0.4863
0.48633
0.48635
0.48638
0.4864
0.48643
0.48646
0.48648
0.48651
0.48654
0.48656
0.48659
0.48661
0.48664
0.48667
0.48669
0.48672
0.48674
0.48677
0.4868
0.48682
0.48685
0.48688
0.4869
0.48693
0.48695
0.48698
0.48701
0.48703
0.48706
0.48709
0.48711
0.48714
0.48716
0.48719
0.48722
0.48724
0.48727
0.4873
0.48732
0.48735
0.48737
0.4874
0.48743
0.48745
0.48748
0.48751
0.48753
0.48756
0.48758
0.48761
0.48764
0.48766
0.48769
0.48772
0.48774
0.48777
0.48779
0.48782
0.48785
0.48787
0.4879
0.48793
0.48795
0.48798
0.488
0.48803
0.48806
0.48808
0.48811
0.48814
0.48816
0.48819
0.48821
0.48824
0.48827
0.48829
0.48832
0.48835
0.48837
0.4884
0.48842
0.48845
0.48848
0.4885
0.48853
0.48856
0.48858
0.48861
0.48863
0.48866
0.48869
0.48871
0.48874
0.48877
0.48879
0.48882
0.48884
0.48887
0.4889
0.48892
0.48895
0.48898
0.489
0.48903
0.48905
0.48908
0.48911
0.48913
0.48916
0.48919
0.48921
0.48924
0.48926
0.48929
0.48932
0.48934
0.48937
0.4894
0.48942
0.48945
0.48947
0.4895
0.48953
0.48955
0.48958
0.48961
0.48963
0.48966
0.48968
0.48971
0.48974
0.48976
0.48979
0.48982
0.48984
0.48987
0.48989
0.48992
0.48995
0.48997
0.49
0.49003
0.49005
0.49008
0.49011
0.49013
0.49016
0.49018
0.49021
0.49024
0.49026
0.49029
0.49032
0.49034
0.49037
0.49039
0.49042
0.49045
0.49047
0.4905
0.49053
0.49055
0.49058
0.4906
0.49063
0.49066
0.49068
0.49071
0.49074
0.49076
0.49079
0.49082
0.49084
0.49087
0.49089
0.49092
0.49095
0.49097
0.491
0.49103
0.49105
0.49108
0.4911
0.49113
0.49116
0.49118
0.49121
0.49124
0.49126
0.49129
0.49132
0.49134
0.49137
0.49139
0.49142
0.49145
0.49147
0.4915
0.49153
0.49155
0.49158
0.4916
0.49163
0.49166
0.49168
0.49171
0.49174
0.49176
0.49179
0.49182
0.49184
0.49187
0.49189
0.49192
0.49195
0.49197
0.492
0.49203
0.49205
0.49208
0.4921
0.49213
0.49216
0.49218
0.49221
0.49224
0.49226
0.49229
0.49232
0.49234
0.49237
0.49239
0.49242
0.49245
0.49247
0.4925
0.49253
0.49255
0.49258
0.49261
0.49263
0.49266
0.49268
0.49271
0.49274
0.49276
0.49279
0.49282
0.49284
0.49287
0.4929
0.49292
0.49295
0.49297
0.493
0.49303
0.49305
0.49308
0.49311
0.49313
0.49316
0.49319
0.49321
0.49324
0.49326
0.49329
0.49332
0.49334
0.49337
0.4934
0.49342
0.49345
0.49348
0.4935
0.49353
0.49355
0.49358
0.49361
0.49363
0.49366
0.49369
0.49371
0.49374
0.49377
0.49379
0.49382
0.49384
0.49387
0.4939
0.49392
0.49395
0.49398
0.494
0.49403
0.49406
0.49408
0.49411
0.49413
0.49416
0.49419
0.49421
0.49424
0.49427
0.49429
0.49432
0.49435
0.49437
0.4944
0.49442
0.49445
0.49448
0.4945
0.49453
0.49456
0.49458
0.49461
0.49464
0.49466
0.49469
0.49472
0.49474
0.49477
0.49479
0.49482
0.49485
0.49487
0.4949
0.49493
0.49495
0.49498
0.49501
0.49503
0.49506
0.49509
0.49511
0.49514
0.49516
0.49519
0.49522
0.49524
0.49527
0.4953
0.49532
0.49535
0.49538
0.4954
0.49543
0.49545
0.49548
0.49551
0.49553
0.49556
0.49559
0.49561
0.49564
0.49567
0.49569
0.49572
0.49575
0.49577
0.4958
0.49582
0.49585
0.49588
0.4959
0.49593
0.49596
0.49598
0.49601
0.49604
0.49606
0.49609
0.49612
0.49614
0.49617
0.49619
0.49622
0.49625
0.49627
0.4963
0.49633
0.49635
0.49638
0.49641
0.49643
0.49646
0.49649
0.49651
0.49654
0.49657
0.49659
0.49662
0.49664
0.49667
0.4967
0.49672
0.49675
0.49678
0.4968
0.49683
0.49686
0.49688
0.49691
0.49694
0.49696
0.49699
0.49701
0.49704
0.49707
0.49709
0.49712
0.49715
0.49717
0.4972
0.49723
0.49725
0.49728
0.49731
0.49733
0.49736
0.49739
0.49741
0.49744
0.49746
0.49749
0.49752
0.49754
0.49757
0.4976
0.49762
0.49765
0.49768
0.4977
0.49773
0.49776
0.49778
0.49781
0.49784
0.49786
0.49789
0.49791
0.49794
0.49797
0.49799
0.49802
0.49805
0.49807
0.4981
0.49813
0.49815
0.49818
0.49821
0.49823
0.49826
0.49829
0.49831
0.49834
0.49837
0.49839
0.49842
0.49844
0.49847
0.4985
0.49852
0.49855
0.49858
0.4986
0.49863
0.49866
0.49868
0.49871
0.49874
0.49876
0.49879
0.49882
0.49884
0.49887
0.4989
0.49892
0.49895
0.49897
0.499
0.49903
0.49905
0.49908
0.49911
0.49913
0.49916
0.49919
0.49921
0.49924
0.49927
0.49929
0.49932
0.49935
0.49937
0.4994
0.49943
0.49945
0.49948
0.49951
0.49953
0.49956
0.49958
0.49961
0.49964
0.49966
0.49969
0.49972
0.49974
0.49977
0.4998
0.49982
0.49985
0.49988
0.4999
0.49993
0.49996
0.49998
0.50001
0.50004
0.50006
0.50009
0.50012
0.50014
0.50017
0.5002
0.50022
0.50025
0.50027
0.5003
0.50033
0.50035
0.50038
0.50041
0.50043
0.50046
0.50049
0.50051
0.50054
0.50057
0.50059
0.50062
0.50065
0.50067
0.5007
0.50073
0.50075
0.50078
0.50081
0.50083
0.50086
0.50089
0.50091
0.50094
0.50097
0.50099
0.50102
0.50105
0.50107
0.5011
0.50112
0.50115
0.50118
0.5012
0.50123
0.50126
0.50128
0.50131
0.50134
0.50136
0.50139
0.50142
0.50144
0.50147
0.5015
0.50152
0.50155
0.50158
0.5016
0.50163
0.50166
0.50168
0.50171
0.50174
0.50176
0.50179
0.50182
0.50184
0.50187
0.5019
0.50192
0.50195
0.50198
0.502
0.50203
0.50206
0.50208
0.50211
0.50214
0.50216
0.50219
0.50222
0.50224
0.50227
0.50229
0.50232
0.50235
0.50237
0.5024
0.50243
0.50245
0.50248
0.50251
0.50253
0.50256
0.50259
0.50261
0.50264
0.50267
0.50269
0.50272
0.50275
0.50277
0.5028
0.50283
0.50285
0.50288
0.50291
0.50293
0.50296
0.50299
0.50301
0.50304
0.50307
0.50309
0.50312
0.50315
0.50317
0.5032
0.50323
0.50325
0.50328
0.50331
0.50333
0.50336
0.50339
0.50341
0.50344
0.50347
0.50349
0.50352
0.50355
0.50357
0.5036
0.50363
0.50365
0.50368
0.50371
0.50373
0.50376
0.50379
0.50381
0.50384
0.50387
0.50389
0.50392
0.50395
0.50397
0.504
0.50403
0.50405
0.50408
0.50411
0.50413
0.50416
0.50419
0.50421
0.50424
0.50427
0.50429
0.50432
0.50435
0.50437
0.5044
0.50443
0.50445
0.50448
0.50451
0.50453
0.50456
0.50459
0.50461
0.50464
0.50467
0.50469
0.50472
0.50475
0.50477
0.5048
0.50483
0.50485
0.50488
0.50491
0.50493
0.50496
0.50499
0.50501
0.50504
0.50507
0.50509
0.50512
0.50515
0.50517
0.5052
0.50523
0.50525
0.50528
0.50531
0.50533
0.50536
0.50539
0.50541
0.50544
0.50547
0.50549
0.50552
0.50555
0.50557
0.5056
0.50563
0.50565
0.50568
0.50571
0.50573
0.50576
0.50579
0.50581
0.50584
0.50587
0.50589
0.50592
0.50595
0.50597
0.506
0.50603
0.50605
0.50608
0.50611
0.50613
0.50616
0.50619
0.50621
0.50624
0.50627
0.50629
0.50632
0.50635
0.50638
0.5064
0.50643
0.50646
0.50648
0.50651
0.50654
0.50656
0.50659
0.50662
0.50664
0.50667
0.5067
0.50672
0.50675
0.50678
0.5068
0.50683
0.50686
0.50688
0.50691
0.50694
0.50696
0.50699
0.50702
0.50704
0.50707
0.5071
0.50712
0.50715
0.50718
0.5072
0.50723
0.50726
0.50728
0.50731
0.50734
0.50736
0.50739
0.50742
0.50744
0.50747
0.5075
0.50753
0.50755
0.50758
0.50761
0.50763
0.50766
0.50769
0.50771
0.50774
0.50777
0.50779
0.50782
0.50785
0.50787
0.5079
0.50793
0.50795
0.50798
0.50801
0.50803
0.50806
0.50809
0.50811
0.50814
0.50817
0.50819
0.50822
0.50825
0.50828
0.5083
0.50833
0.50836
0.50838
0.50841
0.50844
0.50846
0.50849
0.50852
0.50854
0.50857
0.5086
0.50862
0.50865
0.50868
0.5087
0.50873
0.50876
0.50878
0.50881
0.50884
0.50886
0.50889
0.50892
0.50895
0.50897
0.509
0.50903
0.50905
0.50908
0.50911
0.50913
0.50916
0.50919
0.50921
0.50924
0.50927
0.50929
0.50932
0.50935
0.50937
0.5094
0.50943
0.50945
0.50948
0.50951
0.50954
0.50956
0.50959
0.50962
0.50964
0.50967
0.5097
0.50972
0.50975
0.50978
0.5098
0.50983
0.50986
0.50988
0.50991
0.50994
0.50996
0.50999
0.51002
0.51005
0.51007
0.5101
0.51013
0.51015
0.51018
0.51021
0.51023
0.51026
0.51029
0.51031
0.51034
0.51037
0.51039
0.51042
0.51045
0.51047
0.5105
0.51053
0.51056
0.51058
0.51061
0.51064
0.51066
0.51069
0.51072
0.51074
0.51077
0.5108
0.51082
0.51085
0.51088
0.5109
0.51093
0.51096
0.51099
0.51101
0.51104
0.51107
0.51109
0.51112
0.51115
0.51117
0.5112
0.51123
0.51125
0.51128
0.51131
0.51133
0.51136
0.51139
0.51142
0.51144
0.51147
0.5115
0.51152
0.51155
0.51158
0.5116
0.51163
0.51166
0.51168
0.51171
0.51174
0.51177
0.51179
0.51182
0.51185
0.51187
0.5119
0.51193
0.51195
0.51198
0.51201
0.51203
0.51206
0.51209
0.51211
0.51214
0.51217
0.5122
0.51222
0.51225
0.51228
0.5123
0.51233
0.51236
0.51238
0.51241
0.51244
0.51246
0.51249
0.51252
0.51255
0.51257
0.5126
0.51263
0
6.7279e-05
0.00012828
0.00018745
0.00024091
0.00029706
0.0003629
0.00043054
0.00049429
0.00056126
0.00063778
0.00072431
0.00080504
0.00088805
0.00098112
0.0010842
0.0011772
0.0012735
0.001383
0.0014935
