0
0
0.00056017
0.0010498
0.0015154
0.0019676
0.0024156
0.0028664
0.0033276
0.0038082
0.0043191
0.0048731
0.0054851
0.0061731
0.0069589
0.0078708
0.0089482
0.01025
0.011609
0.012974
0.014388
0.015913
0.017651
0.019468
0.021453
0.023803
0.026129
0.028335
0.030496
0.032691
0.035034
0.037457
0.040129
0.043061
0.046001
0.049029
0.051919
0.054764
0.057636
0.060579
0.063776
0.067185
0.070739
0.074717
0.078532
0.082156
0.085679
0.089244
0.092981
0.096759
0.10081
0.10514
0.10954
0.11407
0.11838
0.1226
0.12691
0.13131
0.13602
0.14074
0.14571
0.15105
0.15625
0.16125
0.16617
0.17121
0.17633
0.18154
0.18713
0.19265
0.19835
0.2045
0.21035
0.21607
0.22186
0.22772
0.23376
0.23988
0.24643
0.253
0.25972
0.26637
0.27288
0.27935
0.28601
0.2928
0.29945
0.30623
0.31353
0.32082
0.32751
0.33431
0.34138
0.34884
0.35593
0.36264
0.36957
0.377
0.38435
0.39105
0.39787
0.4045
0.41093
0.41772
0.42431
0.43057
0.4371
0.44427
0.45071
0.45689
0.46285
0.46891
0.47449
0.48005
0.4859
0.49126
0.49663
0.50238
0.50818
0.51356
0.51901
0.52491
0.53069
0.53565
0.54032
0.54495
0.54955
0.55414
0.55892
0.56329
0.56765
0.57226
0.57729
0.58282
0.58791
0.59251
0.59631
0.59975
0.60303
0.60616
0.60926
0.61244
0.61575
0.61922
0.62288
0.62675
0.63047
0.63337
0.63571
0.6378
0.63977
0.64166
0.64352
0.64535
0.64716
0.64894
0.65071
0.65248
0.65419
0.65568
0.65703
0.65829
0.65947
0.66059
0.66167
0.66271
0.66372
0.6647
0.66566
0.6666
0.66752
0.66843
0.66932
0.6702
0.67107
0.67193
0.67277
0.67361
0.67445
0.67527
0.67609
0.6769
0.6777
0.6785
0.67929
0.68008
0.68086
0.68164
0.68241
0.68318
0.68394
0.6847
0.68546
0.68621
0.68696
0.6877
0.68844
0.68918
0.68992
0.69065
0.69138
0.6921
0.69282
0.69354
0.69426
0.69497
0.69569
0.6964
0.6971
0.69781
0.69851
0.69921
0.69991
0.70061
0.7013
0.702
0.70269
0.70338
0.70406
0.70475
0.70544
0.70612
0.7068
0.70748
0.70816
0.70884
0.70952
0.71019
0.71087
0.71154
0.71221
0.71288
0.71355
0.71422
0.71489
0.71556
0.71622
0.71689
0.71756
0.71822
0.71889
0.71955
0.72021
0.72087
0.72154
0.7222
0.72286
0.72352
0.72418
0.72484
0.72549
0.72615
0.72681
0.72747
0.72813
0.72878
0.72944
0.73009
0.73075
0.73141
0.73206
0.73272
0.73337
0.73402
0.73468
0.73533
0.73598
0.73664
0.73729
0.73794
0.73859
0.73925
0.7399
0.74055
0.7412
0.74185
0.7425
0.74315
0.7438
0.74445
0.7451
0.74575
0.7464
0.74705
0.7477
0.74835
0.749
0.74965
0.7503
0.75095
0.75159
0.75224
0.75289
0.75354
0.75419
0.75484
0.75549
0.75613
0.75678
0.75743
0.75808
0.75873
0.75937
0.76002
0.76067
0.76132
0.76197
0.76262
0.76326
0.76391
0.76456
0.76521
0.76586
0.76651
0.76715
0.7678
0.76845
0.7691
0.76975
0.7704
0.77105
0.7717
0.77235
0.773
0.77365
0.7743
0.77495
0.7756
0.77625
0.7769
0.77755
0.7782
0.77885
0.7795
0.78015
0.7808
0.78145
0.78211
0.78276
0.78341
0.78406
0.78471
0.78537
0.78602
0.78667
0.78733
0.78798
0.78863
0.78929
0.78994
0.7906
0.79125
0.79191
0.79256
0.79322
0.79387
0.79453
0.79519
0.79584
0.7965
0.79716
0.79782
0.79847
0.79913
0.79979
0.80045
0.80111
0.80177
0.80243
0.80309
0.80375
0.80441
0.80507
0.80573
0.80639
0.80705
0.80772
0.80838
0.80904
0.80971
0.81037
0.81103
0.8117
0.81236
0.81303
0.81369
0.81436
0.81502
0.81569
0.81636
0.81702
0.81769
0.81836
0.81903
0.8197
0.82036
0.82103
0.8217
0.82237
0.82304
0.82371
0.82439
0.82506
0.82573
0.8264
0.82708
0.82775
0.82842
0.8291
0.82977
0.83045
0.83112
0.8318
0.83247
0.83315
0.83383
0.8345
0.83518
0.83586
0.83654
0.83722
0.8379
0.83858
0.83926
0.83994
0.84062
0.8413
0.84198
0.84267
0.84335
0.84403
0.84472
0.8454
0.84609
0.84677
0.84746
0.84815
0.84883
0.84952
0.85021
0.8509
0.85159
0.85227
0.85296
0.85366
0.85435
0.85504
0.85573
0.85642
0.85711
0.85781
0.8585
0.85919
0.85989
0.86058
0.86127
0.86197
0.86266
0.86336
0.86405
0.86475
0.86545
0.86614
0.86684
0.86754
0.86824
0.86893
0.86963
0.87033
0.87103
0.87173
0.87243
0.87314
0.87384
0.87454
0.87524
0.87595
0.87665
0.87736
0.87806
0.87877
0.87947
0.88018
0.88089
0.88159
0.8823
0.88301
0.88372
0.88443
0.88514
0.88585
0.88657
0.88728
0.88799
0.8887
0.88942
0.89013
0.89085
0.89156
0.89228
0.893
0.89371
0.89443
0.89515
0.89587
0.89659
0.89731
0.89803
0.89875
0.89947
0.90019
0.90092
0.90164
0.90237
0.90309
0.90382
0.90454
0.90527
0.906
0.90672
0.90745
0.90818
0.90891
0.90964
0.91037
0.9111
0.91184
0.91257
0.9133
0.91404
0.91477
0.91551
0.91624
0.91698
0.91771
0.91845
0.91919
0.91993
0.92067
0.92141
0.92215
0.92289
0.92363
0.92438
0.92512
0.92586
0.92661
0.92735
0.9281
0.92885
0.92959
0.93034
0.93109
0.93184
0.93259
0.93334
0.93409
0.93484
0.93559
0.93635
0.9371
0.93786
0.93861
0.93937
0.94012
0.94088
0.94164
0.9424
0.94316
0.94392
0.94468
0.94544
0.9462
0.94696
0.94773
0.94849
0.94925
0.95002
0.95079
0.95155
0.95232
0.95309
0.95386
0.95463
0.9554
0.95617
0.95694
0.95771
0.95849
0.95926
0.96004
0.96081
0.96159
0.96236
0.96314
0.96392
0.9647
0.96548
0.96626
0.96704
0.96782
0.96861
0.96939
0.97018
0.97096
0.97175
0.97253
0.97332
0.97411
0.9749
0.97569
0.97648
0.97727
0.97806
0.97885
0.97965
0.98044
0.98124
0.98203
0.98283
0.98363
0.98443
0.98523
0.98603
0.98683
0.98763
0.98843
0.98923
0.99004
0.99084
0.99165
0.99246
0.99326
0.99407
0.99488
0.99569
0.9965
0.99731
0.99812
0.99894
0.99975
1.0006
