0
0
0.01025
0.021453
0.030496
0.040129
0.051919
0.060579
0.070739
0.082156
0.092981
0.10081
0.11407
0.1226
0.13131
0.14074
0.15105
0.16125
0.17121
0.18154
0.19265
0.2045
0.21035
0.22186
0.23376
0.24643
0.253
0.26637
0.27288
0.28601
0.2928
0.30623
0.31353
0.32082
0.33431
0.34138
0.35593
0.36264
0.377
0.38435
0.39105
0.4045
0.41093
0.42431
0.43057
0.44427
0.45071
0.46285
0.47449
0.48005
0.49126
0.50238
0.51356
0.52491
0.53069
0.54032
0.55414
0.56329
0.57226
0.58282
0.59251
0.60303
0.61244
0.62288
0.63047
0.64166
0.65071
0.66059
0.6702
0.68008
0.69065
0.70061
0.71019
0.72021
0.73009
0.74055
0.7503
0.76002
0.7704
0.78015
0.7906
0.80045
0.81037
0.82036
0.83045
0.84062
0.85021
0.86058
0.87033
0.88018
0.89013
0.90019
0.91037
0.92067
0.93034
0.94012
0.95002
0.96004
0.97018
0.98044
0.99004
1.0006
