0
0
7.2163e-05
0
6.2301e-05
0.00012126
0.00018497
0.00025628
0.00033472
0
6.2301e-05
0.00012126
0.00018497
0.00025628
0.00033472
0
1.5784e-05
2.8166e-05
4.0237e-05
0
6.118e-05
0.0001194
0.00018236
0.00025288
0.0003285
0.00039993
0.00046962
0.00054002
0.00061378
0.000694
0.00078364
0.00088131
0.0009731
0.0010622
0.0011515
0.0012442
0.001344
0.0014548
0.0015791
0.0016961
0.0018085
0.0019199
0.0020338
0.0021546
0.0022867
0.0024341
0.0025817
0.0027215
0.002858
0.0029957
0.0031394
0.0032944
0.003466
0.0036487
0.0038198
0.0039848
0.0041491
0.004318
0.0044977
0.0046945
0.0049126
0.0051185
0.0053146
0.0055073
0.0057026
0.0059074
0.0061291
0.0063736
0.0066164
0.0068447
0.0070657
0.0072868
0.0075151
0.0077589
0.0080256
0.00831
0.0085747
0.0088281
0.0090783
0.0093333
0.009602
0.0098931
0.010206
0.010505
0.010794
0.011074
0.011357
0.011649
0.011963
0.012305
0.012633
0.012955
0.013268
0.013577
0.013893
0.014226
0.014587
0.014947
0.015297
0.015649
0.015992
0.016336
0.016693
0.017075
0.017471
0.017855
0.018238
0.018619
0.018995
0.019378
0.019779
0.020211
0.020631
0.021045
0.021467
0.021879
0.02229
0.022713
0.023162
0.023621
0.024068
0.024518
0.024978
0.025428
0.025881
0.026353
0.026858
0.027347
0.027833
0.028334
0.028831
0.029323
0.029823
0.030349
0.030888
0.031416
0.031951
0.032509
0.033048
0.033585
0.034137
0.034722
0.035297
0.035871
0.036463
0.037062
0.037646
0.038234
0.038844
0.039474
0.040092
0.040719
0.041377
0.042027
0.042667
0.043316
0.043994
0.044674
0.045353
0.046054
0.046789
0.047496
0.048197
0.048913
0.049664
0.050401
0.051148
0.05193
0.052722
0.053491
0.05426
0.055053
0.05586
0.056665
0.057494
0.058374
0.059241
0.060088
0.060941
0.061827
0.062712
0.063608
0.064547
0.065504
0.066452
0.067386
0.068334
0.069315
0.07029
0.07129
0.072348
0.073393
0.074436
0.07547
0.076527
0.077602
0.078686
0.079815
0.080979
0.082133
0.083296
0.084454
0.085643
0.086843
0.088069
0.089358
0.090633
0.091926
0.093233
0.09454
0.095887
0.097241
0.09864
0.10006
0.10149
0.10298
0.10445
0.10593
0.10745
0.10898
0.11058
0.11219
0.11384
0.11552
0.11719
0.1188
0.1204
0.12203
0.12368
0.12534
0.12704
0.12875
0.1304
0.13203
0.13366
0.13531
0.13697
0.13867
0.14038
0.1421
0.14375
0.14539
0.14704
0.14871
0.1504
0.15212
0.15385
0.15555
0.15721
0.15886
0.16053
0.16223
0.16394
0.16566
0.16741
0.16911
0.17077
0.17244
0.17413
0.17583
0.17757
0.17931
0.18106
0.18275
0.18442
0.18612
0.18782
0.18954
0.19128
0.19303
0.19478
0.19647
0.19816
0.19986
0.20159
0.20332
0.20508
0.20685
0.20858
0.21029
0.21199
0.21371
0.21545
0.2172
0.21897
0.22075
0.22249
0.2242
0.22592
0.22766
0.22941
0.23118
0.23295
0.23475
0.23649
0.23822
0.23997
0.24172
0.24349
0.24528
0.24708
0.24888
0.25063
0.25239
0.25415
0.25592
0.25771
0.25951
0.26132
0.26314
0.26491
0.26669
0.26847
0.27027
0.27208
0.27389
0.27573
0.27756
0.27936
0.28117
0.28298
0.28481
0.28663
0.28848
0.29032
0.29216
0.294
0.29584
0.29769
0.29954
0.3014
0.30327
0.30514
0.30702
0.3089
0.31078
0.31267
0.31455
0.31645
0.31833
0.32022
0.32212
0.32401
0.32591
0.32781
0.32971
0.33163
0.33354
0.33545
0.33736
0.33927
0.34118
0.34308
0.34501
0.34693
0.34884
0.35074
0.35264
0.35457
0.3565
0.35842
0.36032
0.3622
0.36403
0.36585
0.36759
0.36937
0.37109
0.37284
0.37452
0.37615
0.37775
0.3793
0.38086
0.38236
0.3839
0.38537
0.38686
0.38832
0.38974
0.39111
0.39246
0.39378
0.39508
0.39636
0.39764
0.39888
0.40012
0.40138
0.40261
0.4038
0.40496
0.4061
0.4072
0.40828
0.40934
0.41041
0.41145
0.41248
0.41355
0.41457
0.41559
0.41664
0.41764
0.4186
0.41953
0.42044
0.42132
0.4222
0.42306
0.42391
0.42477
0.42561
0.42644
0.42728
0.42811
0.42892
0.42974
0.43058
0.4314
0.43218
0.43292
0.43364
0.43435
0.43504
0.43572
0.43638
0.43705
0.43772
0.43837
0.43902
0.43968
0.44036
0.44101
0.44165
0.44231
0.44298
0.44368
0.44431
0.44491
0.44547
0.44601
0.44654
0.44706
0.44757
0.44808
0.44858
0.44907
0.44957
0.45006
0.45057
0.45108
0.45158
0.45207
0.45257
0.45307
0.4536
0.45413
0.45465
0.45511
0.45554
0.45594
0.45633
0.4567
0.45707
0.45743
0.45778
0.45813
0.45848
0.45883
0.45918
0.45954
0.45988
0.46023
0.46058
0.46093
0.46128
0.46165
0.46202
0.46238
0.46274
0.46308
0.4634
0.46369
0.46397
0.46423
0.46447
0.46472
0.46495
0.46519
0.46541
0.46563
0.46584
0.46605
0.46626
0.46647
0.46667
0.46688
0.46708
0.46729
0.4675
0.4677
0.46791
0.46811
0.46832
0.46852
0.46872
0.46892
0.46912
0.46932
0.46952
0.46969
0.46985
0.47
0.47015
0.47029
0.47042
0.47055
0.47068
0.4708
0.47091
0.47102
0.47113
0.47123
0.47133
0.47142
0.47152
0.47161
0.4717
0.4718
0.47189
0.47198
0.47206
0.47215
0.47223
0.47231
0.47239
0.47247
0.47254
0.47262
0.47269
0.47277
0.47284
0.47291
0.47298
0.47306
0.47313
0.4732
0.47327
0.47334
0.47341
0.47348
0.47354
0.47361
0.47368
0.47375
0.47382
0.47388
0.47395
0.47402
0.47408
0.47415
0.47422
0.47428
0.47435
0.47441
0.47448
0.47454
0.47461
0.47467
0.47474
0.4748
0.47487
0.47493
0.475
0.47506
0.47512
0.47519
0.47525
0.47531
0.47538
0.47544
0.4755
0.47557
0.47563
0.47569
0.47575
0.47582
0.47588
0.47594
0.476
0.47606
0.47613
0.47619
0.47625
0.47631
0.47637
0.47643
0.47649
0.47656
0.47662
0.47668
0.47674
0.4768
0.47686
0.47692
0.47698
0.47704
0.4771
0.47716
0.47722
0.47728
0.47734
0.4774
0.47746
0.47752
0.47758
0.47764
0.4777
0.47776
0.47782
0.47788
0.47794
0.478
0.47806
0.47811
0.47817
0.47823
0.47829
0.47835
0.47841
0.47847
0.47853
0.47858
0.47864
0.4787
0.47876
0.47882
0.47888
0.47893
0.47899
0.47905
0.47911
0.47917
0.47922
0.47928
0.47934
0.4794
0.47946
0.47951
0.47957
0.47963
0.47969
0.47974
0.4798
0.47986
0.47992
0.47997
0.48003
0.48009
0.48015
0.4802
0.48026
0.48032
0.48038
0.48043
0.48049
0.48055
0.4806
0.48066
0.48072
0.48077
0.48083
0.48089
0.48095
0.481
0.48106
0.48112
0.48117
0.48123
0.48129
0.48134
0.4814
0.48146
0.48151
0.48157
0.48163
0.48168
0.48174
0.4818
0.48185
0.48191
0.48197
0.48202
0.48208
0.48213
0.48219
0.48225
0.4823
0.48236
0.48242
0.48247
0.48253
0.48259
0.48264
0.4827
0.48275
0.48281
0.48287
0.48292
0.48298
0.48303
0.48309
0.48315
0.4832
0.48326
0.48331
0.48337
0.48343
0.48348
0.48354
0.48359
0.48365
0.48371
0.48376
0.48382
0.48387
0.48393
0.48398
0.48404
0.4841
0.48415
0.48421
0.48426
0.48432
0.48437
0.48443
0.48449
0.48454
0.4846
0.48465
0.48471
0.48476
0.48482
0.48487
0.48493
0.48499
0.48504
0.4851
0.48515
0.48521
0.48526
0.48532
0.48537
0.48543
0.48548
0.48554
0.48559
0.48565
0.48571
0.48576
0.48582
0.48587
0.48593
0.48598
0.48604
0.48609
0.48615
0.4862
0.48626
0.48631
0.48637
0.48642
0.48648
0.48653
0.48659
0.48664
0.4867
0.48675
0.48681
0.48686
0.48692
0.48697
0.48703
0.48708
0.48714
0.48719
0.48725
0.4873
0.48736
0.48741
0.48747
0.48752
0.48758
0.48763
0.48769
0.48774
0.4878
0.48785
0.48791
0.48796
0.48802
0.48807
0.48813
0.48818
0.48824
0.48829
0.48835
0.4884
0.48846
0.48851
0.48857
0.48862
0.48868
0.48873
0.48879
0.48884
0.4889
0.48895
0.48901
0.48906
0.48911
0.48917
0.48922
0.48928
0.48933
0.48939
0.48944
0.4895
0.48955
0.48961
0.48966
0.48972
0.48977
0.48983
0.48988
0.48993
0.48999
0.49004
0.4901
0.49015
0.49021
0.49026
0.49032
0.49037
0.49043
0.49048
0.49054
0.49059
0.49064
0.4907
0.49075
0.49081
0.49086
0.49092
0.49097
0.49103
0.49108
0.49114
0.49119
0.49124
0.4913
0.49135
0.49141
0.49146
0.49152
0.49157
0.49163
0.49168
0.49174
0.49179
0.49184
0.4919
0.49195
0.49201
0.49206
0.49212
0.49217
0.49223
0.49228
0.49233
0.49239
0.49244
0.4925
0.49255
0.49261
0.49266
0.49272
0.49277
0.49282
0.49288
0.49293
0.49299
0.49304
0.4931
0.49315
0.49321
0.49326
0.49331
0.49337
0.49342
0.49348
0.49353
0.49359
0.49364
0.49369
0.49375
0.4938
0.49386
0.49391
0.49397
0.49402
0.49408
0.49413
0.49418
0.49424
0.49429
0.49435
0.4944
0.49446
0.49451
0.49456
0.49462
0.49467
0.49473
0.49478
0.49484
0.49489
0.49495
0.495
0.49505
0.49511
0.49516
0.49522
0.49527
0.49533
0.49538
0.49543
0.49549
0.49554
0.4956
0.49565
0.49571
0.49576
0.49581
0.49587
0.49592
0.49598
0.49603
0.49609
0.49614
0.4962
0.49625
0.4963
0.49636
0.49641
0.49647
0.49652
0.49658
0.49663
0.49668
0.49674
0.49679
0.49685
0.4969
0.49696
0.49701
0.49706
0.49712
0.49717
0.49723
0.49728
0.49734
0.49739
0.49744
0.4975
0.49755
0.49761
0.49766
0.49772
0.49777
0.49782
0.49788
0.49793
0.49799
0.49804
0.4981
0.49815
0.4982
0.49826
0.49831
0.49837
0.49842
0.49848
0.49853
0.49858
0.49864
0.49869
0.49875
0.4988
0.49886
0.49891
0.49896
0.49902
0.49907
0.49913
0.49918
0.49924
0.49929
0.49934
0.4994
0.49945
0.49951
0.49956
0.49962
0.49967
0.49973
0.49978
0.49983
0.49989
0.49994
0.5
0.50005
0.50011
0.50016
0.50021
0.50027
0.50032
0.50038
0.50043
0.50049
0.50054
0.50059
0.50065
0.5007
0.50076
0.50081
0.50087
0.50092
0.50097
0.50103
0.50108
0.50114
0.50119
0.50125
0.5013
0.50136
0.50141
0.50146
0.50152
0.50157
0.50163
0.50168
0.50174
0.50179
0.50184
0.5019
0.50195
0.50201
0.50206
0.50212
0.50217
0.50222
0.50228
0.50233
0.50239
0.50244
0.5025
0.50255
0.50261
0.50266
0.50271
0.50277
0.50282
0.50288
0.50293
0.50299
0.50304
0.5031
0.50315
0.5032
0.50326
0.50331
0.50337
0.50342
0.50348
0.50353
0.50358
0.50364
0.50369
0.50375
0.5038
0.50386
0.50391
0.50397
0.50402
0.50407
0.50413
0.50418
0.50424
0.50429
0.50435
0.5044
0.50446
0.50451
0.50456
0.50462
0.50467
0.50473
0.50478
0.50484
0.50489
0.50495
0.505
0.50505
0.50511
0.50516
0.50522
0.50527
0.50533
0.50538
0.50544
0.50549
0.50555
0.5056
0.50565
0.50571
0.50576
0.50582
0.50587
0.50593
0.50598
0.50604
0.50609
0.50614
0.5062
0.50625
0.50631
0.50636
0.50642
0.50647
0.50653
0.50658
0.50664
0.50669
0.50674
0.5068
0.50685
0.50691
0.50696
0.50702
0.50707
0.50713
0.50718
0.50724
0.50729
0.50735
0.5074
0.50745
0.50751
0.50756
0.50762
0.50767
0.50773
0.50778
0.50784
0.50789
0.50795
0.508
0.50806
0.50811
0.50816
0.50822
0.50827
0.50833
0.50838
0.50844
0.50849
0.50855
0.5086
0.50866
0.50871
0.50877
0.50882
0.50888
0.50893
0.50898
0.50904
0.50909
0.50915
0.5092
0.50926
0.50931
0.50937
0.50942
0.50948
0.50953
0.50959
0.50964
0.5097
0.50975
0.50981
0.50986
0.50991
0.50997
0.51002
0.51008
0.51013
0.51019
0.51024
0.5103
0.51035
0.51041
0.51046
0.51052
0.51057
0.51063
0.51068
0.51074
0.51079
0.51085
0.5109
0.51096
0.51101
0.51107
0.51112
0.51118
0.51123
0.51128
0.51134
0.51139
0.51145
0.5115
0.51156
0.51161
0.51167
0.51172
0.51178
0.51183
0.51189
0.51194
0.512
0.51205
0.51211
0.51216
0.51222
0.51227
0.51233
0.51238
0.51244
0.51249
0.51255
0.5126
0.51266
0.51271
0.51277
0.51282
0.51288
0.51293
0.51299
0.51304
0.5131
0.51315
0.51321
0.51326
0.51332
0.51337
0.51343
0.51348
0.51354
0.51359
0.51365
0.5137
0.51376
0.51381
0.51387
0.51392
0.51398
0.51403
0.51409
0.51414
0.5142
0.51425
0.51431
0.51436
0.51442
0.51447
0.51453
0.51458
0.51464
0.51469
0.51475
0.5148
0.51486
0.51491
0.51497
0.51502
0.51508
0.51513
0.51519
0.51524
0.5153
0.51535
0.51541
0.51546
0.51552
0.51557
0.51563
0.51568
0.51574
0.51579
0.51585
0.5159
0.51596
0.51601
0.51607
0.51612
0.51618
0.51623
0.51629
0.51635
0.5164
0.51646
0.51651
0.51657
0.51662
0.51668
0.51673
0.51679
0.51684
0.5169
0.51695
0.51701
0.51706
0.51712
0.51717
0.51723
0.51728
0.51734
0.5174
0.51745
0.51751
0.51756
0.51762
0.51767
0.51773
0.51778
0.51784
0.51789
0.51795
0.518
0.51806
0.51811
0.51817
0.51822
0.51828
0.51834
0.51839
0.51845
0.5185
0.51856
0.51861
0.51867
0.51872
0.51878
0.51883
0.51889
0.51894
0.519
0.51906
0.51911
0.51917
0.51922
0.51928
0.51933
0.51939
0.51944
0.5195
0.51955
0.51961
0.51967
0.51972
0.51978
0.51983
0.51989
0.51994
0.52
0.52005
0.52011
0.52017
0.52022
0.52028
0.52033
0.52039
0.52044
0.5205
0.52055
0.52061
0.52066
0.52072
0.52078
0.52083
0.52089
0.52094
0.521
0.52105
0.52111
0.52117
0.52122
0.52128
0.52133
0.52139
0.52144
0.5215
0.52155
0.52161
0.52167
0.52172
0.52178
0.52183
0.52189
0.52194
0.522
0.52206
0.52211
0.52217
0.52222
0.52228
0.52233
0.52239
0.52245
0.5225
0.52256
0.52261
0.52267
0.52272
0.52278
0.52284
0.52289
0.52295
0.523
0.52306
0.52311
0.52317
0.52323
0.52328
0.52334
0.52339
0.52345
0.5235
0.52356
0.52362
0.52367
0.52373
0.52378
0.52384
0.5239
0.52395
0.52401
0.52406
0.52412
0.52417
0.52423
0.52429
0.52434
0.5244
0.52445
0.52451
0.52457
0.52462
0.52468
0.52473
0.52479
0.52485
0.5249
0.52496
0.52501
0.52507
0.52513
0.52518
0.52524
0.52529
0.52535
0.52541
0.52546
0.52552
0.52557
0.52563
0.52569
0.52574
0.5258
0.52585
0.52591
0.52597
0.52602
0.52608
0.52613
0.52619
0.52625
0.5263
0.52636
0.52641
0.52647
0.52653
0.52658
0.52664
0.5267
0.52675
0.52681
0.52686
0.52692
0.52698
0.52703
0.52709
0.52714
0.5272
0.52726
0.52731
0.52737
0.52743
0.52748
0.52754
0.52759
0.52765
0.52771
0.52776
0.52782
0.52788
0.52793
0.52799
0.52804
0.5281
0.52816
0.52821
0.52827
0.52833
0.52838
0.52844
0.5285
0.52855
0.52861
0.52866
0.52872
0.52878
0.52883
0.52889
0.52895
0.529
0.52906
0.52912
0.52917
0.52923
0.52928
0.52934
0.5294
0.52945
0.52951
0.52957
0.52962
0.52968
0.52974
0.52979
0.52985
0.52991
0.52996
0.53002
0.53008
0.53013
0.53019
0.53024
0.5303
0.53036
0.53041
0.53047
0.53053
0.53058
0.53064
0.5307
0.53075
0.53081
0.53087
0.53092
0.53098
0.53104
0.53109
0.53115
0.53121
0.53126
0.53132
0.53138
0.53143
0.53149
0.53155
0.5316
0.53166
0.53172
0.53177
0.53183
0.53189
0.53194
0.532
0.53206
0.53211
0.53217
0.53223
0.53228
0.53234
0.5324
0.53245
0.53251
0.53257
0.53262
0.53268
0.53274
0.53279
0.53285
0.53291
0.53297
0.53302
0.53308
0.53314
0.53319
0.53325
0.53331
0.53336
0.53342
0.53348
0.53353
0.53359
0.53365
0.5337
0.53376
0.53382
0.53388
0.53393
0.53399
0.53405
0.5341
0.53416
0.53422
0.53427
0.53433
0.53439
0.53445
0.5345
0.53456
0.53462
0.53467
0.53473
0.53479
0.53484
0.5349
0.53496
0.53502
0.53507
0.53513
0.53519
0.53524
0.5353
0.53536
0.53542
0.53547
0.53553
0.53559
0.53564
0.5357
0.53576
0.53582
0.53587
0.53593
0.53599
0.53604
0.5361
0.53616
0.53622
0.53627
0.53633
0.53639
0.53644
0.5365
0.53656
0.53662
0.53667
0.53673
0.53679
0.53685
0.5369
0.53696
0.53702
0.53707
0.53713
0.53719
0.53725
0.5373
0.53736
0.53742
0.53748
0.53753
0.53759
0.53765
0.53771
0.53776
0.53782
0.53788
0.53794
0.53799
0.53805
0.53811
0.53817
0.53822
0.53828
0.53834
0.53839
0.53845
0.53851
0.53857
0.53862
0.53868
0.53874
0.5388
0.53886
0.53891
0.53897
0.53903
0.53909
0.53914
0.5392
0.53926
0.53932
0.53937
0.53943
0.53949
0.53955
0.5396
0.53966
0.53972
0.53978
0.53983
0.53989
0.53995
0.54001
0.54006
0.54012
0.54018
0.54024
0.5403
0.54035
0.54041
0.54047
0.54053
0.54058
0.54064
0.5407
0.54076
0.54082
0.54087
0.54093
0.54099
0.54105
0.5411
0.54116
0.54122
0.54128
0.54134
0.54139
0.54145
0.54151
0.54157
0.54162
0.54168
0.54174
0.5418
0.54186
0.54191
0.54197
0.54203
0.54209
0.54215
0.5422
0.54226
0.54232
0.54238
0.54244
0.54249
0.54255
0.54261
0.54267
0.54273
0.54278
0.54284
0.5429
0.54296
0.54302
0.54307
0.54313
0.54319
0.54325
0.54331
0.54336
0.54342
0.54348
0.54354
0.5436
0.54365
0.54371
0.54377
0.54383
0.54389
0.54394
0.544
0.54406
0.54412
0.54418
0.54424
0.54429
0.54435
0.54441
0.54447
0.54453
0.54458
0.54464
0.5447
0.54476
0.54482
0.54488
0.54493
0.54499
0.54505
0.54511
0.54517
0.54523
0.54528
0.54534
0.5454
0.54546
0.54552
0.54557
0.54563
0.54569
0.54575
0.54581
0.54587
0.54593
0.54598
0.54604
0.5461
0.54616
0.54622
0.54628
0.54633
0.54639
0.54645
0.54651
0.54657
0.54663
0.54668
0.54674
0.5468
0.54686
0.54692
0.54698
0.54704
0.54709
0.54715
0.54721
0.54727
0.54733
0.54739
0.54745
0.5475
0.54756
0.54762
0.54768
0.54774
0.5478
0.54786
0.54791
0.54797
0.54803
0.54809
0.54815
0.54821
0.54827
0.54833
0.54838
0.54844
0.5485
0.54856
0.54862
0.54868
0.54874
0.54879
0.54885
0.54891
0.54897
0.54903
0.54909
0.54915
0.54921
0.54927
0.54932
0.54938
0.54944
0.5495
0.54956
0.54962
0.54968
0.54974
0.54979
0.54985
0.54991
0.54997
0.55003
0.55009
0.55015
0.55021
0.55027
0.55033
0.55038
0.55044
0.5505
0.55056
0.55062
0.55068
0.55074
0.5508
0.55086
0.55092
0.55097
0.55103
0.55109
0.55115
0.55121
0.55127
0.55133
0.55139
0.55145
0.55151
0.55156
0.55162
0.55168
0.55174
0.5518
0.55186
0.55192
0.55198
0.55204
0.5521
0.55216
0.55222
0.55227
0.55233
0.55239
0.55245
0.55251
0.55257
0.55263
0.55269
0.55275
0.55281
0.55287
0.55293
0.55299
0.55305
0.5531
0.55316
0.55322
0.55328
0.55334
0.5534
0.55346
0.55352
0.55358
0.55364
0.5537
0.55376
0.55382
0.55388
0.55394
0.55399
0.55405
0.55411
0.55417
0.55423
0.55429
0.55435
0.55441
0.55447
0.55453
0.55459
0.55465
0.55471
0.55477
0.55483
0.55489
0.55495
0.55501
0.55507
0.55512
0.55518
0.55524
0.5553
0.55536
0.55542
0.55548
0.55554
0.5556
0.55566
0.55572
0.55578
0.55584
0.5559
0.55596
0.55602
0.55608
0.55614
0.5562
0.55626
0.55632
0.55638
0.55644
0.5565
0.55656
0.55662
0.55668
0.55674
0.55679
0.55685
0.55691
0.55697
0.55703
0.55709
0.55715
0.55721
0.55727
0.55733
0.55739
0.55745
0.55751
0.55757
0.55763
0.55769
0.55775
0.55781
0.55787
0.55793
0.55799
0.55805
0.55811
0.55817
0.55823
0.55829
0.55835
0.55841
0.55847
0.55853
0.55859
0.55865
0.55871
0.55877
0.55883
0.55889
0.55895
0.55901
0.55907
0.55913
0.55919
0.55925
0.55931
0.55937
0.55943
0.55949
0.55955
0.55961
0.55967
0.55973
0.55979
0.55985
0.55991
0.55997
0.56003
0.56009
0.56015
0.56021
0.56027
0.56033
0.56039
0.56045
0.56051
0.56057
0.56063
0.56069
0.56075
0.56081
0.56087
0.56093
0.56099
0.56105
0.56111
0.56117
0.56123
0.56129
0.56135
0.56141
0.56147
0.56153
0.56159
0.56165
0.56172
0.56178
0.56184
0.5619
0.56196
0.56202
0.56208
0.56214
0.5622
0.56226
0.56232
0.56238
0.56244
0.5625
0.56256
0.56262
0.56268
0.56274
0.5628
0.56286
0.56292
0.56298
0.56304
0.5631
0.56316
0.56322
0.56328
0.56335
0.56341
0.56347
0.56353
0.56359
0.56365
0.56371
0.56377
0.56383
0.56389
0.56395
0.56401
0.56407
0.56413
0.56419
0.56425
0.56431
0.56438
0.56444
0.5645
0.56456
0.56462
0.56468
0.56474
0.5648
0.56486
0.56492
0.56498
0.56504
0.5651
0.56516
0.56522
0.56529
0.56535
0.56541
0.56547
0.56553
0.56559
0.56565
0.56571
0.56577
0.56583
0.56589
0.56595
0.56602
0.56608
0.56614
0.5662
0.56626
0.56632
0.56638
0.56644
0.5665
0.56656
0.56662
0.56669
0.56675
0.56681
0.56687
0.56693
0.56699
0.56705
0.56711
0.56717
0.56723
0.5673
0.56736
0.56742
0.56748
0.56754
0.5676
0.56766
0.56772
0.56778
0.56785
0.56791
0.56797
0.56803
0.56809
0.56815
0.56821
0.56827
0.56833
0.5684
0.56846
0.56852
0.56858
0.56864
0.5687
0.56876
0.56882
0.56889
0.56895
0.56901
0.56907
0.56913
0.56919
0.56925
0.56931
0.56938
0.56944
0.5695
0.56956
0.56962
0.56968
0.56974
0.56981
0.56987
0.56993
0.56999
0.57005
0.57011
0.57017
0.57024
0.5703
0.57036
0.57042
0.57048
0.57054
0.5706
0.57067
0.57073
0.57079
0.57085
0.57091
0.57097
0.57104
0.5711
0.57116
0.57122
0.57128
0.57134
0.57141
0.57147
0.57153
0.57159
0.57165
0.57171
0.57178
0.57184
0.5719
0.57196
0.57202
0.57208
0.57215
0.57221
0.57227
0.57233
0.57239
0.57245
0.57252
0.57258
0.57264
0.5727
0.57276
0.57283
0.57289
0.57295
0.57301
0.57307
0.57313
0.5732
0.57326
0.57332
0.57338
0.57344
0.57351
0.57357
0.57363
0.57369
0.57375
0.57382
0.57388
0.57394
0.574
0.57406
0.57413
0.57419
0.57425
0.57431
0.57437
0.57444
0.5745
0.57456
0.57462
0.57468
0.57475
0.57481
0.57487
0.57493
0.57499
0.57506
0.57512
0.57518
0.57524
0.5753
0.57537
0.57543
0.57549
0.57555
0.57562
0.57568
0.57574
0.5758
0.57586
0.57593
0.57599
0.57605
0.57611
0.57618
0.57624
0.5763
0.57636
0.57642
0.57649
0.57655
0.57661
0.57667
0.57674
0.5768
0.57686
0.57692
0.57699
0.57705
0.57711
0.57717
0.57723
0.5773
0.57736
0.57742
0.57748
0.57755
0.57761
0.57767
0.57773
0.5778
0.57786
0.57792
0.57798
0.57805
0.57811
0.57817
0.57823
0.5783
0.57836
0.57842
0.57848
0.57855
0.57861
0.57867
0.57873
0.5788
0.57886
0.57892
0.57899
0.57905
0.57911
0.57917
0.57924
0.5793
0.57936
0.57942
0.57949
0.57955
0.57961
0.57968
0.57974
0.5798
0.57986
0.57993
0.57999
0.58005
0.58011
0.58018
0.58024
0.5803
0.58037
0.58043
0.58049
0.58055
0.58062
0.58068
0.58074
0.58081
0.58087
0.58093
0.58099
0.58106
0.58112
0.58118
0.58125
0.58131
0.58137
0.58144
0.5815
0.58156
0.58162
0.58169
0.58175
0.58181
0.58188
0.58194
0.582
0.58207
0.58213
0.58219
0.58226
0.58232
0.58238
0.58244
0.58251
0.58257
0.58263
0.5827
0.58276
0.58282
0.58289
0.58295
0.58301
0.58308
0.58314
0.5832
0.58327
0.58333
0.58339
0.58346
0.58352
0.58358
0.58365
0.58371
0.58377
0.58384
0.5839
0.58396
0.58403
0.58409
0.58415
0.58422
0.58428
0.58434
0.58441
0.58447
0.58453
0.5846
0.58466
0.58472
0.58479
0.58485
0.58491
0.58498
0.58504
0.5851
0.58517
0.58523
0.58529
0.58536
0.58542
0.58548
0.58555
0.58561
0.58568
0.58574
0.5858
0.58587
0.58593
0.58599
0.58606
0.58612
0.58618
0.58625
0.58631
0.58638
0.58644
0.5865
0.58657
0.58663
0.58669
0.58676
0.58682
0.58688
0.58695
0.58701
0.58708
0.58714
0.5872
0.58727
0.58733
0.5874
0.58746
0.58752
0.58759
0.58765
0.58771
0.58778
0.58784
0.58791
0.58797
0.58803
0.5881
0.58816
0.58823
0.58829
0.58835
0.58842
0.58848
0.58855
0.58861
0.58867
0.58874
0.5888
0.58887
0.58893
0.58899
0.58906
0.58912
0.58919
0.58925
0.58931
0.58938
0.58944
0.58951
0.58957
0.58964
0.5897
0.58976
0.58983
0.58989
0.58996
0.59002
0.59009
0.59015
0.59021
0.59028
0.59034
0.59041
0.59047
0.59054
0.5906
0.59066
0.59073
0.59079
0.59086
0.59092
0.59099
0.59105
0.59111
0.59118
0.59124
0.59131
0.59137
0.59144
0.5915
0.59157
0.59163
0.59169
0.59176
0.59182
0.59189
0.59195
0.59202
0.59208
0.59215
0.59221
0.59228
0.59234
0.59241
0.59247
0.59253
0.5926
0.59266
0.59273
0.59279
0.59286
0.59292
0.59299
0.59305
0.59312
0.59318
0.59325
0.59331
0.59338
0.59344
0.59351
0.59357
0.59363
0.5937
0.59376
0.59383
0.59389
0.59396
0.59402
0.59409
0.59415
0.59422
0.59428
0.59435
0.59441
0.59448
0.59454
0.59461
0.59467
0.59474
0.5948
0.59487
0.59493
0.595
0.59506
0.59513
0.59519
0.59526
0.59532
0.59539
0.59545
0.59552
0.59558
0.59565
0.59571
0.59578
0.59584
0.59591
0.59597
0.59604
0.5961
0.59617
0.59624
0.5963
0.59637
0.59643
0.5965
0.59656
0.59663
0.59669
0.59676
0.59682
0.59689
0.59695
0.59702
0.59708
0.59715
0.59721
0.59728
0.59735
0.59741
0.59748
0.59754
0.59761
0.59767
0.59774
0.5978
0.59787
0.59793
0.598
0.59807
0.59813
0.5982
0.59826
0.59833
0.59839
0.59846
0.59852
0.59859
0.59865
0.59872
0.59879
0.59885
0.59892
0.59898
0.59905
0.59911
0.59918
0.59925
0.59931
0.59938
0.59944
0.59951
0.59957
0.59964
0.59971
0.59977
0.59984
0.5999
0.59997
0.60003
0.6001
0.60017
0.60023
0.6003
0.60036
0.60043
0.60049
0.60056
0.60063
0.60069
0.60076
0.60082
0.60089
0.60096
0.60102
0.60109
0.60115
0.60122
0.60129
0.60135
0.60142
0.60148
0.60155
0.60162
0.60168
0.60175
0.60181
0.60188
0.60195
0.60201
0.60208
0.60214
0.60221
0.60228
0.60234
0.60241
0.60247
0.60254
0.60261
0.60267
0.60274
0.60281
0.60287
0.60294
0.603
0.60307
0.60314
0.6032
0.60327
0.60334
0.6034
0.60347
0.60353
0.6036
0.60367
0.60373
0.6038
0.60387
0.60393
0.604
0.60406
0.60413
0.6042
0.60426
0.60433
0.6044
0.60446
0.60453
0.6046
0.60466
0.60473
0.6048
0.60486
0.60493
0.60499
0.60506
0.60513
0.60519
0.60526
0.60533
0.60539
0.60546
0.60553
0.60559
0.60566
0.60573
0.60579
0.60586
0.60593
0.60599
0.60606
0.60613
0.60619
0.60626
0.60633
0.60639
0.60646
0.60653
0.60659
0.60666
0.60673
0.60679
0.60686
0.60693
0.60699
0.60706
0.60713
0.60719
0.60726
0.60733
0.6074
0.60746
0.60753
0.6076
0.60766
0.60773
0.6078
0.60786
0.60793
0.608
0.60806
0.60813
0.6082
0.60827
0.60833
0.6084
0.60847
0.60853
0.6086
0.60867
0.60873
0.6088
0.60887
0.60894
0.609
0.60907
0.60914
0.6092
0.60927
0.60934
0.60941
0.60947
0.60954
0.60961
0.60967
0.60974
0.60981
0.60988
0.60994
0.61001
0.61008
0.61015
0.61021
0.61028
0.61035
0.61041
0.61048
0.61055
0.61062
0.61068
0.61075
0.61082
0.61089
0.61095
0.61102
0.61109
0.61116
0.61122
0.61129
0.61136
0.61142
0.61149
0.61156
0.61163
0.61169
0.61176
0.61183
0.6119
0.61196
0.61203
0.6121
0.61217
0.61223
0.6123
0.61237
0.61244
0.61251
0.61257
0.61264
0.61271
0.61278
0.61284
0.61291
0.61298
0.61305
0.61311
0.61318
0.61325
0.61332
0.61338
0.61345
0.61352
0.61359
0.61366
0.61372
0.61379
0.61386
0.61393
0.61399
0.61406
0.61413
0.6142
0.61427
0.61433
0.6144
0.61447
0.61454
0.61461
0.61467
0.61474
0.61481
0.61488
0.61495
0.61501
0.61508
0.61515
0.61522
0.61528
0.61535
0.61542
0.61549
0.61556
0.61563
0.61569
0.61576
0.61583
0.6159
0.61597
0.61603
0.6161
0.61617
0.61624
0.61631
0.61637
0.61644
0.61651
0.61658
0.61665
0.61671
0.61678
0.61685
0.61692
0.61699
0.61706
0.61712
0.61719
0.61726
0.61733
0.6174
0.61747
0.61753
0.6176
0.61767
0.61774
0.61781
0.61788
0.61794
0.61801
0.61808
0.61815
0.61822
0.61829
0.61835
0.61842
0.61849
0.61856
0.61863
0.6187
0.61877
0.61883
0.6189
0.61897
0.61904
0.61911
0.61918
0.61925
0.61931
0.61938
0.61945
0.61952
0.61959
0.61966
0.61973
0.61979
0.61986
0.61993
0.62
0.62007
0.62014
0.62021
0.62028
0.62034
0.62041
0.62048
0.62055
0.62062
0.62069
0.62076
0.62083
0.62089
0.62096
0.62103
0.6211
0.62117
0.62124
0.62131
0.62138
0.62145
0.62151
0.62158
0.62165
0.62172
0.62179
0.62186
0.62193
0.622
0.62207
0.62214
0.6222
0.62227
0.62234
0.62241
0.62248
0.62255
0.62262
0.62269
0.62276
0.62283
0.6229
0.62296
0.62303
0.6231
0.62317
0.62324
0.62331
0.62338
0.62345
0.62352
0.62359
0.62366
0.62373
0.6238
0.62386
0.62393
0.624
0.62407
0.62414
0.62421
0.62428
0.62435
0.62442
0.62449
0.62456
0.62463
0.6247
0.62477
0.62484
0.6249
0.62497
0.62504
0.62511
0.62518
0.62525
0.62532
0.62539
0.62546
0.62553
0.6256
0.62567
0.62574
0.62581
0.62588
0.62595
0.62602
0.62609
0.62616
0.62623
0.6263
0.62636
0.62643
0.6265
0.62657
0.62664
0.62671
0.62678
0.62685
0.62692
0.62699
0.62706
0.62713
0.6272
0.62727
0.62734
0.62741
0.62748
0.62755
0.62762
0.62769
0.62776
0.62783
0.6279
0.62797
0.62804
0.62811
0.62818
0.62825
0.62832
0.62839
0.62846
0.62853
0.6286
0.62867
0.62874
0.62881
0.62888
0.62895
0.62902
0.62909
0.62916
0.62923
0.6293
0.62937
0.62944
0.62951
0.62958
0.62965
0.62972
0.62979
0.62986
0.62993
0.63
0.63007
0.63014
0.63021
0.63028
0.63035
0.63042
0.63049
0.63056
0.63063
0.6307
0.63077
0.63084
0.63091
0.63098
0.63105
0.63112
0.63119
0.63126
0.63133
0.63141
0.63148
0.63155
0.63162
0.63169
0.63176
0.63183
0.6319
0.63197
0.63204
0.63211
0.63218
0.63225
0.63232
0.63239
0.63246
0.63253
0.6326
0.63267
0.63274
0.63281
0.63289
0.63296
0.63303
0.6331
0.63317
0.63324
0.63331
0.63338
0.63345
0.63352
0.63359
0.63366
0.63373
0.6338
0.63388
0.63395
0.63402
0.63409
0.63416
0.63423
0.6343
0.63437
0.63444
0.63451
0.63458
0.63465
0.63473
0.6348
0.63487
0.63494
0.63501
0.63508
0.63515
0.63522
0.63529
0.63536
0.63543
0.63551
0.63558
0.63565
0.63572
0.63579
0.63586
0.63593
0.636
0.63607
0.63615
0.63622
0.63629
0.63636
0.63643
0.6365
0.63657
0.63664
0.63671
0.63679
0.63686
0.63693
0.637
0.63707
0.63714
0.63721
0.63728
0.63736
0.63743
0.6375
0.63757
0.63764
0.63771
0.63778
0.63786
0.63793
0.638
0.63807
0.63814
0.63821
0.63828
0.63836
0.63843
0.6385
0.63857
0.63864
0.63871
0.63878
0.63886
0.63893
0.639
0.63907
0.63914
0.63921
0.63929
0.63936
0.63943
0.6395
0.63957
0.63964
0.63972
0.63979
0.63986
0.63993
0.64
0.64007
0.64015
0.64022
0.64029
0.64036
0.64043
0.6405
0.64058
0.64065
0.64072
0.64079
0.64086
0.64094
0.64101
0.64108
0.64115
0.64122
0.64129
0.64137
0.64144
0.64151
0.64158
0.64165
0.64173
0.6418
0.64187
0.64194
0.64201
0.64209
0.64216
0.64223
0.6423
0.64237
0.64245
0.64252
0.64259
0.64266
0.64273
0.64281
0.64288
0.64295
0.64302
0.6431
0.64317
0.64324
0.64331
0.64338
0.64346
0.64353
0.6436
0.64367
0.64375
0.64382
0.64389
0.64396
0.64403
0.64411
0.64418
0.64425
0.64432
0.6444
0.64447
0.64454
0.64461
0.64469
0.64476
0.64483
0.6449
0.64497
0.64505
0.64512
0.64519
0.64526
0.64534
0.64541
0.64548
0.64555
0.64563
0.6457
0.64577
0.64584
0.64592
0.64599
0.64606
0.64613
0.64621
0.64628
0.64635
0.64642
0.6465
0.64657
0.64664
0.64672
0.64679
0.64686
0.64693
0.64701
0.64708
0.64715
0.64722
0.6473
0.64737
0.64744
0.64751
0.64759
0.64766
0.64773
0.64781
0.64788
0.64795
0.64802
0.6481
0.64817
0.64824
0.64832
0.64839
0.64846
0.64853
0.64861
0.64868
0.64875
0.64883
0.6489
0.64897
0.64905
0.64912
0.64919
0.64926
0.64934
0.64941
0.64948
0.64956
0.64963
0.6497
0.64978
0.64985
0.64992
0.65
0.65007
0.65014
0.65021
0.65029
0.65036
0.65043
0.65051
0.65058
0.65065
0.65073
0.6508
0.65087
0.65095
0.65102
0.65109
0.65117
0.65124
0.65131
0.65139
0.65146
0.65153
0.65161
0.65168
0.65175
0.65183
0.6519
0.65197
0.65205
0.65212
0.65219
0.65227
0.65234
0.65241
0.65249
0.65256
0.65264
0.65271
0.65278
0.65286
0.65293
0.653
0.65308
0.65315
0.65322
0.6533
0.65337
0.65345
0.65352
0.65359
0.65367
0.65374
0.65381
0.65389
0.65396
0.65404
0.65411
0.65418
0.65426
0.65433
0.6544
0.65448
0.65455
0.65463
0.6547
0.65477
0.65485
0.65492
0.655
0.65507
0.65514
0.65522
0.65529
0.65536
0.65544
0.65551
0.65559
0.65566
0.65573
0.65581
0.65588
0.65596
0.65603
0.65611
0.65618
0.65625
0.65633
0.6564
0.65648
0.65655
0.65662
0.6567
0.65677
0.65685
0.65692
0.657
0.65707
0.65714
0.65722
0.65729
0.65737
0.65744
0.65752
0.65759
0.65766
0.65774
0.65781
0.65789
0.65796
0.65804
0.65811
0.65818
0.65826
0.65833
0.65841
0.65848
0.65856
0.65863
0.65871
0.65878
0.65885
0.65893
0.659
0.65908
0.65915
0.65923
0.6593
0.65938
0.65945
0.65953
0.6596
0.65967
0.65975
0.65982
0.6599
0.65997
0.66005
0.66012
0.6602
0.66027
0.66035
0.66042
0.6605
0.66057
0.66064
0.66072
0.66079
0.66087
0.66094
0.66102
0.66109
0.66117
0.66124
0.66132
0.66139
0.66147
0.66154
0.66162
0.66169
0.66177
0.66184
0.66192
0.66199
0.66207
0.66214
0.66222
0.66229
0.66237
0.66244
0.66252
0.66259
0.66267
0.66274
0.66282
0.66289
0.66297
0.66304
0.66312
0.66319
0.66327
0.66334
0.66342
0.66349
0.66357
0.66364
0.66372
0.66379
0.66387
0.66394
0.66402
0.66409
0.66417
0.66425
0.66432
0.6644
0.66447
0.66455
0.66462
0.6647
0.66477
0.66485
0.66492
0.665
0.66507
0.66515
0.66522
0.6653
0.66538
0.66545
0.66553
0.6656
0.66568
0.66575
0.66583
0.6659
0.66598
0.66606
0.66613
0.66621
0.66628
0.66636
0.66643
0.66651
0.66658
0.66666
0.66674
0.66681
0.66689
0.66696
0.66704
0.66711
0.66719
0.66727
0.66734
0.66742
0.66749
0.66757
0.66764
0.66772
0.6678
0.66787
0.66795
0.66802
0.6681
0.66818
0.66825
0.66833
0.6684
0.66848
0.66855
0.66863
0.66871
0.66878
0.66886
0.66893
0.66901
0.66909
0.66916
0.66924
0.66931
0.66939
0.66947
0.66954
0.66962
0.6697
0.66977
0.66985
0.66992
0.67
0.67008
0.67015
0.67023
0.6703
0.67038
0.67046
0.67053
0.67061
0.67069
0.67076
0.67084
0.67091
0.67099
0.67107
0.67114
0.67122
0.6713
0.67137
0.67145
0.67153
0.6716
0.67168
0.67176
0.67183
0.67191
0.67198
0.67206
0.67214
0.67221
0.67229
0.67237
0.67244
0.67252
0.6726
0.67267
0.67275
0.67283
0.6729
0.67298
0.67306
0.67313
0.67321
0.67329
0.67336
0.67344
0.67352
0.67359
0.67367
0.67375
0.67382
0.6739
0.67398
0.67405
0.67413
0.67421
0.67428
0.67436
0.67444
0.67452
0.67459
0.67467
0.67475
0.67482
0.6749
0.67498
0.67505
0.67513
0.67521
0.67528
0.67536
0.67544
0.67552
0.67559
0.67567
0.67575
0.67582
0.6759
0.67598
0.67606
0.67613
0.67621
0.67629
0.67636
0.67644
0.67652
0.6766
0.67667
0.67675
0.67683
0.6769
0.67698
0.67706
0.67714
0.67721
0.67729
0.67737
0.67745
0.67752
0.6776
0.67768
0.67776
0.67783
0.67791
0.67799
0.67806
0.67814
0.67822
0.6783
0.67837
0.67845
0.67853
0.67861
0.67868
0.67876
0.67884
0.67892
0.67899
0.67907
0.67915
0.67923
0.67931
0.67938
0.67946
0.67954
0.67962
0.67969
0.67977
0.67985
0.67993
0.68
0.68008
0.68016
0.68024
0.68032
0.68039
0.68047
0.68055
0.68063
0.6807
0.68078
0.68086
0.68094
0.68102
0.68109
0.68117
0.68125
0.68133
0.68141
0.68148
0.68156
0.68164
0.68172
0.68179
0.68187
0.68195
0.68203
0.68211
0.68218
0.68226
0.68234
0.68242
0.6825
0.68258
0.68265
0.68273
0.68281
0.68289
0.68297
0.68304
0.68312
0.6832
0.68328
0.68336
0.68343
0.68351
0.68359
0.68367
0.68375
0.68383
0.6839
0.68398
0.68406
0.68414
0.68422
0.6843
0.68437
0.68445
0.68453
0.68461
0.68469
0.68477
0.68484
0.68492
0.685
0.68508
0.68516
0.68524
0.68531
0.68539
0.68547
0.68555
0.68563
0.68571
0.68579
0.68586
0.68594
0.68602
0.6861
0.68618
0.68626
0.68634
0.68641
0.68649
0.68657
0.68665
0.68673
0.68681
0.68689
0.68696
0.68704
0.68712
0.6872
0.68728
0.68736
0.68744
0.68752
0.68759
0.68767
0.68775
0.68783
0.68791
0.68799
0.68807
0.68815
0.68823
0.6883
0.68838
0.68846
0.68854
0.68862
0.6887
0.68878
0.68886
0.68894
0.68902
0.68909
0.68917
0.68925
0.68933
0.68941
0.68949
0.68957
0.68965
0.68973
0.68981
0.68988
0.68996
0.69004
0.69012
0.6902
0.69028
0.69036
0.69044
0.69052
0.6906
0.69068
0.69076
0.69084
0.69091
0.69099
0.69107
0.69115
0.69123
0.69131
0.69139
0.69147
0.69155
0.69163
0.69171
0.69179
0.69187
0.69195
0.69203
0.69211
0.69219
0.69226
0.69234
0.69242
0.6925
0.69258
0.69266
0.69274
0.69282
0.6929
0.69298
0.69306
0.69314
0.69322
0.6933
0.69338
0.69346
0.69354
0.69362
0.6937
0.69378
0.69386
0.69394
0.69402
0.6941
0.69418
0.69426
0.69434
0.69442
0.6945
0.69458
0.69466
0.69474
0.69482
0.6949
0.69498
0.69505
0.69513
0.69521
0.69529
0.69537
0.69545
0.69553
0.69561
0.69569
0.69578
0.69586
0.69594
0.69602
0.6961
0.69618
0.69626
0.69634
0.69642
0.6965
0.69658
0.69666
0.69674
0.69682
0.6969
0.69698
0.69706
0.69714
0.69722
0.6973
0.69738
0.69746
0.69754
0.69762
0.6977
0.69778
0.69786
0.69794
0.69802
0.6981
0.69818
0.69826
0.69834
0.69842
0.6985
0.69859
0.69867
0.69875
0.69883
0.69891
0.69899
0.69907
0.69915
0.69923
0.69931
0.69939
0.69947
0.69955
0.69963
0.69971
0.69979
0.69988
0.69996
0.70004
