0
0
0
0
0
0
0.010206
0.020211
0.030349
0.040092
0.050401
0.060088
0.07029
0.080979
0.090633
0.10006
0.11058
0.1204
0.1304
0.14038
0.1504
0.16053
0.17077
0.18106
0.19128
0.20159
0.21029
0.22075
0.23118
0.24172
0.25063
0.26132
0.27027
0.28117
0.29032
0.3014
0.31078
0.32022
0.33163
0.34118
0.35074
0.36032
0.37109
0.38086
0.39111
0.40012
0.41041
0.42044
0.43058
0.44036
0.45006
0.46023
0.47
0.48003
0.49004
0.50005
0.51002
0.52005
0.53002
0.54001
0.55003
0.56003
0.57005
0.58005
0.59002
0.60003
0.61001
0.62
0.63007
0.64
0.65007
0.66005
0.67008
0.68
0.69004
0.70004
