0
0
0.00045261
0.00086951
0.0013262
0.0018406
0.0024461
0.0031897
0.0040518
0.0049059
0.005765
0.0066447
0.0075669
0.0085633
0.0096797
0.0109
0.01221
0.013543
0.014832
0.016093
0.01735
0.018635
0.01999
0.021462
0.022998
0.024667
0.026423
0.028106
0.029736
0.031347
0.03298
0.034681
0.036471
0.038335
0.040344
0.042443
0.044516
0.046519
0.04849
0.050471
0.052511
0.05462
0.05681
0.059154
0.061542
0.064025
0.066487
0.068882
0.071261
0.073679
0.076165
0.078729
0.081435
0.084179
0.087044
0.090034
0.092921
0.095758
0.098605
0.10151
0.10449
0.10756
0.1107
0.11398
0.11724
0.12056
0.12394
0.12728
0.13065
0.13407
0.13757
0.14112
0.14481
0.1485
0.15232
0.1562
0.16006
0.16403
0.16804
0.17204
0.17611
0.18032
0.18448
0.18859
0.1928
0.19717
0.20143
0.20558
0.20978
0.21411
0.21841
0.22264
0.22672
0.23092
0.23518
0.23963
0.24392
0.24794
0.25194
0.25612
0.26055
0.26451
0.26832
0.27219
0.27605
0.27991
0.28397
0.28767
0.29123
0.29487
0.29872
0.30238
0.3058
0.30921
0.31276
0.31627
0.31964
0.32307
0.32623
0.32928
0.33237
0.3356
0.33864
0.34153
0.34443
0.34747
0.35072
0.3539
0.35687
0.35964
0.36223
0.3648
0.36744
0.36984
0.37216
0.37453
0.37703
0.37966
0.38223
0.38463
0.38697
0.38907
0.39103
0.39294
0.3947
0.39639
0.39809
0.39983
0.40166
0.40357
0.40546
0.40727
0.40904
0.41066
0.412
0.41318
0.4143
0.41538
0.41644
0.41749
0.41855
0.41961
0.42068
0.42176
0.42272
0.42353
0.42426
0.42494
0.42557
0.42617
0.42674
0.4273
0.42784
0.42836
0.42888
0.42938
0.42988
0.43037
0.43086
0.43134
0.43181
0.43229
0.43276
0.43322
0.43369
0.43415
0.43461
0.43507
0.43552
0.43598
0.43643
0.43688
0.43733
0.43778
0.43822
0.43867
0.43911
0.43955
0.43999
0.44043
0.44087
0.44131
0.44175
0.44219
0.44262
0.44306
0.44349
0.44392
0.44436
0.44479
0.44522
0.44565
0.44608
0.44651
0.44694
0.44737
0.4478
0.44822
0.44865
0.44908
0.4495
0.44993
0.45036
0.45078
0.45121
0.45163
0.45205
0.45248
0.4529
0.45333
0.45375
0.45417
0.4546
0.45502
0.45544
0.45586
0.45629
0.45671
0.45713
0.45755
0.45798
0.4584
0.45882
0.45924
0.45966
0.46008
