    0.000e+00     1.000e+00     0.000e+00     0.000e+00 
    7.562e-05     1.000e+00     8.182e-05     1.000e-06 
    1.358e-04     1.000e+00     1.540e-04     1.000e-06 
    1.971e-04     1.000e+00     2.273e-04     1.000e-06 
    2.651e-04     1.000e+00     3.082e-04     1.000e-06 
    3.441e-04     1.000e+00     4.018e-04     1.000e-06 
    4.355e-04     1.000e+00     5.096e-04     1.000e-06 
    5.413e-04     1.000e+00     6.338e-04     1.000e-06 
    6.552e-04     1.000e+00     7.670e-04     1.000e-06 
    7.824e-04     1.000e+00     9.146e-04     1.000e-06 
    9.185e-04     1.000e+00     1.072e-03     1.000e-06 
    1.063e-03     1.000e+00     1.237e-03     1.000e-06 
    1.214e-03     1.000e+00     1.410e-03     1.000e-06 
    1.374e-03     1.000e+00     1.590e-03     1.000e-06 
    1.541e-03     1.000e+00     1.778e-03     1.000e-06 
    1.717e-03     1.000e+00     1.974e-03     1.000e-06 
    1.901e-03     1.000e+00     2.178e-03     1.000e-06 
    2.095e-03     1.000e+00     2.392e-03     1.000e-06 
    2.300e-03     1.000e+00     2.616e-03     1.000e-06 
    2.517e-03     1.000e+00     2.851e-03     1.000e-06 
    2.735e-03     1.000e+00     3.086e-03     1.000e-06 
    2.974e-03     1.000e+00     3.343e-03     1.000e-06 
    3.233e-03     1.000e+00     3.619e-03     1.000e-06 
    3.510e-03     1.000e+00     3.913e-03     1.000e-06 
    3.785e-03     1.000e+00     4.204e-03     1.000e-06 
    4.058e-03     1.000e+00     4.490e-03     1.000e-06 
    4.347e-03     1.000e+00     4.791e-03     1.000e-06 
    4.661e-03     1.000e+00     5.118e-03     1.000e-06 
    5.011e-03     1.000e+00     5.481e-03     1.000e-06 
    5.351e-03     1.000e+00     5.831e-03     1.000e-06 
    5.711e-03     1.000e+00     6.201e-03     1.000e-06 
    6.045e-03     1.000e+00     6.543e-03     1.000e-06 
    6.389e-03     1.000e+00     6.893e-03     1.000e-06 
    6.728e-03     1.000e+00     7.238e-03     1.000e-06 
    7.082e-03     1.000e+00     7.598e-03     1.000e-06 
    7.438e-03     1.000e+00     7.958e-03     1.000e-06 
    7.800e-03     1.000e+00     8.326e-03     1.000e-06 
    8.179e-03     1.000e+00     8.708e-03     1.000e-06 
    8.559e-03     1.000e+00     9.092e-03     1.000e-06 
    8.661e-03     1.000e+00     9.194e-03     1.000e-06 
    8.663e-03     1.000e+00     9.196e-03     1.000e-06 
    8.728e-03     1.000e+00     9.262e-03     1.000e-06 
    8.805e-03     1.000e+00     9.340e-03     1.000e-06 
    8.884e-03     1.000e+00     9.419e-03     1.000e-06 
    9.042e-03     1.000e+00     9.578e-03     1.000e-06 
    9.373e-03     1.000e+00     9.911e-03     1.000e-06 
    9.806e-03     1.000e+00     1.035e-02     1.000e-06 
    1.019e-02     1.000e+00     1.073e-02     1.000e-06 
    1.029e-02     1.000e+00     1.084e-02     1.000e-06 
    1.044e-02     1.000e+00     1.099e-02     1.000e-06 
    1.048e-02     1.000e+00     1.102e-02     1.000e-06 
    1.063e-02     1.000e+00     1.117e-02     1.000e-06 
    1.068e-02     1.000e+00     1.122e-02     1.000e-06 
    1.092e-02     1.000e+00     1.146e-02     1.000e-06 
    1.136e-02     1.000e+00     1.191e-02     1.000e-06 
    1.180e-02     1.000e+00     1.234e-02     1.000e-06 
    1.201e-02     1.000e+00     1.255e-02     1.000e-06 
    1.222e-02     1.000e+00     1.277e-02     1.000e-06 
    1.230e-02     1.000e+00     1.285e-02     1.000e-06 
    1.238e-02     1.000e+00     1.292e-02     1.000e-06 
    1.238e-02     1.000e+00     1.293e-02     1.000e-06 
    1.251e-02     1.000e+00     1.305e-02     1.000e-06 
    1.276e-02     1.000e+00     1.331e-02     1.000e-06 
    1.306e-02     1.000e+00     1.361e-02     1.000e-06 
    1.311e-02     1.000e+00     1.366e-02     1.000e-06 
    1.331e-02     1.000e+00     1.386e-02     1.000e-06 
    1.339e-02     1.000e+00     1.394e-02     1.000e-06 
    1.350e-02     1.000e+00     1.405e-02     1.000e-06 
    1.372e-02     1.000e+00     1.427e-02     1.000e-06 
    1.390e-02     1.000e+00     1.445e-02     1.000e-06 
    1.400e-02     1.000e+00     1.455e-02     1.000e-06 
    1.407e-02     1.000e+00     1.462e-02     1.000e-06 
    1.425e-02     1.000e+00     1.480e-02     1.000e-06 
    1.456e-02     1.000e+00     1.511e-02     1.000e-06 
    1.492e-02     1.000e+00     1.547e-02     1.000e-06 
    1.545e-02     1.000e+00     1.600e-02     1.000e-06 
    1.584e-02     1.000e+00     1.639e-02     1.000e-06 
    1.622e-02     1.000e+00     1.677e-02     1.000e-06 
    1.657e-02     1.000e+00     1.712e-02     1.000e-06 
    1.684e-02     1.000e+00     1.739e-02     1.000e-06 
    1.703e-02     1.000e+00     1.758e-02     1.000e-06 
    1.718e-02     1.000e+00     1.773e-02     1.000e-06 
    1.730e-02     1.000e+00     1.786e-02     1.000e-06 
    1.740e-02     1.000e+00     1.795e-02     1.000e-06 
    1.746e-02     1.000e+00     1.802e-02     1.000e-06 
    1.747e-02     1.000e+00     1.803e-02     1.000e-06 
    1.749e-02     1.000e+00     1.804e-02     1.000e-06 
    1.751e-02     1.000e+00     1.806e-02     1.000e-06 
    1.752e-02     1.000e+00     1.807e-02     1.000e-06 
    1.752e-02     1.000e+00     1.807e-02     1.000e-06 
    1.754e-02     1.000e+00     1.809e-02     1.000e-06 
    1.756e-02     1.000e+00     1.811e-02     1.000e-06 
    1.758e-02     1.000e+00     1.813e-02     1.000e-06 
    1.763e-02     1.000e+00     1.818e-02     1.000e-06 
    1.765e-02     1.000e+00     1.821e-02     1.000e-06 
    1.772e-02     1.000e+00     1.827e-02     1.000e-06 
    1.775e-02     1.000e+00     1.830e-02     1.000e-06 
    1.782e-02     1.000e+00     1.837e-02     1.000e-06 
    1.786e-02     1.000e+00     1.841e-02     1.000e-06 
    1.794e-02     1.000e+00     1.849e-02     1.000e-06 
    1.796e-02     1.000e+00     1.852e-02     1.000e-06 
    1.808e-02     1.000e+00     1.863e-02     1.000e-06 
    1.809e-02     1.000e+00     1.864e-02     1.000e-06 
    1.823e-02     1.000e+00     1.878e-02     1.000e-06 
    1.823e-02     1.000e+00     1.878e-02     1.000e-06 
    1.840e-02     1.000e+00     1.895e-02     1.000e-06 
    1.842e-02     1.000e+00     1.897e-02     1.000e-06 
    1.845e-02     1.000e+00     1.900e-02     1.000e-06 
    1.851e-02     1.000e+00     1.906e-02     1.000e-06 
    1.866e-02     1.000e+00     1.921e-02     1.000e-06 
    1.891e-02     1.000e+00     1.946e-02     1.000e-06 
    1.920e-02     1.000e+00     1.975e-02     1.000e-06 
    1.948e-02     1.000e+00     2.003e-02     1.000e-06 
    1.972e-02     1.000e+00     2.028e-02     1.000e-06 
    1.995e-02     1.000e+00     2.050e-02     1.000e-06 
    2.041e-02     1.000e+00     2.096e-02     1.000e-06 
    2.086e-02     1.000e+00     2.141e-02     1.000e-06 
    2.132e-02     1.000e+00     2.188e-02     1.000e-06 
    2.178e-02     1.000e+00     2.233e-02     1.000e-06 
    2.221e-02     1.000e+00     2.276e-02     1.000e-06 
    2.261e-02     1.000e+00     2.316e-02     1.000e-06 
    2.297e-02     1.000e+00     2.352e-02     1.000e-06 
    2.330e-02     1.000e+00     2.385e-02     1.000e-06 
    2.362e-02     1.000e+00     2.418e-02     1.000e-06 
    2.397e-02     1.000e+00     2.453e-02     1.000e-06 
    2.436e-02     1.000e+00     2.492e-02     1.000e-06 
    2.480e-02     1.000e+00     2.535e-02     1.000e-06 
    2.525e-02     1.000e+00     2.581e-02     1.000e-06 
    2.572e-02     1.000e+00     2.627e-02     1.000e-06 
    2.617e-02     1.000e+00     2.672e-02     1.000e-06 
    2.659e-02     1.000e+00     2.714e-02     1.000e-06 
    2.699e-02     1.000e+00     2.754e-02     1.000e-06 
    2.736e-02     1.000e+00     2.791e-02     1.000e-06 
    2.771e-02     1.000e+00     2.826e-02     1.000e-06 
    2.801e-02     1.000e+00     2.856e-02     1.000e-06 
    2.839e-02     1.000e+00     2.895e-02     1.000e-06 
    2.886e-02     1.000e+00     2.942e-02     1.000e-06 
    2.937e-02     1.000e+00     2.993e-02     1.000e-06 
    2.962e-02     1.000e+00     3.017e-02     1.000e-06 
    3.011e-02     1.000e+00     3.067e-02     1.000e-06 
    3.062e-02     1.000e+00     3.117e-02     1.000e-06 
    3.109e-02     1.000e+00     3.165e-02     1.000e-06 
    3.154e-02     1.000e+00     3.209e-02     1.000e-06 
    3.195e-02     1.000e+00     3.251e-02     1.000e-06 
    3.236e-02     1.000e+00     3.292e-02     1.000e-06 
    3.283e-02     1.000e+00     3.339e-02     1.000e-06 
    3.335e-02     1.000e+00     3.390e-02     1.000e-06 
    3.390e-02     1.000e+00     3.445e-02     1.000e-06 
    3.414e-02     1.000e+00     3.469e-02     1.000e-06 
    3.454e-02     1.000e+00     3.510e-02     1.000e-06 
    3.476e-02     1.000e+00     3.531e-02     1.000e-06 
    3.483e-02     1.000e+00     3.539e-02     1.000e-06 
    3.516e-02     1.000e+00     3.572e-02     1.000e-06 
    3.574e-02     1.000e+00     3.630e-02     1.000e-06 
    3.639e-02     1.000e+00     3.694e-02     1.000e-06 
    3.703e-02     1.000e+00     3.758e-02     1.000e-06 
    3.763e-02     1.000e+00     3.819e-02     1.000e-06 
    3.819e-02     1.000e+00     3.874e-02     1.000e-06 
    3.872e-02     1.000e+00     3.928e-02     1.000e-06 
    3.879e-02     1.000e+00     3.934e-02     1.000e-06 
    3.891e-02     1.000e+00     3.947e-02     1.000e-06 
    3.950e-02     1.000e+00     4.006e-02     1.000e-06 
    4.013e-02     1.000e+00     4.069e-02     1.000e-06 
    4.078e-02     1.000e+00     4.134e-02     1.000e-06 
    4.144e-02     1.000e+00     4.199e-02     1.000e-06 
    4.209e-02     1.000e+00     4.264e-02     1.000e-06 
    4.273e-02     1.000e+00     4.329e-02     1.000e-06 
    4.305e-02     1.000e+00     4.360e-02     1.000e-06 
    4.308e-02     1.000e+00     4.363e-02     1.000e-06 
    4.310e-02     1.000e+00     4.366e-02     1.000e-06 
    4.321e-02     1.000e+00     4.376e-02     1.000e-06 
    4.339e-02     1.000e+00     4.394e-02     1.000e-06 
    4.366e-02     1.000e+00     4.421e-02     1.000e-06 
    4.404e-02     1.000e+00     4.460e-02     1.000e-06 
    4.459e-02     1.000e+00     4.515e-02     1.000e-06 
    4.519e-02     1.000e+00     4.575e-02     1.000e-06 
    4.587e-02     1.000e+00     4.643e-02     1.000e-06 
    4.661e-02     1.000e+00     4.717e-02     1.000e-06 
    4.739e-02     1.000e+00     4.794e-02     1.000e-06 
    4.818e-02     1.000e+00     4.874e-02     1.000e-06 
    4.898e-02     1.000e+00     4.953e-02     1.000e-06 
    4.977e-02     1.000e+00     5.033e-02     1.000e-06 
    5.055e-02     1.000e+00     5.111e-02     1.000e-06 
    5.132e-02     1.000e+00     5.188e-02     1.000e-06 
    5.207e-02     1.000e+00     5.263e-02     1.000e-06 
    5.282e-02     1.000e+00     5.338e-02     1.000e-06 
    5.362e-02     1.000e+00     5.418e-02     1.000e-06 
    5.448e-02     1.000e+00     5.503e-02     1.000e-06 
    5.539e-02     1.000e+00     5.594e-02     1.000e-06 
    5.635e-02     1.000e+00     5.690e-02     1.000e-06 
    5.734e-02     1.000e+00     5.789e-02     1.000e-06 
    5.834e-02     1.000e+00     5.889e-02     1.000e-06 
    5.933e-02     1.000e+00     5.988e-02     1.000e-06 
    6.029e-02     1.000e+00     6.085e-02     1.000e-06 
    6.123e-02     1.000e+00     6.178e-02     1.000e-06 
    6.213e-02     1.000e+00     6.269e-02     1.000e-06 
    6.301e-02     1.000e+00     6.357e-02     1.000e-06 
    6.391e-02     1.000e+00     6.447e-02     1.000e-06 
    6.491e-02     1.000e+00     6.546e-02     1.000e-06 
    6.595e-02     1.000e+00     6.651e-02     1.000e-06 
    6.698e-02     1.000e+00     6.753e-02     1.000e-06 
    6.813e-02     1.000e+00     6.869e-02     1.000e-06 
    6.936e-02     1.000e+00     6.991e-02     1.000e-06 
    7.059e-02     1.000e+00     7.114e-02     1.000e-06 
    7.180e-02     1.000e+00     7.236e-02     1.000e-06 
    7.298e-02     1.000e+00     7.354e-02     1.000e-06 
    7.404e-02     1.000e+00     7.460e-02     1.000e-06 
    7.481e-02     1.000e+00     7.537e-02     1.000e-06 
    7.526e-02     1.000e+00     7.582e-02     1.000e-06 
    7.581e-02     1.000e+00     7.636e-02     1.000e-06 
    7.657e-02     1.000e+00     7.712e-02     1.000e-06 
    7.748e-02     1.000e+00     7.804e-02     1.000e-06 
    7.843e-02     1.000e+00     7.899e-02     1.000e-06 
    7.936e-02     1.000e+00     7.992e-02     1.000e-06 
    8.022e-02     1.000e+00     8.078e-02     1.000e-06 
    8.100e-02     1.000e+00     8.156e-02     1.000e-06 
    8.166e-02     1.000e+00     8.222e-02     1.000e-06 
    8.216e-02     1.000e+00     8.272e-02     1.000e-06 
    8.256e-02     1.000e+00     8.312e-02     1.000e-06 
    8.292e-02     1.000e+00     8.348e-02     1.000e-06 
    8.328e-02     1.000e+00     8.384e-02     1.000e-06 
    8.366e-02     1.000e+00     8.422e-02     1.000e-06 
    8.410e-02     1.000e+00     8.466e-02     1.000e-06 
    8.462e-02     1.000e+00     8.518e-02     1.000e-06 
    8.523e-02     1.000e+00     8.579e-02     1.000e-06 
    8.581e-02     1.000e+00     8.638e-02     1.000e-06 
    8.643e-02     1.000e+00     8.699e-02     1.000e-06 
    8.688e-02     1.000e+00     8.744e-02     1.000e-06 
    8.723e-02     1.000e+00     8.780e-02     1.000e-06 
    8.736e-02     1.000e+00     8.792e-02     1.000e-06 
    8.765e-02     1.000e+00     8.821e-02     1.000e-06 
    8.790e-02     1.000e+00     8.846e-02     1.000e-06 
    8.810e-02     1.000e+00     8.866e-02     1.000e-06 
    8.826e-02     1.000e+00     8.882e-02     1.000e-06 
    8.837e-02     1.000e+00     8.893e-02     1.000e-06 
    8.844e-02     1.000e+00     8.900e-02     1.000e-06 
    8.846e-02     1.000e+00     8.902e-02     1.000e-06 
    8.849e-02     1.000e+00     8.905e-02     1.000e-06 
    8.880e-02     1.000e+00     8.936e-02     1.000e-06 
    8.934e-02     1.000e+00     8.990e-02     1.000e-06 
    8.969e-02     1.000e+00     9.026e-02     1.000e-06 
    9.003e-02     1.000e+00     9.059e-02     1.000e-06 
    9.009e-02     1.000e+00     9.066e-02     1.000e-06 
    9.027e-02     1.000e+00     9.083e-02     1.000e-06 
    9.037e-02     1.000e+00     9.093e-02     1.000e-06 
    9.066e-02     1.000e+00     9.123e-02     1.000e-06 
    9.074e-02     1.000e+00     9.130e-02     1.000e-06 
    9.085e-02     1.000e+00     9.141e-02     1.000e-06 
    9.113e-02     1.000e+00     9.169e-02     1.000e-06 
    9.126e-02     1.000e+00     9.182e-02     1.000e-06 
    9.127e-02     1.000e+00     9.184e-02     1.000e-06 
    9.157e-02     1.000e+00     9.213e-02     1.000e-06 
    9.174e-02     1.000e+00     9.231e-02     1.000e-06 
    9.180e-02     1.000e+00     9.236e-02     1.000e-06 
    9.183e-02     1.000e+00     9.240e-02     1.000e-06 
    9.200e-02     1.000e+00     9.257e-02     1.000e-06 
    9.208e-02     1.000e+00     9.265e-02     1.000e-06 
    9.210e-02     1.000e+00     9.266e-02     1.000e-06 
    9.210e-02     1.000e+00     9.266e-02     1.000e-06 
    9.218e-02     1.000e+00     9.274e-02     1.000e-06 
    9.220e-02     1.000e+00     9.277e-02     1.000e-06 
    9.226e-02     1.000e+00     9.283e-02     1.000e-06 
    9.230e-02     1.000e+00     9.286e-02     1.000e-06 
    9.235e-02     1.000e+00     9.291e-02     1.000e-06 
    9.243e-02     1.000e+00     9.299e-02     1.000e-06 
    9.243e-02     1.000e+00     9.299e-02     1.000e-06 
    9.250e-02     1.000e+00     9.306e-02     1.000e-06 
    9.254e-02     1.000e+00     9.310e-02     1.000e-06 
    9.257e-02     1.000e+00     9.313e-02     1.000e-06 
    9.267e-02     1.000e+00     9.323e-02     1.000e-06 
    9.271e-02     1.000e+00     9.328e-02     1.000e-06 
    9.272e-02     1.000e+00     9.328e-02     1.000e-06 
    9.281e-02     1.000e+00     9.337e-02     1.000e-06 
    9.288e-02     1.000e+00     9.344e-02     1.000e-06 
    9.294e-02     1.000e+00     9.350e-02     1.000e-06 
    9.301e-02     1.000e+00     9.357e-02     1.000e-06 
    9.302e-02     1.000e+00     9.358e-02     1.000e-06 
    9.314e-02     1.000e+00     9.370e-02     1.000e-06 
    9.331e-02     1.000e+00     9.388e-02     1.000e-06 
    9.352e-02     1.000e+00     9.409e-02     1.000e-06 
    9.375e-02     1.000e+00     9.432e-02     1.000e-06 
    9.382e-02     1.000e+00     9.439e-02     1.000e-06 
    9.389e-02     1.000e+00     9.445e-02     1.000e-06 
    9.425e-02     1.000e+00     9.481e-02     1.000e-06 
    9.448e-02     1.000e+00     9.504e-02     1.000e-06 
    9.456e-02     1.000e+00     9.512e-02     1.000e-06 
    9.500e-02     1.000e+00     9.557e-02     1.000e-06 
    9.534e-02     1.000e+00     9.591e-02     1.000e-06 
    9.545e-02     1.000e+00     9.601e-02     1.000e-06 
    9.548e-02     1.000e+00     9.604e-02     1.000e-06 
    9.565e-02     1.000e+00     9.622e-02     1.000e-06 
    9.599e-02     1.000e+00     9.655e-02     1.000e-06 
    9.602e-02     1.000e+00     9.658e-02     1.000e-06 
    9.664e-02     1.000e+00     9.720e-02     1.000e-06 
    9.699e-02     1.000e+00     9.756e-02     1.000e-06 
    9.710e-02     1.000e+00     9.767e-02     1.000e-06 
    9.728e-02     1.000e+00     9.784e-02     1.000e-06 
    9.792e-02     1.000e+00     9.848e-02     1.000e-06 
    9.818e-02     1.000e+00     9.875e-02     1.000e-06 
    9.821e-02     1.000e+00     9.877e-02     1.000e-06 
    9.889e-02     1.000e+00     9.945e-02     1.000e-06 
    9.928e-02     1.000e+00     9.984e-02     1.000e-06 
    9.938e-02     1.000e+00     9.995e-02     1.000e-06 
    9.941e-02     1.000e+00     9.998e-02     1.000e-06 
    9.954e-02     1.000e+00     1.001e-01     1.000e-06 
    1.001e-01     1.000e+00     1.007e-01     1.000e-06 
    1.003e-01     1.000e+00     1.008e-01     1.000e-06 
    1.004e-01     1.000e+00     1.010e-01     1.000e-06 
    1.004e-01     1.000e+00     1.010e-01     1.000e-06 
    1.010e-01     1.000e+00     1.016e-01     1.000e-06 
    1.012e-01     1.000e+00     1.018e-01     1.000e-06 
    1.013e-01     1.000e+00     1.019e-01     1.000e-06 
    1.019e-01     1.000e+00     1.025e-01     1.000e-06 
    1.022e-01     1.000e+00     1.028e-01     1.000e-06 
    1.022e-01     1.000e+00     1.028e-01     1.000e-06 
    1.023e-01     1.000e+00     1.029e-01     1.000e-06 
    1.029e-01     1.000e+00     1.035e-01     1.000e-06 
    1.032e-01     1.000e+00     1.037e-01     1.000e-06 
    1.032e-01     1.000e+00     1.037e-01     1.000e-06 
    1.038e-01     1.000e+00     1.044e-01     1.000e-06 
    1.040e-01     1.000e+00     1.045e-01     1.000e-06 
    1.041e-01     1.000e+00     1.047e-01     1.000e-06 
    1.042e-01     1.000e+00     1.047e-01     1.000e-06 
    1.048e-01     1.000e+00     1.053e-01     1.000e-06 
    1.051e-01     1.000e+00     1.056e-01     1.000e-06 
    1.051e-01     1.000e+00     1.057e-01     1.000e-06 
    1.052e-01     1.000e+00     1.058e-01     1.000e-06 
    1.058e-01     1.000e+00     1.063e-01     1.000e-06 
    1.060e-01     1.000e+00     1.066e-01     1.000e-06 
    1.060e-01     1.000e+00     1.066e-01     1.000e-06 
    1.062e-01     1.000e+00     1.067e-01     1.000e-06 
    1.067e-01     1.000e+00     1.072e-01     1.000e-06 
    1.068e-01     1.000e+00     1.074e-01     1.000e-06 
    1.070e-01     1.000e+00     1.076e-01     1.000e-06 
    1.070e-01     1.000e+00     1.076e-01     1.000e-06 
    1.071e-01     1.000e+00     1.077e-01     1.000e-06 
    1.076e-01     1.000e+00     1.082e-01     1.000e-06 
    1.079e-01     1.000e+00     1.084e-01     1.000e-06 
    1.080e-01     1.000e+00     1.085e-01     1.000e-06 
    1.080e-01     1.000e+00     1.085e-01     1.000e-06 
    1.080e-01     1.000e+00     1.086e-01     1.000e-06 
    1.081e-01     1.000e+00     1.086e-01     1.000e-06 
    1.082e-01     1.000e+00     1.087e-01     1.000e-06 
    1.083e-01     1.000e+00     1.089e-01     1.000e-06 
    1.085e-01     1.000e+00     1.091e-01     1.000e-06 
    1.086e-01     1.000e+00     1.092e-01     1.000e-06 
    1.087e-01     1.000e+00     1.092e-01     1.000e-06 
    1.087e-01     1.000e+00     1.093e-01     1.000e-06 
    1.089e-01     1.000e+00     1.095e-01     1.000e-06 
    1.092e-01     1.000e+00     1.098e-01     1.000e-06 
    1.095e-01     1.000e+00     1.101e-01     1.000e-06 
    1.099e-01     1.000e+00     1.104e-01     1.000e-06 
    1.099e-01     1.000e+00     1.105e-01     1.000e-06 
    1.102e-01     1.000e+00     1.108e-01     1.000e-06 
    1.106e-01     1.000e+00     1.112e-01     1.000e-06 
    1.110e-01     1.000e+00     1.115e-01     1.000e-06 
    1.113e-01     1.000e+00     1.119e-01     1.000e-06 
    1.117e-01     1.000e+00     1.123e-01     1.000e-06 
    1.121e-01     1.000e+00     1.126e-01     1.000e-06 
    1.125e-01     1.000e+00     1.130e-01     1.000e-06 
    1.129e-01     1.000e+00     1.134e-01     1.000e-06 
    1.133e-01     1.000e+00     1.138e-01     1.000e-06 
    1.137e-01     1.000e+00     1.142e-01     1.000e-06 
    1.141e-01     1.000e+00     1.147e-01     1.000e-06 
    1.145e-01     1.000e+00     1.151e-01     1.000e-06 
    1.150e-01     1.000e+00     1.155e-01     1.000e-06 
    1.154e-01     1.000e+00     1.160e-01     1.000e-06 
    1.157e-01     1.000e+00     1.163e-01     1.000e-06 
    1.161e-01     1.000e+00     1.167e-01     1.000e-06 
    1.165e-01     1.000e+00     1.171e-01     1.000e-06 
    1.169e-01     1.000e+00     1.175e-01     1.000e-06 
    1.173e-01     1.000e+00     1.179e-01     1.000e-06 
    1.177e-01     1.000e+00     1.182e-01     1.000e-06 
    1.180e-01     1.000e+00     1.186e-01     1.000e-06 
    1.183e-01     1.000e+00     1.189e-01     1.000e-06 
    1.186e-01     1.000e+00     1.192e-01     1.000e-06 
    1.188e-01     1.000e+00     1.194e-01     1.000e-06 
    1.191e-01     1.000e+00     1.197e-01     1.000e-06 
    1.194e-01     1.000e+00     1.200e-01     1.000e-06 
    1.197e-01     1.000e+00     1.203e-01     1.000e-06 
    1.200e-01     1.000e+00     1.205e-01     1.000e-06 
    1.203e-01     1.000e+00     1.208e-01     1.000e-06 
    1.203e-01     1.000e+00     1.209e-01     1.000e-06 
    1.206e-01     1.000e+00     1.212e-01     1.000e-06 
    1.209e-01     1.000e+00     1.215e-01     1.000e-06 
    1.212e-01     1.000e+00     1.218e-01     1.000e-06 
    1.215e-01     1.000e+00     1.220e-01     1.000e-06 
    1.218e-01     1.000e+00     1.224e-01     1.000e-06 
    1.221e-01     1.000e+00     1.226e-01     1.000e-06 
    1.222e-01     1.000e+00     1.227e-01     1.000e-06 
    1.226e-01     1.000e+00     1.231e-01     1.000e-06 
    1.229e-01     1.000e+00     1.234e-01     1.000e-06 
    1.232e-01     1.000e+00     1.237e-01     1.000e-06 
    1.235e-01     1.000e+00     1.241e-01     1.000e-06 
    1.238e-01     1.000e+00     1.244e-01     1.000e-06 
    1.241e-01     1.000e+00     1.247e-01     1.000e-06 
    1.243e-01     1.000e+00     1.248e-01     1.000e-06 
    1.248e-01     1.000e+00     1.254e-01     1.000e-06 
    1.251e-01     1.000e+00     1.257e-01     1.000e-06 
    1.255e-01     1.000e+00     1.260e-01     1.000e-06 
    1.258e-01     1.000e+00     1.264e-01     1.000e-06 
    1.262e-01     1.000e+00     1.267e-01     1.000e-06 
    1.267e-01     1.000e+00     1.272e-01     1.000e-06 
    1.268e-01     1.000e+00     1.273e-01     1.000e-06 
    1.270e-01     1.000e+00     1.276e-01     1.000e-06 
    1.271e-01     1.000e+00     1.276e-01     1.000e-06 
    1.271e-01     1.000e+00     1.277e-01     1.000e-06 
    1.272e-01     1.000e+00     1.278e-01     1.000e-06 
    1.273e-01     1.000e+00     1.279e-01     1.000e-06 
    1.275e-01     1.000e+00     1.281e-01     1.000e-06 
    1.279e-01     1.000e+00     1.285e-01     1.000e-06 
    1.281e-01     1.000e+00     1.287e-01     1.000e-06 
    1.285e-01     1.000e+00     1.291e-01     1.000e-06 
    1.287e-01     1.000e+00     1.292e-01     1.000e-06 
    1.290e-01     1.000e+00     1.296e-01     1.000e-06 
    1.293e-01     1.000e+00     1.299e-01     1.000e-06 
    1.298e-01     1.000e+00     1.304e-01     1.000e-06 
    1.303e-01     1.000e+00     1.308e-01     1.000e-06 
    1.307e-01     1.000e+00     1.313e-01     1.000e-06 
    1.311e-01     1.000e+00     1.316e-01     1.000e-06 
    1.314e-01     1.000e+00     1.320e-01     1.000e-06 
    1.318e-01     1.000e+00     1.323e-01     1.000e-06 
    1.321e-01     1.000e+00     1.327e-01     1.000e-06 
    1.325e-01     1.000e+00     1.331e-01     1.000e-06 
    1.329e-01     1.000e+00     1.335e-01     1.000e-06 
    1.333e-01     1.000e+00     1.338e-01     1.000e-06 
    1.336e-01     1.000e+00     1.342e-01     1.000e-06 
    1.340e-01     1.000e+00     1.345e-01     1.000e-06 
    1.343e-01     1.000e+00     1.348e-01     1.000e-06 
    1.346e-01     1.000e+00     1.352e-01     1.000e-06 
    1.350e-01     1.000e+00     1.355e-01     1.000e-06 
    1.353e-01     1.000e+00     1.359e-01     1.000e-06 
    1.357e-01     1.000e+00     1.363e-01     1.000e-06 
    1.362e-01     1.000e+00     1.368e-01     1.000e-06 
    1.367e-01     1.000e+00     1.372e-01     1.000e-06 
    1.370e-01     1.000e+00     1.376e-01     1.000e-06 
    1.373e-01     1.000e+00     1.379e-01     1.000e-06 
    1.377e-01     1.000e+00     1.383e-01     1.000e-06 
    1.382e-01     1.000e+00     1.388e-01     1.000e-06 
    1.386e-01     1.000e+00     1.392e-01     1.000e-06 
    1.390e-01     1.000e+00     1.396e-01     1.000e-06 
    1.395e-01     1.000e+00     1.401e-01     1.000e-06 
    1.399e-01     1.000e+00     1.404e-01     1.000e-06 
    1.402e-01     1.000e+00     1.408e-01     1.000e-06 
    1.408e-01     1.000e+00     1.413e-01     1.000e-06 
    1.412e-01     1.000e+00     1.418e-01     1.000e-06 
    1.416e-01     1.000e+00     1.422e-01     1.000e-06 
    1.420e-01     1.000e+00     1.426e-01     1.000e-06 
    1.422e-01     1.000e+00     1.428e-01     1.000e-06 
    1.428e-01     1.000e+00     1.434e-01     1.000e-06 
    1.435e-01     1.000e+00     1.440e-01     1.000e-06 
    1.441e-01     1.000e+00     1.446e-01     1.000e-06 
    1.445e-01     1.000e+00     1.451e-01     1.000e-06 
    1.448e-01     1.000e+00     1.454e-01     1.000e-06 
    1.450e-01     1.000e+00     1.456e-01     1.000e-06 
    1.453e-01     1.000e+00     1.459e-01     1.000e-06 
    1.459e-01     1.000e+00     1.465e-01     1.000e-06 
    1.465e-01     1.000e+00     1.470e-01     1.000e-06 
    1.470e-01     1.000e+00     1.476e-01     1.000e-06 
    1.474e-01     1.000e+00     1.480e-01     1.000e-06 
    1.476e-01     1.000e+00     1.482e-01     1.000e-06 
    1.480e-01     1.000e+00     1.486e-01     1.000e-06 
    1.483e-01     1.000e+00     1.488e-01     1.000e-06 
    1.485e-01     1.000e+00     1.491e-01     1.000e-06 
    1.486e-01     1.000e+00     1.491e-01     1.000e-06 
    1.493e-01     1.000e+00     1.498e-01     1.000e-06 
    1.497e-01     1.000e+00     1.503e-01     1.000e-06 
    1.498e-01     1.000e+00     1.504e-01     1.000e-06 
    1.503e-01     1.000e+00     1.509e-01     1.000e-06 
    1.509e-01     1.000e+00     1.515e-01     1.000e-06 
    1.511e-01     1.000e+00     1.517e-01     1.000e-06 
    1.517e-01     1.000e+00     1.522e-01     1.000e-06 
    1.521e-01     1.000e+00     1.527e-01     1.000e-06 
    1.525e-01     1.000e+00     1.530e-01     1.000e-06 
    1.527e-01     1.000e+00     1.532e-01     1.000e-06 
    1.529e-01     1.000e+00     1.534e-01     1.000e-06 
    1.530e-01     1.000e+00     1.536e-01     1.000e-06 
    1.532e-01     1.000e+00     1.538e-01     1.000e-06 
    1.534e-01     1.000e+00     1.540e-01     1.000e-06 
    1.535e-01     1.000e+00     1.541e-01     1.000e-06 
    1.536e-01     1.000e+00     1.541e-01     1.000e-06 
    1.536e-01     1.000e+00     1.542e-01     1.000e-06 
    1.536e-01     1.000e+00     1.542e-01     1.000e-06 
    1.536e-01     1.000e+00     1.542e-01     1.000e-06 
    1.537e-01     1.000e+00     1.543e-01     1.000e-06 
    1.538e-01     1.000e+00     1.544e-01     1.000e-06 
    1.539e-01     1.000e+00     1.545e-01     1.000e-06 
    1.540e-01     1.000e+00     1.546e-01     1.000e-06 
    1.541e-01     1.000e+00     1.547e-01     1.000e-06 
    1.543e-01     1.000e+00     1.548e-01     1.000e-06 
    1.544e-01     1.000e+00     1.550e-01     1.000e-06 
    1.546e-01     1.000e+00     1.552e-01     1.000e-06 
    1.549e-01     1.000e+00     1.555e-01     1.000e-06 
    1.551e-01     1.000e+00     1.556e-01     1.000e-06 
    1.556e-01     1.000e+00     1.562e-01     1.000e-06 
    1.561e-01     1.000e+00     1.567e-01     1.000e-06 
    1.567e-01     1.000e+00     1.573e-01     1.000e-06 
    1.574e-01     1.000e+00     1.580e-01     1.000e-06 
    1.580e-01     1.000e+00     1.586e-01     1.000e-06 
    1.586e-01     1.000e+00     1.592e-01     1.000e-06 
    1.592e-01     1.000e+00     1.598e-01     1.000e-06 
    1.598e-01     1.000e+00     1.604e-01     1.000e-06 
    1.603e-01     1.000e+00     1.609e-01     1.000e-06 
    1.608e-01     1.000e+00     1.614e-01     1.000e-06 
    1.613e-01     1.000e+00     1.618e-01     1.000e-06 
    1.617e-01     1.000e+00     1.623e-01     1.000e-06 
    1.621e-01     1.000e+00     1.627e-01     1.000e-06 
    1.626e-01     1.000e+00     1.632e-01     1.000e-06 
    1.631e-01     1.000e+00     1.637e-01     1.000e-06 
    1.637e-01     1.000e+00     1.643e-01     1.000e-06 
    1.643e-01     1.000e+00     1.649e-01     1.000e-06 
    1.649e-01     1.000e+00     1.655e-01     1.000e-06 
    1.655e-01     1.000e+00     1.661e-01     1.000e-06 
    1.661e-01     1.000e+00     1.667e-01     1.000e-06 
    1.666e-01     1.000e+00     1.672e-01     1.000e-06 
    1.670e-01     1.000e+00     1.675e-01     1.000e-06 
    1.671e-01     1.000e+00     1.676e-01     1.000e-06 
    1.676e-01     1.000e+00     1.682e-01     1.000e-06 
    1.681e-01     1.000e+00     1.686e-01     1.000e-06 
    1.682e-01     1.000e+00     1.687e-01     1.000e-06 
    1.683e-01     1.000e+00     1.688e-01     1.000e-06 
    1.688e-01     1.000e+00     1.693e-01     1.000e-06 
    1.690e-01     1.000e+00     1.696e-01     1.000e-06 
    1.692e-01     1.000e+00     1.698e-01     1.000e-06 
    1.693e-01     1.000e+00     1.699e-01     1.000e-06 
    1.697e-01     1.000e+00     1.703e-01     1.000e-06 
    1.700e-01     1.000e+00     1.705e-01     1.000e-06 
    1.702e-01     1.000e+00     1.708e-01     1.000e-06 
    1.704e-01     1.000e+00     1.710e-01     1.000e-06 
    1.708e-01     1.000e+00     1.714e-01     1.000e-06 
    1.715e-01     1.000e+00     1.720e-01     1.000e-06 
    1.722e-01     1.000e+00     1.728e-01     1.000e-06 
    1.730e-01     1.000e+00     1.735e-01     1.000e-06 
    1.737e-01     1.000e+00     1.743e-01     1.000e-06 
    1.744e-01     1.000e+00     1.749e-01     1.000e-06 
    1.750e-01     1.000e+00     1.756e-01     1.000e-06 
    1.750e-01     1.000e+00     1.756e-01     1.000e-06 
    1.757e-01     1.000e+00     1.763e-01     1.000e-06 
    1.763e-01     1.000e+00     1.769e-01     1.000e-06 
    1.770e-01     1.000e+00     1.776e-01     1.000e-06 
    1.776e-01     1.000e+00     1.782e-01     1.000e-06 
    1.783e-01     1.000e+00     1.788e-01     1.000e-06 
    1.789e-01     1.000e+00     1.795e-01     1.000e-06 
    1.795e-01     1.000e+00     1.801e-01     1.000e-06 
    1.802e-01     1.000e+00     1.807e-01     1.000e-06 
    1.807e-01     1.000e+00     1.813e-01     1.000e-06 
    1.810e-01     1.000e+00     1.816e-01     1.000e-06 
    1.813e-01     1.000e+00     1.818e-01     1.000e-06 
    1.814e-01     1.000e+00     1.819e-01     1.000e-06 
    1.821e-01     1.000e+00     1.827e-01     1.000e-06 
    1.828e-01     1.000e+00     1.834e-01     1.000e-06 
    1.834e-01     1.000e+00     1.840e-01     1.000e-06 
    1.842e-01     1.000e+00     1.848e-01     1.000e-06 
    1.848e-01     1.000e+00     1.854e-01     1.000e-06 
    1.856e-01     1.000e+00     1.862e-01     1.000e-06 
    1.858e-01     1.000e+00     1.864e-01     1.000e-06 
    1.866e-01     1.000e+00     1.872e-01     1.000e-06 
    1.875e-01     1.000e+00     1.880e-01     1.000e-06 
    1.882e-01     1.000e+00     1.888e-01     1.000e-06 
    1.890e-01     1.000e+00     1.896e-01     1.000e-06 
    1.897e-01     1.000e+00     1.903e-01     1.000e-06 
    1.906e-01     1.000e+00     1.912e-01     1.000e-06 
    1.913e-01     1.000e+00     1.919e-01     1.000e-06 
    1.921e-01     1.000e+00     1.927e-01     1.000e-06 
    1.929e-01     1.000e+00     1.934e-01     1.000e-06 
    1.937e-01     1.000e+00     1.943e-01     1.000e-06 
    1.943e-01     1.000e+00     1.949e-01     1.000e-06 
    1.951e-01     1.000e+00     1.957e-01     1.000e-06 
    1.959e-01     1.000e+00     1.965e-01     1.000e-06 
    1.968e-01     1.000e+00     1.973e-01     1.000e-06 
    1.976e-01     1.000e+00     1.982e-01     1.000e-06 
    1.984e-01     1.000e+00     1.990e-01     1.000e-06 
    1.993e-01     1.000e+00     1.999e-01     1.000e-06 
    2.002e-01     1.000e+00     2.007e-01     1.000e-06 
    2.010e-01     1.000e+00     2.016e-01     1.000e-06 
    2.014e-01     1.000e+00     2.019e-01     1.000e-06 
    2.022e-01     1.000e+00     2.028e-01     1.000e-06 
    2.032e-01     1.000e+00     2.038e-01     1.000e-06 
    2.040e-01     1.000e+00     2.046e-01     1.000e-06 
    2.050e-01     1.000e+00     2.055e-01     1.000e-06 
    2.059e-01     1.000e+00     2.065e-01     1.000e-06 
    2.067e-01     1.000e+00     2.073e-01     1.000e-06 
    2.077e-01     1.000e+00     2.082e-01     1.000e-06 
    2.078e-01     1.000e+00     2.083e-01     1.000e-06 
    2.087e-01     1.000e+00     2.092e-01     1.000e-06 
    2.095e-01     1.000e+00     2.101e-01     1.000e-06 
    2.101e-01     1.000e+00     2.107e-01     1.000e-06 
    2.110e-01     1.000e+00     2.116e-01     1.000e-06 
    2.118e-01     1.000e+00     2.124e-01     1.000e-06 
    2.127e-01     1.000e+00     2.133e-01     1.000e-06 
    2.136e-01     1.000e+00     2.142e-01     1.000e-06 
    2.145e-01     1.000e+00     2.151e-01     1.000e-06 
    2.154e-01     1.000e+00     2.160e-01     1.000e-06 
    2.163e-01     1.000e+00     2.169e-01     1.000e-06 
    2.172e-01     1.000e+00     2.178e-01     1.000e-06 
    2.181e-01     1.000e+00     2.187e-01     1.000e-06 
    2.191e-01     1.000e+00     2.197e-01     1.000e-06 
    2.196e-01     1.000e+00     2.202e-01     1.000e-06 
    2.196e-01     1.000e+00     2.202e-01     1.000e-06 
    2.201e-01     1.000e+00     2.207e-01     1.000e-06 
    2.203e-01     1.000e+00     2.209e-01     1.000e-06 
    2.212e-01     1.000e+00     2.218e-01     1.000e-06 
    2.220e-01     1.000e+00     2.226e-01     1.000e-06 
    2.228e-01     1.000e+00     2.234e-01     1.000e-06 
    2.236e-01     1.000e+00     2.242e-01     1.000e-06 
    2.244e-01     1.000e+00     2.250e-01     1.000e-06 
    2.253e-01     1.000e+00     2.259e-01     1.000e-06 
    2.263e-01     1.000e+00     2.269e-01     1.000e-06 
    2.271e-01     1.000e+00     2.277e-01     1.000e-06 
    2.281e-01     1.000e+00     2.287e-01     1.000e-06 
    2.291e-01     1.000e+00     2.297e-01     1.000e-06 
    2.300e-01     1.000e+00     2.306e-01     1.000e-06 
    2.309e-01     1.000e+00     2.315e-01     1.000e-06 
    2.318e-01     1.000e+00     2.324e-01     1.000e-06 
    2.324e-01     1.000e+00     2.329e-01     1.000e-06 
    2.331e-01     1.000e+00     2.337e-01     1.000e-06 
    2.337e-01     1.000e+00     2.343e-01     1.000e-06 
    2.345e-01     1.000e+00     2.351e-01     1.000e-06 
    2.349e-01     1.000e+00     2.355e-01     1.000e-06 
    2.357e-01     1.000e+00     2.363e-01     1.000e-06 
    2.366e-01     1.000e+00     2.371e-01     1.000e-06 
    2.375e-01     1.000e+00     2.381e-01     1.000e-06 
    2.377e-01     1.000e+00     2.383e-01     1.000e-06 
    2.386e-01     1.000e+00     2.392e-01     1.000e-06 
    2.396e-01     1.000e+00     2.402e-01     1.000e-06 
    2.406e-01     1.000e+00     2.412e-01     1.000e-06 
    2.417e-01     1.000e+00     2.423e-01     1.000e-06 
    2.420e-01     1.000e+00     2.426e-01     1.000e-06 
    2.427e-01     1.000e+00     2.433e-01     1.000e-06 
    2.438e-01     1.000e+00     2.444e-01     1.000e-06 
    2.444e-01     1.000e+00     2.450e-01     1.000e-06 
    2.454e-01     1.000e+00     2.460e-01     1.000e-06 
    2.464e-01     1.000e+00     2.470e-01     1.000e-06 
    2.471e-01     1.000e+00     2.476e-01     1.000e-06 
    2.474e-01     1.000e+00     2.480e-01     1.000e-06 
    2.484e-01     1.000e+00     2.490e-01     1.000e-06 
    2.493e-01     1.000e+00     2.499e-01     1.000e-06 
    2.497e-01     1.000e+00     2.503e-01     1.000e-06 
    2.498e-01     1.000e+00     2.504e-01     1.000e-06 
    2.508e-01     1.000e+00     2.514e-01     1.000e-06 
    2.509e-01     1.000e+00     2.515e-01     1.000e-06 
    2.518e-01     1.000e+00     2.524e-01     1.000e-06 
    2.528e-01     1.000e+00     2.534e-01     1.000e-06 
    2.539e-01     1.000e+00     2.545e-01     1.000e-06 
    2.544e-01     1.000e+00     2.550e-01     1.000e-06 
    2.553e-01     1.000e+00     2.559e-01     1.000e-06 
    2.560e-01     1.000e+00     2.566e-01     1.000e-06 
    2.572e-01     1.000e+00     2.578e-01     1.000e-06 
    2.584e-01     1.000e+00     2.590e-01     1.000e-06 
    2.595e-01     1.000e+00     2.601e-01     1.000e-06 
    2.604e-01     1.000e+00     2.610e-01     1.000e-06 
    2.605e-01     1.000e+00     2.611e-01     1.000e-06 
    2.616e-01     1.000e+00     2.622e-01     1.000e-06 
    2.617e-01     1.000e+00     2.623e-01     1.000e-06 
    2.618e-01     1.000e+00     2.624e-01     1.000e-06 
    2.620e-01     1.000e+00     2.625e-01     1.000e-06 
    2.627e-01     1.000e+00     2.633e-01     1.000e-06 
    2.637e-01     1.000e+00     2.643e-01     1.000e-06 
    2.648e-01     1.000e+00     2.654e-01     1.000e-06 
    2.655e-01     1.000e+00     2.661e-01     1.000e-06 
    2.667e-01     1.000e+00     2.672e-01     1.000e-06 
    2.678e-01     1.000e+00     2.683e-01     1.000e-06 
    2.678e-01     1.000e+00     2.684e-01     1.000e-06 
    2.688e-01     1.000e+00     2.694e-01     1.000e-06 
    2.692e-01     1.000e+00     2.698e-01     1.000e-06 
    2.702e-01     1.000e+00     2.708e-01     1.000e-06 
    2.712e-01     1.000e+00     2.718e-01     1.000e-06 
    2.715e-01     1.000e+00     2.721e-01     1.000e-06 
    2.718e-01     1.000e+00     2.724e-01     1.000e-06 
    2.731e-01     1.000e+00     2.737e-01     1.000e-06 
    2.744e-01     1.000e+00     2.750e-01     1.000e-06 
    2.757e-01     1.000e+00     2.763e-01     1.000e-06 
    2.770e-01     1.000e+00     2.775e-01     1.000e-06 
    2.783e-01     1.000e+00     2.788e-01     1.000e-06 
    2.796e-01     1.000e+00     2.802e-01     1.000e-06 
    2.808e-01     1.000e+00     2.814e-01     1.000e-06 
    2.820e-01     1.000e+00     2.826e-01     1.000e-06 
    2.833e-01     1.000e+00     2.839e-01     1.000e-06 
    2.845e-01     1.000e+00     2.851e-01     1.000e-06 
    2.847e-01     1.000e+00     2.853e-01     1.000e-06 
    2.859e-01     1.000e+00     2.865e-01     1.000e-06 
    2.871e-01     1.000e+00     2.877e-01     1.000e-06 
    2.881e-01     1.000e+00     2.887e-01     1.000e-06 
    2.883e-01     1.000e+00     2.889e-01     1.000e-06 
    2.893e-01     1.000e+00     2.899e-01     1.000e-06 
    2.905e-01     1.000e+00     2.911e-01     1.000e-06 
    2.917e-01     1.000e+00     2.923e-01     1.000e-06 
    2.930e-01     1.000e+00     2.936e-01     1.000e-06 
    2.938e-01     1.000e+00     2.944e-01     1.000e-06 
    2.948e-01     1.000e+00     2.954e-01     1.000e-06 
    2.961e-01     1.000e+00     2.967e-01     1.000e-06 
    2.973e-01     1.000e+00     2.979e-01     1.000e-06 
    2.985e-01     1.000e+00     2.991e-01     1.000e-06 
    2.987e-01     1.000e+00     2.993e-01     1.000e-06 
    2.998e-01     1.000e+00     3.004e-01     1.000e-06 
    2.999e-01     1.000e+00     3.005e-01     1.000e-06 
    3.010e-01     1.000e+00     3.016e-01     1.000e-06 
    3.022e-01     1.000e+00     3.028e-01     1.000e-06 
    3.033e-01     1.000e+00     3.039e-01     1.000e-06 
    3.044e-01     1.000e+00     3.050e-01     1.000e-06 
    3.047e-01     1.000e+00     3.053e-01     1.000e-06 
    3.059e-01     1.000e+00     3.065e-01     1.000e-06 
    3.065e-01     1.000e+00     3.071e-01     1.000e-06 
    3.077e-01     1.000e+00     3.083e-01     1.000e-06 
    3.090e-01     1.000e+00     3.096e-01     1.000e-06 
    3.094e-01     1.000e+00     3.100e-01     1.000e-06 
    3.106e-01     1.000e+00     3.112e-01     1.000e-06 
    3.118e-01     1.000e+00     3.123e-01     1.000e-06 
    3.128e-01     1.000e+00     3.134e-01     1.000e-06 
    3.139e-01     1.000e+00     3.145e-01     1.000e-06 
    3.151e-01     1.000e+00     3.157e-01     1.000e-06 
    3.164e-01     1.000e+00     3.169e-01     1.000e-06 
    3.177e-01     1.000e+00     3.183e-01     1.000e-06 
    3.181e-01     1.000e+00     3.187e-01     1.000e-06 
    3.195e-01     1.000e+00     3.200e-01     1.000e-06 
    3.209e-01     1.000e+00     3.215e-01     1.000e-06 
    3.225e-01     1.000e+00     3.231e-01     1.000e-06 
    3.241e-01     1.000e+00     3.247e-01     1.000e-06 
    3.257e-01     1.000e+00     3.263e-01     1.000e-06 
    3.273e-01     1.000e+00     3.279e-01     1.000e-06 
    3.280e-01     1.000e+00     3.286e-01     1.000e-06 
    3.295e-01     1.000e+00     3.301e-01     1.000e-06 
    3.300e-01     1.000e+00     3.306e-01     1.000e-06 
    3.314e-01     1.000e+00     3.320e-01     1.000e-06 
    3.328e-01     1.000e+00     3.334e-01     1.000e-06 
    3.342e-01     1.000e+00     3.348e-01     1.000e-06 
    3.358e-01     1.000e+00     3.364e-01     1.000e-06 
    3.372e-01     1.000e+00     3.378e-01     1.000e-06 
    3.389e-01     1.000e+00     3.395e-01     1.000e-06 
    3.404e-01     1.000e+00     3.410e-01     1.000e-06 
    3.416e-01     1.000e+00     3.422e-01     1.000e-06 
    3.417e-01     1.000e+00     3.423e-01     1.000e-06 
    3.422e-01     1.000e+00     3.428e-01     1.000e-06 
    3.423e-01     1.000e+00     3.429e-01     1.000e-06 
    3.430e-01     1.000e+00     3.436e-01     1.000e-06 
    3.433e-01     1.000e+00     3.439e-01     1.000e-06 
    3.435e-01     1.000e+00     3.441e-01     1.000e-06 
    3.442e-01     1.000e+00     3.448e-01     1.000e-06 
    3.448e-01     1.000e+00     3.454e-01     1.000e-06 
    3.454e-01     1.000e+00     3.460e-01     1.000e-06 
    3.460e-01     1.000e+00     3.466e-01     1.000e-06 
    3.468e-01     1.000e+00     3.474e-01     1.000e-06 
    3.480e-01     1.000e+00     3.486e-01     1.000e-06 
    3.490e-01     1.000e+00     3.496e-01     1.000e-06 
    3.502e-01     1.000e+00     3.508e-01     1.000e-06 
    3.514e-01     1.000e+00     3.520e-01     1.000e-06 
    3.528e-01     1.000e+00     3.534e-01     1.000e-06 
    3.532e-01     1.000e+00     3.538e-01     1.000e-06 
    3.538e-01     1.000e+00     3.544e-01     1.000e-06 
    3.549e-01     1.000e+00     3.555e-01     1.000e-06 
    3.562e-01     1.000e+00     3.568e-01     1.000e-06 
    3.576e-01     1.000e+00     3.582e-01     1.000e-06 
    3.590e-01     1.000e+00     3.596e-01     1.000e-06 
    3.603e-01     1.000e+00     3.609e-01     1.000e-06 
    3.615e-01     1.000e+00     3.621e-01     1.000e-06 
    3.628e-01     1.000e+00     3.634e-01     1.000e-06 
    3.639e-01     1.000e+00     3.645e-01     1.000e-06 
    3.651e-01     1.000e+00     3.657e-01     1.000e-06 
    3.664e-01     1.000e+00     3.670e-01     1.000e-06 
    3.677e-01     1.000e+00     3.683e-01     1.000e-06 
    3.689e-01     1.000e+00     3.695e-01     1.000e-06 
    3.700e-01     1.000e+00     3.706e-01     1.000e-06 
    3.701e-01     1.000e+00     3.707e-01     1.000e-06 
    3.711e-01     1.000e+00     3.717e-01     1.000e-06 
    3.722e-01     1.000e+00     3.728e-01     1.000e-06 
    3.733e-01     1.000e+00     3.739e-01     1.000e-06 
    3.742e-01     1.000e+00     3.748e-01     1.000e-06 
    3.743e-01     1.000e+00     3.749e-01     1.000e-06 
    3.751e-01     1.000e+00     3.757e-01     1.000e-06 
    3.751e-01     1.000e+00     3.757e-01     1.000e-06 
    3.760e-01     1.000e+00     3.766e-01     1.000e-06 
    3.767e-01     1.000e+00     3.773e-01     1.000e-06 
    3.774e-01     1.000e+00     3.780e-01     1.000e-06 
    3.779e-01     1.000e+00     3.785e-01     1.000e-06 
    3.782e-01     1.000e+00     3.788e-01     1.000e-06 
    3.783e-01     1.000e+00     3.789e-01     1.000e-06 
    3.786e-01     1.000e+00     3.792e-01     1.000e-06 
    3.796e-01     1.000e+00     3.802e-01     1.000e-06 
    3.805e-01     1.000e+00     3.811e-01     1.000e-06 
    3.815e-01     1.000e+00     3.821e-01     1.000e-06 
    3.815e-01     1.000e+00     3.821e-01     1.000e-06 
    3.824e-01     1.000e+00     3.831e-01     1.000e-06 
    3.834e-01     1.000e+00     3.840e-01     1.000e-06 
    3.843e-01     1.000e+00     3.849e-01     1.000e-06 
    3.852e-01     1.000e+00     3.858e-01     1.000e-06 
    3.861e-01     1.000e+00     3.867e-01     1.000e-06 
    3.870e-01     1.000e+00     3.876e-01     1.000e-06 
    3.871e-01     1.000e+00     3.877e-01     1.000e-06 
    3.872e-01     1.000e+00     3.878e-01     1.000e-06 
    3.880e-01     1.000e+00     3.886e-01     1.000e-06 
    3.888e-01     1.000e+00     3.894e-01     1.000e-06 
    3.896e-01     1.000e+00     3.902e-01     1.000e-06 
    3.903e-01     1.000e+00     3.909e-01     1.000e-06 
    3.910e-01     1.000e+00     3.916e-01     1.000e-06 
    3.917e-01     1.000e+00     3.923e-01     1.000e-06 
    3.924e-01     1.000e+00     3.930e-01     1.000e-06 
    3.931e-01     1.000e+00     3.937e-01     1.000e-06 
    3.938e-01     1.000e+00     3.944e-01     1.000e-06 
    3.945e-01     1.000e+00     3.951e-01     1.000e-06 
    3.952e-01     1.000e+00     3.958e-01     1.000e-06 
    3.959e-01     1.000e+00     3.965e-01     1.000e-06 
    3.966e-01     1.000e+00     3.972e-01     1.000e-06 
    3.972e-01     1.000e+00     3.978e-01     1.000e-06 
    3.978e-01     1.000e+00     3.984e-01     1.000e-06 
    3.983e-01     1.000e+00     3.989e-01     1.000e-06 
    3.987e-01     1.000e+00     3.993e-01     1.000e-06 
    3.992e-01     1.000e+00     3.998e-01     1.000e-06 
    3.996e-01     1.000e+00     4.002e-01     1.000e-06 
    4.001e-01     1.000e+00     4.007e-01     1.000e-06 
    4.006e-01     1.000e+00     4.012e-01     1.000e-06 
    4.010e-01     1.000e+00     4.016e-01     1.000e-06 
    4.015e-01     1.000e+00     4.021e-01     1.000e-06 
    4.020e-01     1.000e+00     4.026e-01     1.000e-06 
    4.024e-01     1.000e+00     4.030e-01     1.000e-06 
    4.027e-01     1.000e+00     4.033e-01     1.000e-06 
    4.032e-01     1.000e+00     4.038e-01     1.000e-06 
    4.036e-01     1.000e+00     4.042e-01     1.000e-06 
    4.041e-01     1.000e+00     4.047e-01     1.000e-06 
    4.046e-01     1.000e+00     4.052e-01     1.000e-06 
    4.050e-01     1.000e+00     4.056e-01     1.000e-06 
    4.053e-01     1.000e+00     4.059e-01     1.000e-06 
    4.056e-01     1.000e+00     4.062e-01     1.000e-06 
    4.058e-01     1.000e+00     4.065e-01     1.000e-06 
    4.060e-01     1.000e+00     4.066e-01     1.000e-06 
    4.060e-01     1.000e+00     4.066e-01     1.000e-06 
    4.063e-01     1.000e+00     4.069e-01     1.000e-06 
    4.064e-01     1.000e+00     4.070e-01     1.000e-06 
    4.065e-01     1.000e+00     4.071e-01     1.000e-06 
    4.066e-01     1.000e+00     4.072e-01     1.000e-06 
    4.067e-01     1.000e+00     4.073e-01     1.000e-06 
    4.068e-01     1.000e+00     4.074e-01     1.000e-06 
    4.068e-01     1.000e+00     4.074e-01     1.000e-06 
    4.070e-01     1.000e+00     4.076e-01     1.000e-06 
    4.072e-01     1.000e+00     4.078e-01     1.000e-06 
    4.072e-01     1.000e+00     4.078e-01     1.000e-06 
    4.073e-01     1.000e+00     4.079e-01     1.000e-06 
    4.074e-01     1.000e+00     4.080e-01     1.000e-06 
    4.076e-01     1.000e+00     4.082e-01     1.000e-06 
    4.078e-01     1.000e+00     4.084e-01     1.000e-06 
    4.080e-01     1.000e+00     4.086e-01     1.000e-06 
    4.081e-01     1.000e+00     4.087e-01     1.000e-06 
    4.082e-01     1.000e+00     4.089e-01     1.000e-06 
    4.083e-01     1.000e+00     4.090e-01     1.000e-06 
    4.084e-01     1.000e+00     4.091e-01     1.000e-06 
    4.086e-01     1.000e+00     4.092e-01     1.000e-06 
    4.087e-01     1.000e+00     4.094e-01     1.000e-06 
    4.089e-01     1.000e+00     4.095e-01     1.000e-06 
    4.092e-01     1.000e+00     4.098e-01     1.000e-06 
    4.095e-01     1.000e+00     4.101e-01     1.000e-06 
    4.098e-01     1.000e+00     4.104e-01     1.000e-06 
    4.101e-01     1.000e+00     4.107e-01     1.000e-06 
    4.104e-01     1.000e+00     4.110e-01     1.000e-06 
    4.106e-01     1.000e+00     4.113e-01     1.000e-06 
    4.108e-01     1.000e+00     4.114e-01     1.000e-06 
    4.109e-01     1.000e+00     4.115e-01     1.000e-06 
    4.110e-01     1.000e+00     4.116e-01     1.000e-06 
    4.111e-01     1.000e+00     4.117e-01     1.000e-06 
    4.113e-01     1.000e+00     4.119e-01     1.000e-06 
    4.114e-01     1.000e+00     4.120e-01     1.000e-06 
    4.116e-01     1.000e+00     4.123e-01     1.000e-06 
    4.119e-01     1.000e+00     4.125e-01     1.000e-06 
    4.122e-01     1.000e+00     4.128e-01     1.000e-06 
    4.124e-01     1.000e+00     4.131e-01     1.000e-06 
    4.127e-01     1.000e+00     4.133e-01     1.000e-06 
    4.130e-01     1.000e+00     4.136e-01     1.000e-06 
    4.133e-01     1.000e+00     4.139e-01     1.000e-06 
    4.135e-01     1.000e+00     4.141e-01     1.000e-06 
    4.138e-01     1.000e+00     4.144e-01     1.000e-06 
    4.141e-01     1.000e+00     4.147e-01     1.000e-06 
    4.143e-01     1.000e+00     4.149e-01     1.002e-06 
    4.145e-01     1.000e+00     4.151e-01     1.180e-06 
    4.148e-01     1.000e+00     4.154e-01     2.795e-06 
    4.150e-01     1.000e+00     4.156e-01     6.055e-05 
    4.151e-01     1.000e+00     4.157e-01     2.823e-04 
    4.153e-01     1.000e+00     4.159e-01     2.421e-03 
    4.154e-01     1.000e+00     4.161e-01     9.424e-03 
    4.156e-01     9.995e-01     4.162e-01     2.225e-02 
    4.158e-01     9.974e-01     4.164e-01     3.790e-02 
    4.159e-01     9.923e-01     4.165e-01     5.394e-02 
    4.161e-01     9.840e-01     4.167e-01     6.900e-02 
    4.163e-01     9.733e-01     4.169e-01     8.262e-02 
    4.164e-01     9.610e-01     4.170e-01     9.303e-02 
    4.165e-01     9.500e-01     4.171e-01     1.004e-01 
    4.167e-01     9.414e-01     4.173e-01     1.059e-01 
    4.168e-01     9.344e-01     4.174e-01     1.102e-01 
    4.169e-01     9.287e-01     4.175e-01     1.136e-01 
    4.171e-01     9.240e-01     4.176e-01     1.164e-01 
    4.172e-01     9.201e-01     4.177e-01     1.187e-01 
    4.172e-01     9.168e-01     4.178e-01     1.197e-01 
    4.173e-01     9.154e-01     4.179e-01     1.214e-01 
    4.175e-01     9.128e-01     4.180e-01     1.229e-01 
    4.176e-01     9.105e-01     4.181e-01     1.242e-01 
    4.177e-01     9.086e-01     4.182e-01     1.253e-01 
    4.178e-01     9.069e-01     4.183e-01     1.263e-01 
    4.179e-01     9.054e-01     4.184e-01     1.272e-01 
    4.180e-01     9.040e-01     4.185e-01     1.280e-01 
    4.181e-01     9.028e-01     4.186e-01     1.287e-01 
    4.182e-01     9.017e-01     4.187e-01     1.293e-01 
    4.183e-01     9.007e-01     4.188e-01     1.299e-01 
    4.184e-01     8.997e-01     4.189e-01     1.304e-01 
    4.185e-01     8.989e-01     4.189e-01     1.308e-01 
    4.186e-01     8.982e-01     4.190e-01     1.312e-01 
    4.186e-01     8.976e-01     4.191e-01     1.315e-01 
    4.187e-01     8.971e-01     4.191e-01     1.317e-01 
    4.187e-01     8.968e-01     4.191e-01     1.318e-01 
    4.187e-01     8.966e-01     4.191e-01     1.319e-01 
    4.187e-01     8.966e-01     4.191e-01     1.319e-01 
    4.188e-01     8.965e-01     4.192e-01     1.324e-01 
    4.189e-01     8.957e-01     4.193e-01     1.329e-01 
    4.190e-01     8.948e-01     4.194e-01     1.335e-01 
    4.191e-01     8.940e-01     4.195e-01     1.340e-01 
    4.192e-01     8.931e-01     4.196e-01     1.345e-01 
    4.193e-01     8.923e-01     4.197e-01     1.350e-01 
    4.194e-01     8.914e-01     4.198e-01     1.355e-01 
    4.195e-01     8.905e-01     4.199e-01     1.361e-01 
    4.196e-01     8.896e-01     4.199e-01     1.366e-01 
    4.198e-01     8.887e-01     4.200e-01     1.372e-01 
    4.199e-01     8.878e-01     4.201e-01     1.377e-01 
    4.200e-01     8.869e-01     4.202e-01     1.383e-01 
    4.201e-01     8.860e-01     4.203e-01     1.388e-01 
    4.202e-01     8.850e-01     4.204e-01     1.394e-01 
    4.203e-01     8.841e-01     4.205e-01     1.399e-01 
    4.204e-01     8.831e-01     4.206e-01     1.405e-01 
    4.205e-01     8.821e-01     4.207e-01     1.411e-01 
    4.205e-01     8.811e-01     4.207e-01     1.417e-01 
    4.206e-01     8.801e-01     4.208e-01     1.422e-01 
    4.207e-01     8.791e-01     4.209e-01     1.428e-01 
    4.208e-01     8.781e-01     4.210e-01     1.435e-01 
    4.209e-01     8.770e-01     4.210e-01     1.438e-01 
    4.209e-01     8.764e-01     4.211e-01     1.441e-01 
    4.209e-01     8.759e-01     4.211e-01     1.441e-01 
    4.210e-01     8.759e-01     4.212e-01     1.446e-01 
    4.211e-01     8.751e-01     4.212e-01     1.452e-01 
    4.212e-01     8.739e-01     4.213e-01     1.458e-01 
    4.213e-01     8.728e-01     4.214e-01     1.465e-01 
    4.214e-01     8.717e-01     4.215e-01     1.471e-01 
    4.215e-01     8.705e-01     4.216e-01     1.478e-01 
    4.216e-01     8.693e-01     4.216e-01     1.484e-01 
    4.217e-01     8.682e-01     4.217e-01     1.490e-01 
    4.218e-01     8.670e-01     4.218e-01     1.497e-01 
    4.219e-01     8.659e-01     4.219e-01     1.503e-01 
    4.220e-01     8.647e-01     4.220e-01     1.509e-01 
    4.221e-01     8.636e-01     4.221e-01     1.515e-01 
    4.221e-01     8.625e-01     4.221e-01     1.521e-01 
    4.222e-01     8.613e-01     4.222e-01     1.527e-01 
    4.223e-01     8.602e-01     4.223e-01     1.533e-01 
    4.224e-01     8.591e-01     4.224e-01     1.539e-01 
    4.225e-01     8.580e-01     4.224e-01     1.545e-01 
    4.226e-01     8.570e-01     4.225e-01     1.550e-01 
    4.227e-01     8.559e-01     4.226e-01     1.556e-01 
    4.228e-01     8.549e-01     4.227e-01     1.561e-01 
    4.229e-01     8.539e-01     4.228e-01     1.566e-01 
    4.230e-01     8.529e-01     4.228e-01     1.571e-01 
    4.230e-01     8.519e-01     4.229e-01     1.576e-01 
    4.231e-01     8.510e-01     4.230e-01     1.581e-01 
    4.232e-01     8.500e-01     4.231e-01     1.586e-01 
    4.233e-01     8.491e-01     4.231e-01     1.591e-01 
    4.234e-01     8.482e-01     4.232e-01     1.596e-01 
    4.235e-01     8.472e-01     4.233e-01     1.601e-01 
    4.236e-01     8.463e-01     4.234e-01     1.606e-01 
    4.237e-01     8.453e-01     4.234e-01     1.611e-01 
    4.238e-01     8.443e-01     4.235e-01     1.616e-01 
    4.238e-01     8.433e-01     4.236e-01     1.621e-01 
    4.239e-01     8.424e-01     4.237e-01     1.626e-01 
    4.240e-01     8.414e-01     4.237e-01     1.631e-01 
    4.241e-01     8.404e-01     4.238e-01     1.636e-01 
    4.242e-01     8.395e-01     4.239e-01     1.640e-01 
    4.243e-01     8.386e-01     4.239e-01     1.645e-01 
    4.244e-01     8.377e-01     4.240e-01     1.649e-01 
    4.245e-01     8.368e-01     4.241e-01     1.653e-01 
    4.245e-01     8.360e-01     4.242e-01     1.657e-01 
    4.246e-01     8.352e-01     4.242e-01     1.661e-01 
    4.247e-01     8.344e-01     4.243e-01     1.663e-01 
    4.247e-01     8.340e-01     4.243e-01     1.665e-01 
    4.248e-01     8.337e-01     4.244e-01     1.667e-01 
    4.248e-01     8.332e-01     4.244e-01     1.668e-01 
    4.249e-01     8.331e-01     4.244e-01     1.671e-01 
    4.249e-01     8.324e-01     4.245e-01     1.675e-01 
    4.250e-01     8.317e-01     4.246e-01     1.678e-01 
    4.251e-01     8.310e-01     4.246e-01     1.681e-01 
    4.252e-01     8.304e-01     4.247e-01     1.685e-01 
    4.253e-01     8.297e-01     4.248e-01     1.688e-01 
    4.254e-01     8.290e-01     4.249e-01     1.692e-01 
    4.255e-01     8.283e-01     4.249e-01     1.695e-01 
    4.255e-01     8.276e-01     4.250e-01     1.699e-01 
    4.256e-01     8.269e-01     4.251e-01     1.702e-01 
    4.257e-01     8.262e-01     4.251e-01     1.706e-01 
    4.258e-01     8.254e-01     4.252e-01     1.709e-01 
    4.259e-01     8.247e-01     4.253e-01     1.713e-01 
    4.260e-01     8.239e-01     4.253e-01     1.717e-01 
    4.260e-01     8.231e-01     4.254e-01     1.721e-01 
    4.261e-01     8.223e-01     4.255e-01     1.725e-01 
    4.262e-01     8.214e-01     4.255e-01     1.730e-01 
    4.263e-01     8.206e-01     4.256e-01     1.734e-01 
    4.264e-01     8.197e-01     4.257e-01     1.738e-01 
    4.265e-01     8.187e-01     4.258e-01     1.743e-01 
    4.265e-01     8.178e-01     4.258e-01     1.747e-01 
    4.266e-01     8.169e-01     4.259e-01     1.752e-01 
    4.267e-01     8.159e-01     4.259e-01     1.757e-01 
    4.268e-01     8.149e-01     4.260e-01     1.762e-01 
    4.269e-01     8.139e-01     4.261e-01     1.766e-01 
    4.269e-01     8.130e-01     4.261e-01     1.771e-01 
    4.270e-01     8.120e-01     4.262e-01     1.776e-01 
    4.271e-01     8.110e-01     4.263e-01     1.781e-01 
    4.272e-01     8.100e-01     4.263e-01     1.785e-01 
    4.272e-01     8.090e-01     4.264e-01     1.790e-01 
    4.273e-01     8.080e-01     4.265e-01     1.795e-01 
    4.274e-01     8.070e-01     4.265e-01     1.799e-01 
    4.275e-01     8.060e-01     4.266e-01     1.804e-01 
    4.276e-01     8.050e-01     4.266e-01     1.809e-01 
    4.276e-01     8.040e-01     4.267e-01     1.813e-01 
    4.277e-01     8.030e-01     4.268e-01     1.818e-01 
    4.278e-01     8.021e-01     4.268e-01     1.822e-01 
    4.279e-01     8.012e-01     4.269e-01     1.826e-01 
    4.279e-01     8.002e-01     4.270e-01     1.831e-01 
    4.280e-01     7.993e-01     4.270e-01     1.835e-01 
    4.281e-01     7.984e-01     4.271e-01     1.839e-01 
    4.282e-01     7.975e-01     4.271e-01     1.843e-01 
    4.282e-01     7.966e-01     4.272e-01     1.847e-01 
    4.283e-01     7.957e-01     4.273e-01     1.851e-01 
    4.284e-01     7.949e-01     4.273e-01     1.855e-01 
    4.285e-01     7.940e-01     4.274e-01     1.860e-01 
    4.285e-01     7.931e-01     4.274e-01     1.864e-01 
    4.286e-01     7.922e-01     4.275e-01     1.868e-01 
    4.287e-01     7.913e-01     4.276e-01     1.872e-01 
    4.288e-01     7.904e-01     4.276e-01     1.876e-01 
    4.288e-01     7.895e-01     4.277e-01     1.880e-01 
    4.289e-01     7.886e-01     4.277e-01     1.884e-01 
    4.290e-01     7.877e-01     4.278e-01     1.888e-01 
    4.291e-01     7.868e-01     4.278e-01     1.892e-01 
    4.291e-01     7.859e-01     4.279e-01     1.896e-01 
    4.292e-01     7.851e-01     4.280e-01     1.900e-01 
    4.293e-01     7.843e-01     4.280e-01     1.904e-01 
    4.294e-01     7.835e-01     4.281e-01     1.907e-01 
    4.294e-01     7.827e-01     4.281e-01     1.910e-01 
    4.295e-01     7.820e-01     4.282e-01     1.913e-01 
    4.296e-01     7.813e-01     4.282e-01     1.916e-01 
    4.296e-01     7.807e-01     4.283e-01     1.919e-01 
    4.297e-01     7.801e-01     4.284e-01     1.921e-01 
    4.298e-01     7.795e-01     4.284e-01     1.924e-01 
    4.299e-01     7.790e-01     4.285e-01     1.926e-01 
    4.299e-01     7.785e-01     4.285e-01     1.928e-01 
    4.300e-01     7.780e-01     4.286e-01     1.930e-01 
    4.301e-01     7.775e-01     4.286e-01     1.932e-01 
    4.302e-01     7.771e-01     4.287e-01     1.934e-01 
    4.302e-01     7.767e-01     4.288e-01     1.936e-01 
    4.303e-01     7.763e-01     4.288e-01     1.938e-01 
    4.304e-01     7.759e-01     4.289e-01     1.940e-01 
    4.304e-01     7.755e-01     4.289e-01     1.941e-01 
    4.305e-01     7.751e-01     4.290e-01     1.943e-01 
    4.306e-01     7.748e-01     4.290e-01     1.944e-01 
    4.307e-01     7.744e-01     4.291e-01     1.946e-01 
    4.307e-01     7.741e-01     4.291e-01     1.947e-01 
    4.308e-01     7.738e-01     4.292e-01     1.948e-01 
    4.309e-01     7.736e-01     4.293e-01     1.949e-01 
    4.309e-01     7.734e-01     4.293e-01     1.950e-01 
    4.310e-01     7.732e-01     4.294e-01     1.951e-01 
    4.311e-01     7.730e-01     4.294e-01     1.952e-01 
    4.312e-01     7.728e-01     4.295e-01     1.952e-01 
    4.312e-01     7.727e-01     4.295e-01     1.953e-01 
    4.313e-01     7.725e-01     4.296e-01     1.953e-01 
    4.314e-01     7.724e-01     4.296e-01     1.954e-01 
    4.315e-01     7.724e-01     4.297e-01     1.954e-01 
    4.315e-01     7.723e-01     4.298e-01     1.954e-01 
    4.316e-01     7.722e-01     4.298e-01     1.954e-01 
    4.317e-01     7.722e-01     4.299e-01     1.954e-01 
    4.317e-01     7.722e-01     4.299e-01     1.954e-01 
    4.318e-01     7.722e-01     4.300e-01     1.954e-01 
    4.319e-01     7.722e-01     4.300e-01     1.954e-01 
    4.320e-01     7.723e-01     4.301e-01     1.954e-01 
    4.320e-01     7.723e-01     4.301e-01     1.954e-01 
    4.321e-01     7.723e-01     4.302e-01     1.953e-01 
    4.322e-01     7.724e-01     4.303e-01     1.953e-01 
    4.322e-01     7.725e-01     4.303e-01     1.953e-01 
    4.323e-01     7.725e-01     4.304e-01     1.953e-01 
    4.324e-01     7.726e-01     4.304e-01     1.952e-01 
    4.325e-01     7.726e-01     4.305e-01     1.952e-01 
    4.325e-01     7.727e-01     4.305e-01     1.952e-01 
    4.326e-01     7.728e-01     4.306e-01     1.952e-01 
    4.327e-01     7.728e-01     4.307e-01     1.951e-01 
    4.328e-01     7.729e-01     4.307e-01     1.951e-01 
    4.328e-01     7.729e-01     4.308e-01     1.951e-01 
    4.329e-01     7.729e-01     4.308e-01     1.951e-01 
    4.330e-01     7.729e-01     4.309e-01     1.951e-01 
    4.330e-01     7.729e-01     4.309e-01     1.951e-01 
    4.331e-01     7.729e-01     4.310e-01     1.951e-01 
    4.332e-01     7.729e-01     4.310e-01     1.952e-01 
    4.333e-01     7.728e-01     4.311e-01     1.952e-01 
    4.333e-01     7.727e-01     4.312e-01     1.952e-01 
    4.334e-01     7.726e-01     4.312e-01     1.953e-01 
    4.335e-01     7.725e-01     4.313e-01     1.954e-01 
    4.336e-01     7.724e-01     4.313e-01     1.954e-01 
    4.336e-01     7.722e-01     4.314e-01     1.955e-01 
    4.337e-01     7.721e-01     4.314e-01     1.956e-01 
    4.338e-01     7.719e-01     4.315e-01     1.957e-01 
    4.338e-01     7.717e-01     4.315e-01     1.958e-01 
    4.339e-01     7.714e-01     4.316e-01     1.959e-01 
    4.340e-01     7.712e-01     4.317e-01     1.960e-01 
    4.341e-01     7.709e-01     4.317e-01     1.961e-01 
    4.341e-01     7.706e-01     4.318e-01     1.963e-01 
    4.342e-01     7.703e-01     4.318e-01     1.964e-01 
    4.343e-01     7.700e-01     4.319e-01     1.965e-01 
    4.343e-01     7.697e-01     4.319e-01     1.967e-01 
    4.344e-01     7.694e-01     4.320e-01     1.968e-01 
    4.345e-01     7.690e-01     4.320e-01     1.970e-01 
    4.346e-01     7.687e-01     4.321e-01     1.971e-01 
    4.346e-01     7.684e-01     4.321e-01     1.973e-01 
    4.347e-01     7.681e-01     4.322e-01     1.974e-01 
    4.348e-01     7.678e-01     4.323e-01     1.975e-01 
    4.348e-01     7.675e-01     4.323e-01     1.976e-01 
    4.349e-01     7.672e-01     4.324e-01     1.978e-01 
    4.350e-01     7.669e-01     4.324e-01     1.979e-01 
    4.350e-01     7.666e-01     4.325e-01     1.980e-01 
    4.351e-01     7.664e-01     4.325e-01     1.982e-01 
    4.352e-01     7.661e-01     4.326e-01     1.983e-01 
    4.353e-01     7.658e-01     4.326e-01     1.984e-01 
    4.353e-01     7.654e-01     4.327e-01     1.986e-01 
    4.354e-01     7.650e-01     4.327e-01     1.988e-01 
    4.355e-01     7.646e-01     4.328e-01     1.990e-01 
    4.355e-01     7.642e-01     4.328e-01     1.992e-01 
    4.356e-01     7.637e-01     4.329e-01     1.995e-01 
    4.357e-01     7.631e-01     4.330e-01     1.997e-01 
    4.357e-01     7.626e-01     4.330e-01     2.000e-01 
    4.358e-01     7.619e-01     4.331e-01     2.003e-01 
    4.359e-01     7.612e-01     4.331e-01     2.018e-01 
    4.360e-01     7.579e-01     4.332e-01     2.021e-01 
    4.360e-01     7.572e-01     4.332e-01     2.023e-01 
    4.361e-01     7.567e-01     4.333e-01     2.027e-01 
    4.361e-01     7.558e-01     4.333e-01     2.016e-01 
    4.362e-01     7.583e-01     4.334e-01     2.037e-01 
    4.363e-01     7.534e-01     4.334e-01     2.015e-01 
    4.363e-01     7.585e-01     4.335e-01     2.029e-01 
    4.364e-01     7.554e-01     4.335e-01     2.033e-01 
    4.365e-01     7.544e-01     4.336e-01     2.020e-01 
    4.365e-01     7.574e-01     4.336e-01     2.042e-01 
    4.366e-01     7.523e-01     4.337e-01     2.050e-01 
    4.367e-01     7.505e-01     4.337e-01     2.045e-01 
    4.367e-01     7.517e-01     4.337e-01     2.051e-01 
    4.368e-01     7.502e-01     4.338e-01     2.067e-01 
    4.368e-01     7.465e-01     4.338e-01     2.061e-01 
    4.369e-01     7.479e-01     4.339e-01     2.067e-01 
    4.370e-01     7.466e-01     4.339e-01     2.078e-01 
    4.370e-01     7.441e-01     4.340e-01     2.087e-01 
    4.371e-01     7.420e-01     4.340e-01     2.105e-01 
    4.371e-01     7.377e-01     4.341e-01     2.107e-01 
    4.372e-01     7.374e-01     4.341e-01     2.131e-01 
    4.372e-01     7.317e-01     4.341e-01     2.137e-01 
    4.373e-01     7.303e-01     4.342e-01     2.153e-01 
    4.374e-01     7.265e-01     4.342e-01     2.155e-01 
    4.374e-01     7.261e-01     4.343e-01     2.142e-01 
    4.375e-01     7.292e-01     4.343e-01     2.164e-01 
    4.376e-01     7.240e-01     4.344e-01     2.192e-01 
    4.376e-01     7.174e-01     4.344e-01     2.186e-01 
    4.377e-01     7.187e-01     4.344e-01     2.168e-01 
    4.377e-01     7.230e-01     4.345e-01     2.193e-01 
    4.378e-01     7.170e-01     4.345e-01     2.235e-01 
    4.378e-01     7.070e-01     4.346e-01     2.218e-01 
    4.379e-01     7.111e-01     4.346e-01     2.195e-01 
    4.379e-01     7.167e-01     4.346e-01     2.217e-01 
    4.380e-01     7.113e-01     4.347e-01     2.257e-01 
    4.381e-01     7.017e-01     4.347e-01     2.238e-01 
    4.381e-01     7.063e-01     4.348e-01     2.217e-01 
    4.382e-01     7.114e-01     4.348e-01     2.218e-01 
    4.382e-01     7.112e-01     4.348e-01     2.278e-01 
    4.383e-01     6.969e-01     4.349e-01     2.268e-01 
    4.383e-01     6.992e-01     4.349e-01     2.245e-01 
    4.384e-01     7.048e-01     4.350e-01     2.240e-01 
    4.385e-01     7.060e-01     4.350e-01     2.247e-01 
    4.385e-01     7.043e-01     4.350e-01     2.250e-01 
    4.385e-01     7.034e-01     4.351e-01     2.249e-01 
    4.386e-01     7.038e-01     4.351e-01     2.254e-01 
    4.387e-01     7.026e-01     4.352e-01     2.304e-01 
    4.387e-01     6.906e-01     4.352e-01     2.313e-01 
    4.388e-01     6.885e-01     4.352e-01     2.305e-01 
    4.388e-01     6.904e-01     4.353e-01     2.265e-01 
    4.389e-01     6.998e-01     4.353e-01     2.242e-01 
    4.389e-01     7.055e-01     4.353e-01     2.260e-01 
    4.390e-01     7.011e-01     4.354e-01     2.312e-01 
    4.390e-01     6.886e-01     4.354e-01     2.309e-01 
    4.391e-01     6.894e-01     4.354e-01     2.323e-01 
    4.391e-01     6.860e-01     4.355e-01     2.321e-01 
    4.392e-01     6.863e-01     4.355e-01     2.310e-01 
    4.392e-01     6.892e-01     4.355e-01     2.282e-01 
    4.393e-01     6.958e-01     4.356e-01     2.278e-01 
    4.393e-01     6.968e-01     4.356e-01     2.272e-01 
    4.394e-01     6.983e-01     4.356e-01     2.275e-01 
    4.394e-01     6.976e-01     4.357e-01     2.301e-01 
    4.394e-01     6.912e-01     4.357e-01     2.300e-01 
    4.395e-01     6.916e-01     4.357e-01     2.326e-01 
    4.395e-01     6.851e-01     4.358e-01     2.307e-01 
    4.396e-01     6.897e-01     4.358e-01     2.287e-01 
    4.396e-01     6.946e-01     4.358e-01     2.287e-01 
    4.397e-01     6.946e-01     4.359e-01     2.279e-01 
    4.397e-01     6.965e-01     4.359e-01     2.279e-01 
    4.398e-01     6.966e-01     4.359e-01     2.281e-01 
    4.399e-01     6.960e-01     4.360e-01     2.283e-01 
    4.399e-01     6.956e-01     4.360e-01     2.329e-01 
    4.400e-01     6.846e-01     4.361e-01     2.326e-01 
    4.401e-01     6.853e-01     4.361e-01     2.320e-01 
    4.401e-01     6.867e-01     4.362e-01     2.314e-01 
    4.402e-01     6.882e-01     4.362e-01     2.308e-01 
    4.403e-01     6.896e-01     4.363e-01     2.302e-01 
    4.403e-01     6.909e-01     4.363e-01     2.297e-01 
    4.404e-01     6.921e-01     4.363e-01     2.293e-01 
    4.405e-01     6.932e-01     4.364e-01     2.288e-01 
    4.405e-01     6.943e-01     4.364e-01     2.284e-01 
    4.406e-01     6.953e-01     4.365e-01     2.280e-01 
    4.407e-01     6.963e-01     4.365e-01     2.276e-01 
    4.407e-01     6.973e-01     4.366e-01     2.272e-01 
    4.408e-01     6.983e-01     4.366e-01     2.268e-01 
    4.409e-01     6.993e-01     4.367e-01     2.264e-01 
    4.409e-01     7.001e-01     4.367e-01     2.262e-01 
    4.410e-01     7.006e-01     4.368e-01     2.258e-01 
    4.411e-01     7.016e-01     4.368e-01     2.254e-01 
    4.411e-01     7.026e-01     4.369e-01     2.249e-01 
    4.412e-01     7.036e-01     4.369e-01     2.245e-01 
    4.413e-01     7.047e-01     4.369e-01     2.241e-01 
    4.413e-01     7.057e-01     4.370e-01     2.237e-01 
    4.414e-01     7.067e-01     4.370e-01     2.232e-01 
    4.415e-01     7.077e-01     4.371e-01     2.228e-01 
    4.415e-01     7.088e-01     4.371e-01     2.223e-01 
    4.416e-01     7.099e-01     4.372e-01     2.219e-01 
    4.417e-01     7.110e-01     4.372e-01     2.214e-01 
    4.417e-01     7.121e-01     4.373e-01     2.209e-01 
    4.417e-01     7.133e-01     4.373e-01     2.205e-01 
    4.418e-01     7.142e-01     4.373e-01     2.175e-01 
    4.419e-01     7.214e-01     4.374e-01     2.156e-01 
    4.419e-01     7.257e-01     4.374e-01     2.149e-01 
    4.420e-01     7.275e-01     4.375e-01     2.146e-01 
    4.421e-01     7.282e-01     4.375e-01     2.148e-01 
    4.421e-01     7.276e-01     4.376e-01     2.154e-01 
    4.422e-01     7.263e-01     4.376e-01     2.155e-01 
    4.423e-01     7.262e-01     4.377e-01     2.148e-01 
    4.423e-01     7.276e-01     4.377e-01     2.141e-01 
    4.424e-01     7.294e-01     4.378e-01     2.136e-01 
    4.425e-01     7.305e-01     4.378e-01     2.132e-01 
    4.425e-01     7.314e-01     4.379e-01     2.129e-01 
    4.426e-01     7.323e-01     4.379e-01     2.125e-01 
    4.427e-01     7.331e-01     4.380e-01     2.122e-01 
    4.427e-01     7.339e-01     4.380e-01     2.118e-01 
    4.428e-01     7.348e-01     4.381e-01     2.114e-01 
    4.429e-01     7.357e-01     4.381e-01     2.110e-01 
    4.429e-01     7.366e-01     4.382e-01     2.106e-01 
    4.430e-01     7.375e-01     4.382e-01     2.102e-01 
    4.431e-01     7.385e-01     4.383e-01     2.098e-01 
    4.432e-01     7.395e-01     4.383e-01     2.093e-01 
    4.432e-01     7.405e-01     4.384e-01     2.089e-01 
    4.433e-01     7.416e-01     4.384e-01     2.085e-01 
    4.433e-01     7.423e-01     4.385e-01     2.081e-01 
    4.433e-01     7.434e-01     4.385e-01     2.081e-01 
    4.434e-01     7.433e-01     4.385e-01     2.106e-01 
    4.435e-01     7.375e-01     4.386e-01     2.105e-01 
    4.435e-01     7.378e-01     4.386e-01     2.085e-01 
    4.436e-01     7.425e-01     4.386e-01     2.082e-01 
    4.437e-01     7.430e-01     4.387e-01     2.079e-01 
    4.437e-01     7.437e-01     4.387e-01     2.078e-01 
    4.438e-01     7.440e-01     4.388e-01     2.070e-01 
    4.439e-01     7.460e-01     4.388e-01     2.066e-01 
    4.439e-01     7.467e-01     4.389e-01     2.059e-01 
    4.440e-01     7.485e-01     4.389e-01     2.055e-01 
    4.440e-01     7.493e-01     4.389e-01     2.054e-01 
    4.440e-01     7.495e-01     4.390e-01     2.050e-01 
    4.441e-01     7.504e-01     4.390e-01     2.046e-01 
    4.442e-01     7.514e-01     4.391e-01     2.038e-01 
    4.442e-01     7.533e-01     4.391e-01     2.028e-01 
    4.443e-01     7.556e-01     4.392e-01     2.009e-01 
    4.444e-01     7.599e-01     4.392e-01     2.022e-01 
    4.444e-01     7.569e-01     4.393e-01     2.026e-01 
    4.445e-01     7.559e-01     4.393e-01     2.020e-01 
    4.445e-01     7.574e-01     4.394e-01     2.016e-01 
    4.446e-01     7.584e-01     4.394e-01     2.023e-01 
    4.446e-01     7.566e-01     4.394e-01     2.020e-01 
    4.447e-01     7.574e-01     4.395e-01     2.015e-01 
    4.447e-01     7.584e-01     4.395e-01     2.008e-01 
    4.448e-01     7.601e-01     4.396e-01     2.001e-01 
    4.449e-01     7.616e-01     4.396e-01     1.996e-01 
    4.449e-01     7.628e-01     4.396e-01     1.994e-01 
    4.450e-01     7.633e-01     4.397e-01     1.992e-01 
    4.450e-01     7.636e-01     4.397e-01     1.996e-01 
    4.451e-01     7.628e-01     4.398e-01     1.987e-01 
    4.452e-01     7.649e-01     4.398e-01     1.984e-01 
    4.452e-01     7.655e-01     4.399e-01     1.982e-01 
    4.453e-01     7.661e-01     4.399e-01     1.978e-01 
    4.454e-01     7.668e-01     4.400e-01     1.977e-01 
    4.454e-01     7.670e-01     4.401e-01     1.976e-01 
    4.455e-01     7.674e-01     4.401e-01     1.978e-01 
    4.456e-01     7.669e-01     4.401e-01     1.977e-01 
    4.456e-01     7.671e-01     4.402e-01     1.971e-01 
    4.457e-01     7.683e-01     4.403e-01     1.968e-01 
    4.457e-01     7.690e-01     4.403e-01     1.969e-01 
    4.458e-01     7.689e-01     4.403e-01     1.967e-01 
    4.459e-01     7.694e-01     4.404e-01     1.966e-01 
    4.459e-01     7.695e-01     4.404e-01     1.966e-01 
    4.460e-01     7.696e-01     4.404e-01     1.967e-01 
    4.460e-01     7.693e-01     4.405e-01     1.969e-01 
    4.461e-01     7.688e-01     4.405e-01     1.967e-01 
    4.461e-01     7.693e-01     4.406e-01     1.966e-01 
    4.462e-01     7.696e-01     4.406e-01     1.965e-01 
    4.462e-01     7.697e-01     4.407e-01     1.964e-01 
    4.463e-01     7.699e-01     4.407e-01     1.965e-01 
    4.464e-01     7.697e-01     4.408e-01     1.966e-01 
    4.464e-01     7.697e-01     4.408e-01     1.965e-01 
    4.465e-01     7.698e-01     4.408e-01     1.967e-01 
    4.465e-01     7.694e-01     4.409e-01     1.968e-01 
    4.466e-01     7.692e-01     4.409e-01     1.968e-01 
    4.466e-01     7.691e-01     4.410e-01     1.966e-01 
    4.467e-01     7.695e-01     4.410e-01     1.967e-01 
    4.468e-01     7.694e-01     4.411e-01     1.969e-01 
    4.468e-01     7.690e-01     4.411e-01     1.969e-01 
    4.469e-01     7.690e-01     4.412e-01     1.970e-01 
    4.470e-01     7.686e-01     4.412e-01     1.970e-01 
    4.471e-01     7.686e-01     4.413e-01     1.972e-01 
    4.471e-01     7.683e-01     4.413e-01     1.973e-01 
    4.472e-01     7.680e-01     4.414e-01     1.973e-01 
    4.472e-01     7.679e-01     4.414e-01     1.975e-01 
    4.473e-01     7.676e-01     4.415e-01     1.976e-01 
    4.474e-01     7.672e-01     4.415e-01     1.979e-01 
    4.474e-01     7.667e-01     4.416e-01     1.979e-01 
    4.475e-01     7.667e-01     4.416e-01     1.981e-01 
    4.476e-01     7.661e-01     4.417e-01     1.983e-01 
    4.476e-01     7.658e-01     4.417e-01     1.984e-01 
    4.477e-01     7.656e-01     4.418e-01     1.986e-01 
    4.478e-01     7.650e-01     4.418e-01     1.987e-01 
    4.478e-01     7.647e-01     4.419e-01     1.990e-01 
    4.479e-01     7.642e-01     4.419e-01     1.991e-01 
    4.479e-01     7.639e-01     4.420e-01     1.993e-01 
    4.480e-01     7.636e-01     4.420e-01     1.995e-01 
    4.481e-01     7.630e-01     4.421e-01     1.997e-01 
    4.481e-01     7.625e-01     4.421e-01     2.001e-01 
    4.482e-01     7.617e-01     4.422e-01     2.002e-01 
    4.483e-01     7.614e-01     4.422e-01     2.006e-01 
    4.483e-01     7.606e-01     4.423e-01     2.007e-01 
    4.484e-01     7.602e-01     4.423e-01     2.010e-01 
    4.485e-01     7.596e-01     4.424e-01     2.014e-01 
    4.485e-01     7.588e-01     4.424e-01     2.015e-01 
    4.486e-01     7.584e-01     4.425e-01     2.017e-01 
    4.487e-01     7.581e-01     4.425e-01     2.020e-01 
    4.487e-01     7.574e-01     4.426e-01     2.023e-01 
    4.488e-01     7.568e-01     4.426e-01     2.027e-01 
    4.489e-01     7.558e-01     4.427e-01     2.030e-01 
    4.489e-01     7.551e-01     4.427e-01     2.032e-01 
    4.490e-01     7.545e-01     4.427e-01     2.035e-01 
    4.490e-01     7.539e-01     4.428e-01     2.038e-01 
    4.491e-01     7.533e-01     4.428e-01     2.042e-01 
    4.492e-01     7.524e-01     4.429e-01     2.045e-01 
    4.492e-01     7.516e-01     4.429e-01     2.050e-01 
    4.493e-01     7.505e-01     4.430e-01     2.054e-01 
    4.494e-01     7.496e-01     4.431e-01     2.057e-01 
    4.494e-01     7.489e-01     4.431e-01     2.062e-01 
    4.495e-01     7.478e-01     4.431e-01     2.063e-01 
    4.495e-01     7.474e-01     4.432e-01     2.066e-01 
    4.496e-01     7.468e-01     4.432e-01     2.071e-01 
    4.497e-01     7.457e-01     4.433e-01     2.075e-01 
    4.497e-01     7.447e-01     4.433e-01     2.081e-01 
    4.498e-01     7.434e-01     4.434e-01     2.086e-01 
    4.499e-01     7.423e-01     4.434e-01     2.089e-01 
    4.499e-01     7.414e-01     4.435e-01     2.095e-01 
    4.500e-01     7.400e-01     4.435e-01     2.096e-01 
    4.500e-01     7.398e-01     4.435e-01     2.103e-01 
    4.501e-01     7.383e-01     4.436e-01     2.107e-01 
    4.502e-01     7.372e-01     4.436e-01     2.113e-01 
    4.502e-01     7.360e-01     4.437e-01     2.117e-01 
    4.503e-01     7.350e-01     4.437e-01     2.122e-01 
    4.504e-01     7.338e-01     4.438e-01     2.128e-01 
    4.504e-01     7.323e-01     4.438e-01     2.132e-01 
    4.505e-01     7.314e-01     4.439e-01     2.138e-01 
    4.505e-01     7.300e-01     4.439e-01     2.141e-01 
    4.506e-01     7.293e-01     4.440e-01     2.144e-01 
    4.507e-01     7.286e-01     4.440e-01     2.149e-01 
    4.507e-01     7.274e-01     4.440e-01     2.152e-01 
    4.508e-01     7.267e-01     4.441e-01     2.158e-01 
    4.509e-01     7.252e-01     4.441e-01     2.163e-01 
    4.509e-01     7.242e-01     4.441e-01     2.164e-01 
    4.509e-01     7.239e-01     4.442e-01     2.168e-01 
    4.510e-01     7.231e-01     4.442e-01     2.172e-01 
    4.511e-01     7.220e-01     4.443e-01     2.177e-01 
    4.511e-01     7.209e-01     4.443e-01     2.183e-01 
    4.512e-01     7.196e-01     4.444e-01     2.187e-01 
    4.512e-01     7.186e-01     4.444e-01     2.200e-01 
    4.513e-01     7.155e-01     4.445e-01     2.205e-01 
    4.514e-01     7.143e-01     4.445e-01     2.203e-01 
    4.514e-01     7.147e-01     4.446e-01     2.206e-01 
    4.515e-01     7.139e-01     4.446e-01     2.214e-01 
    4.515e-01     7.121e-01     4.446e-01     2.208e-01 
    4.516e-01     7.134e-01     4.447e-01     2.212e-01 
    4.517e-01     7.126e-01     4.447e-01     2.215e-01 
    4.517e-01     7.118e-01     4.448e-01     2.223e-01 
    4.518e-01     7.099e-01     4.448e-01     2.232e-01 
    4.519e-01     7.079e-01     4.449e-01     2.232e-01 
    4.519e-01     7.079e-01     4.449e-01     2.222e-01 
    4.519e-01     7.101e-01     4.449e-01     2.225e-01 
    4.520e-01     7.094e-01     4.450e-01     2.210e-01 
    4.521e-01     7.129e-01     4.450e-01     2.232e-01 
    4.521e-01     7.078e-01     4.451e-01     2.236e-01 
    4.522e-01     7.068e-01     4.451e-01     2.241e-01 
    4.522e-01     7.058e-01     4.451e-01     2.238e-01 
    4.523e-01     7.063e-01     4.452e-01     2.250e-01 
    4.523e-01     7.034e-01     4.452e-01     2.244e-01 
    4.524e-01     7.049e-01     4.453e-01     2.252e-01 
    4.525e-01     7.031e-01     4.453e-01     2.244e-01 
    4.525e-01     7.050e-01     4.454e-01     2.257e-01 
    4.526e-01     7.018e-01     4.454e-01     2.254e-01 
    4.527e-01     7.027e-01     4.454e-01     2.247e-01 
    4.527e-01     7.043e-01     4.455e-01     2.248e-01 
    4.528e-01     7.039e-01     4.455e-01     2.272e-01 
    4.529e-01     6.983e-01     4.456e-01     2.260e-01 
    4.529e-01     7.010e-01     4.456e-01     2.253e-01 
    4.530e-01     7.029e-01     4.457e-01     2.256e-01 
    4.531e-01     7.021e-01     4.457e-01     2.244e-01 
    4.531e-01     7.049e-01     4.458e-01     2.245e-01 
    4.532e-01     7.047e-01     4.458e-01     2.257e-01 
    4.532e-01     7.018e-01     4.458e-01     2.237e-01 
    4.533e-01     7.066e-01     4.459e-01     2.259e-01 
    4.533e-01     7.013e-01     4.459e-01     2.260e-01 
    4.534e-01     7.011e-01     4.459e-01     2.270e-01 
    4.535e-01     6.987e-01     4.460e-01     2.258e-01 
    4.535e-01     7.016e-01     4.460e-01     2.266e-01 
    4.536e-01     6.997e-01     4.461e-01     2.258e-01 
    4.537e-01     7.015e-01     4.461e-01     2.261e-01 
    4.537e-01     7.009e-01     4.462e-01     2.260e-01 
    4.538e-01     7.012e-01     4.462e-01     2.273e-01 
    4.538e-01     6.980e-01     4.462e-01     2.264e-01 
    4.539e-01     7.002e-01     4.463e-01     2.257e-01 
    4.540e-01     7.018e-01     4.463e-01     2.269e-01 
    4.540e-01     6.991e-01     4.464e-01     2.246e-01 
    4.541e-01     7.045e-01     4.464e-01     2.245e-01 
    4.542e-01     7.048e-01     4.465e-01     2.256e-01 
    4.542e-01     7.022e-01     4.465e-01     2.235e-01 
    4.543e-01     7.071e-01     4.466e-01     2.257e-01 
    4.543e-01     7.019e-01     4.466e-01     2.257e-01 
    4.544e-01     7.019e-01     4.466e-01     2.270e-01 
    4.544e-01     6.988e-01     4.467e-01     2.259e-01 
    4.545e-01     7.013e-01     4.467e-01     2.270e-01 
    4.546e-01     6.988e-01     4.468e-01     2.259e-01 
    4.546e-01     7.013e-01     4.468e-01     2.251e-01 
    4.546e-01     7.034e-01     4.468e-01     2.250e-01 
    4.547e-01     7.036e-01     4.469e-01     2.266e-01 
    4.547e-01     6.996e-01     4.469e-01     2.256e-01 
    4.548e-01     7.020e-01     4.469e-01     2.267e-01 
    4.549e-01     6.995e-01     4.470e-01     2.256e-01 
    4.549e-01     7.021e-01     4.470e-01     2.252e-01 
    4.550e-01     7.030e-01     4.470e-01     2.264e-01 
    4.550e-01     7.001e-01     4.471e-01     2.255e-01 
    4.551e-01     7.024e-01     4.471e-01     2.265e-01 
    4.552e-01     7.000e-01     4.472e-01     2.235e-01 
    4.552e-01     7.071e-01     4.472e-01     2.248e-01 
    4.553e-01     7.039e-01     4.473e-01     2.231e-01 
    4.553e-01     7.080e-01     4.473e-01     2.241e-01 
    4.554e-01     7.057e-01     4.473e-01     2.235e-01 
    4.555e-01     7.070e-01     4.474e-01     2.251e-01 
    4.555e-01     7.032e-01     4.474e-01     2.237e-01 
    4.556e-01     7.065e-01     4.475e-01     2.250e-01 
    4.557e-01     7.035e-01     4.475e-01     2.233e-01 
    4.557e-01     7.076e-01     4.476e-01     2.254e-01 
    4.558e-01     7.026e-01     4.476e-01     2.254e-01 
    4.558e-01     7.026e-01     4.477e-01     2.253e-01 
    4.559e-01     7.027e-01     4.477e-01     2.265e-01 
    4.560e-01     7.000e-01     4.478e-01     2.236e-01 
    4.560e-01     7.068e-01     4.478e-01     2.253e-01 
    4.561e-01     7.028e-01     4.478e-01     2.253e-01 
    4.562e-01     7.028e-01     4.479e-01     2.264e-01 
    4.562e-01     7.002e-01     4.479e-01     2.261e-01 
    4.563e-01     7.008e-01     4.480e-01     2.252e-01 
    4.564e-01     7.031e-01     4.480e-01     2.258e-01 
    4.564e-01     7.017e-01     4.480e-01     2.259e-01 
    4.564e-01     7.015e-01     4.481e-01     2.241e-01 
    4.565e-01     7.057e-01     4.481e-01     2.256e-01 
    4.566e-01     7.020e-01     4.482e-01     2.244e-01 
    4.566e-01     7.049e-01     4.482e-01     2.261e-01 
    4.567e-01     7.010e-01     4.483e-01     2.247e-01 
    4.568e-01     7.042e-01     4.483e-01     2.263e-01 
    4.568e-01     7.005e-01     4.484e-01     2.248e-01 
    4.569e-01     7.040e-01     4.484e-01     2.265e-01 
    4.570e-01     6.999e-01     4.485e-01     2.253e-01 
    4.570e-01     7.029e-01     4.485e-01     2.264e-01 
    4.571e-01     7.002e-01     4.486e-01     2.245e-01 
    4.571e-01     7.047e-01     4.486e-01     2.249e-01 
    4.572e-01     7.038e-01     4.486e-01     2.287e-01 
    4.573e-01     6.947e-01     4.487e-01     2.277e-01 
    4.573e-01     6.971e-01     4.487e-01     2.268e-01 
    4.574e-01     6.991e-01     4.488e-01     2.277e-01 
    4.574e-01     6.970e-01     4.488e-01     2.275e-01 
    4.575e-01     6.975e-01     4.488e-01     2.288e-01 
    4.575e-01     6.944e-01     4.489e-01     2.279e-01 
    4.576e-01     6.967e-01     4.489e-01     2.281e-01 
    4.576e-01     6.960e-01     4.489e-01     2.274e-01 
    4.577e-01     6.977e-01     4.490e-01     2.290e-01 
    4.578e-01     6.939e-01     4.490e-01     2.282e-01 
    4.578e-01     6.958e-01     4.491e-01     2.275e-01 
    4.579e-01     6.974e-01     4.491e-01     2.283e-01 
    4.580e-01     6.955e-01     4.492e-01     2.294e-01 
    4.580e-01     6.929e-01     4.492e-01     2.287e-01 
    4.581e-01     6.947e-01     4.493e-01     2.281e-01 
    4.582e-01     6.961e-01     4.493e-01     2.297e-01 
    4.582e-01     6.923e-01     4.493e-01     2.290e-01 
    4.583e-01     6.939e-01     4.494e-01     2.285e-01 
    4.584e-01     6.951e-01     4.494e-01     2.301e-01 
    4.584e-01     6.913e-01     4.494e-01     2.300e-01 
    4.584e-01     6.915e-01     4.495e-01     2.276e-01 
    4.585e-01     6.973e-01     4.495e-01     2.287e-01 
    4.586e-01     6.946e-01     4.496e-01     2.290e-01 
    4.586e-01     6.939e-01     4.496e-01     2.292e-01 
    4.587e-01     6.935e-01     4.497e-01     2.296e-01 
    4.588e-01     6.926e-01     4.497e-01     2.307e-01 
    4.588e-01     6.899e-01     4.497e-01     2.300e-01 
    4.588e-01     6.916e-01     4.498e-01     2.295e-01 
    4.589e-01     6.928e-01     4.498e-01     2.305e-01 
    4.590e-01     6.903e-01     4.499e-01     2.299e-01 
    4.590e-01     6.918e-01     4.499e-01     2.294e-01 
    4.591e-01     6.929e-01     4.499e-01     2.312e-01 
    4.592e-01     6.887e-01     4.500e-01     2.305e-01 
    4.592e-01     6.902e-01     4.500e-01     2.300e-01 
    4.593e-01     6.914e-01     4.501e-01     2.301e-01 
    4.593e-01     6.914e-01     4.501e-01     2.310e-01 
    4.594e-01     6.892e-01     4.502e-01     2.286e-01 
    4.595e-01     6.949e-01     4.502e-01     2.287e-01 
    4.595e-01     6.945e-01     4.502e-01     2.289e-01 
    4.596e-01     6.942e-01     4.503e-01     2.292e-01 
    4.597e-01     6.934e-01     4.503e-01     2.294e-01 
    4.597e-01     6.930e-01     4.504e-01     2.307e-01 
    4.598e-01     6.898e-01     4.504e-01     2.300e-01 
    4.599e-01     6.915e-01     4.505e-01     2.315e-01 
    4.599e-01     6.880e-01     4.505e-01     2.314e-01 
    4.600e-01     6.881e-01     4.505e-01     2.309e-01 
    4.600e-01     6.893e-01     4.506e-01     2.323e-01 
