0
0
0
0
0
7.5617e-05
0.00013576
0.00019711
0.00026514
0.00034412
0.00043552
0.00054127
0.00065524
0.00078239
0.00091851
0.0010626
0.0012143
0.0013738
0.0015411
0.0017167
0.0019012
0.0020954
0.0023002
0.0025167
0.0027348
0.0029737
0.0032327
0.0035097
0.0037854
0.0040576
0.0043466
0.0046614
0.0050115
0.005351
0.005711
0.0060451
0.0063887
0.0067277
0.0070818
0.0074375
0.0078004
0.0081792
0.008559
0.0086611
0.0086627
0.0087279
0.0088053
0.008884
0.0090422
0.009373
0.009806
0.010192
0.010293
0.010443
0.010475
0.010631
0.010679
0.010917
0.011364
0.011795
0.012006
0.012223
0.012302
0.012376
0.012379
0.012506
0.012764
0.013062
0.013115
0.013311
0.01339
0.013502
0.013718
0.0139
0.014003
0.014075
0.014247
0.014558
0.014921
0.015453
0.015839
0.016222
0.016571
0.016842
0.017032
0.017183
0.017304
0.017398
0.017464
0.017474
0.017487
0.017505
0.017517
0.017519
0.017535
0.017559
0.01758
0.017632
0.017654
0.017723
0.01775
0.017823
0.017857
0.017943
0.017964
0.018075
0.01809
0.018228
0.018231
0.0184
0.018419
0.018445
0.018512
0.018658
0.018907
0.019201
0.019477
0.019725
0.019952
0.020408
0.020859
0.021323
0.021779
0.022209
0.022605
0.022969
0.023298
0.023624
0.023973
0.024362
0.024796
0.025254
0.025717
0.026166
0.026591
0.026986
0.027357
0.027707
0.028009
0.028395
0.028864
0.029372
0.029615
0.030113
0.030618
0.031093
0.031536
0.031951
0.032363
0.032833
0.033346
0.033898
0.034138
0.034541
0.034755
0.034834
0.035161
0.035741
0.036387
0.037029
0.037635
0.03819
0.038723
0.038787
0.038912
0.039503
0.040131
0.04078
0.041437
0.042089
0.042732
0.043047
0.043075
0.043104
0.043206
0.043387
0.043658
0.044042
0.044592
0.045194
0.045872
0.046612
0.047388
0.048181
0.048978
0.049771
0.050554
0.051322
0.052074
0.052821
0.053623
0.054477
0.055385
0.056345
0.057337
0.058337
0.059327
0.060292
0.061226
0.062133
0.06301
0.063913
0.064905
0.065948
0.066977
0.068129
0.069356
0.070585
0.071798
0.072979
0.074044
0.074814
0.075262
0.075805
0.076566
0.077481
0.078433
0.079358
0.080222
0.080995
0.08166
0.082161
0.082564
0.082923
0.083276
0.083658
0.084098
0.084619
0.085232
0.085815
0.086428
0.086876
0.087235
0.087361
0.08765
0.087895
0.088098
0.088257
0.088373
0.088439
0.088456
0.088486
0.088796
0.089341
0.089694
0.090029
0.090094
0.090267
0.09037
0.090663
0.090741
0.090845
0.091129
0.091256
0.091275
0.09157
0.091744
0.091796
0.091833
0.092004
0.092084
0.092097
0.092099
0.092178
0.092204
0.092263
0.092301
0.092347
0.092429
0.092429
0.092496
0.09254
0.092567
0.092668
0.092713
0.092716
0.092812
0.092878
0.092936
0.093008
0.093022
0.093141
0.093314
0.093525
0.093754
0.093823
0.093885
0.094248
0.094481
0.094558
0.095003
0.095343
0.095447
0.095479
0.095654
0.095987
0.096015
0.096638
0.096994
0.097102
0.097281
0.097917
0.098184
0.09821
0.098887
0.099277
0.099383
0.099413
0.099539
0.10011
0.10028
0.1004
0.10045
0.10101
0.10123
0.10129
0.10191
0.1022
0.10221
0.10234
0.10291
0.10317
0.10318
0.10379
0.10396
0.1041
0.10418
0.10477
0.10507
0.10512
0.10523
0.10577
0.10603
0.10604
0.10615
0.10666
0.10682
0.107
0.10702
0.10709
0.10763
0.10788
0.10795
0.10798
0.10801
0.10807
0.10817
0.10832
0.10851
0.10863
0.10868
0.10869
0.10894
0.10922
0.10953
0.10985
0.10991
0.11025
0.1106
0.11097
0.11133
0.1117
0.11207
0.11246
0.11285
0.11326
0.11367
0.1141
0.11454
0.11498
0.11543
0.11572
0.11611
0.11653
0.11693
0.11731
0.11766
0.11799
0.1183
0.11864
0.11881
0.11911
0.1194
0.11968
0.11997
0.12025
0.12033
0.12062
0.1209
0.12119
0.12146
0.12181
0.12205
0.12217
0.12257
0.12286
0.12317
0.12349
0.12385
0.12413
0.12428
0.12478
0.12514
0.12545
0.1258
0.12615
0.12667
0.12676
0.12701
0.12707
0.12711
0.12722
0.12734
0.12751
0.12788
0.12815
0.12851
0.12867
0.12904
0.12933
0.12981
0.13025
0.1307
0.13106
0.13138
0.13176
0.13211
0.13252
0.13293
0.13326
0.13363
0.13396
0.13428
0.13461
0.13498
0.1353
0.13572
0.13618
0.13667
0.13701
0.13732
0.13774
0.13823
0.13859
0.139
0.13953
0.13987
0.14024
0.14076
0.14124
0.14164
0.14199
0.14225
0.1428
0.14346
0.14406
0.14451
0.14485
0.14504
0.1453
0.14591
0.14647
0.14704
0.1474
0.14762
0.14801
0.14827
0.14848
0.14858
0.14925
0.14971
0.1498
0.15033
0.1509
0.15112
0.15167
0.15214
0.15246
0.15267
0.15285
0.15302
0.1532
0.1534
0.15353
0.15356
0.15358
0.1536
0.15363
0.1537
0.1538
0.15391
0.15402
0.15414
0.15427
0.15443
0.15464
0.15492
0.15505
0.15559
0.15612
0.15671
0.15739
0.158
0.15862
0.15924
0.15985
0.16035
0.16078
0.16127
0.16173
0.16214
0.16261
0.16314
0.16371
0.16429
0.16488
0.16552
0.16612
0.16664
0.16696
0.16706
0.16764
0.16807
0.16817
0.16827
0.16876
0.16902
0.16922
0.16932
0.16971
0.16996
0.17018
0.17042
0.1708
0.17147
0.17221
0.17296
0.17369
0.17437
0.17504
0.17504
0.17568
0.17634
0.17699
0.17764
0.17827
0.1789
0.17954
0.18017
0.18071
0.18103
0.18127
0.18135
0.18209
0.18282
0.18339
0.18419
0.18482
0.18561
0.1858
0.18663
0.18745
0.18823
0.18897
0.18975
0.19057
0.19134
0.19208
0.19285
0.19368
0.19432
0.19509
0.1959
0.19677
0.1976
0.19844
0.19933
0.20017
0.20099
0.20136
0.20225
0.20317
0.20405
0.20496
0.2059
0.20675
0.20765
0.20776
0.20865
0.20949
0.21009
0.21099
0.21185
0.2127
0.21359
0.21452
0.21544
0.21633
0.21721
0.21813
0.2191
0.21962
0.21964
0.22012
0.22028
0.22118
0.22201
0.22284
0.22365
0.22445
0.22534
0.22628
0.22707
0.22807
0.22912
0.23005
0.23093
0.2318
0.23235
0.23307
0.23369
0.23447
0.23492
0.23572
0.23656
0.23752
0.23773
0.23865
0.23959
0.24061
0.24168
0.24203
0.24275
0.24385
0.24437
0.24539
0.24639
0.24705
0.24741
0.2484
0.24929
0.24969
0.2498
0.25081
0.25086
0.25183
0.2528
0.25387
0.25442
0.2553
0.25601
0.25718
0.25839
0.25946
0.26041
0.26055
0.26159
0.26173
0.26177
0.26196
0.26267
0.26373
0.26481
0.26548
0.26665
0.26775
0.26778
0.26881
0.26922
0.27019
0.27116
0.27153
0.27179
0.27308
0.27441
0.2757
0.27696
0.27825
0.27957
0.28077
0.28199
0.28327
0.28447
0.28472
0.28591
0.28708
0.28806
0.28829
0.2893
0.29047
0.2917
0.29301
0.29383
0.29479
0.29607
0.2973
0.29849
0.2987
0.29981
0.29993
0.30102
0.30217
0.30328
0.30442
0.30471
0.30593
0.30646
0.3077
0.30902
0.30938
0.31061
0.31175
0.31284
0.31393
0.3151
0.31635
0.31769
0.31809
0.31945
0.32091
0.32246
0.32408
0.32574
0.32733
0.32797
0.32953
0.32997
0.33139
0.33278
0.3342
0.33576
0.33725
0.33885
0.34042
0.34164
0.34168
0.34225
0.34225
0.34304
0.34329
0.34347
0.34421
0.34478
0.34536
0.34601
0.34685
0.34804
0.34897
0.35018
0.35145
0.35284
0.35317
0.35384
0.35485
0.35624
0.35761
0.35896
0.36027
0.36154
0.36282
0.36386
0.36514
0.36642
0.36769
0.36887
0.36999
0.37007
0.37112
0.37224
0.37329
0.37423
0.37425
0.37512
0.37514
0.37599
0.37675
0.37739
0.37788
0.37825
0.37832
0.37862
0.37957
0.38054
0.38149
0.38149
0.38245
0.38341
0.3843
0.38518
0.38611
0.38697
0.38707
0.38718
0.38798
0.38878
0.38956
0.39029
0.39101
0.39174
0.39238
0.39312
0.39383
0.3945
0.39518
0.39588
0.39658
0.39719
0.39778
0.3983
0.39873
0.39916
0.39963
0.40009
0.40055
0.40102
0.40149
0.40197
0.40241
0.40265
0.40315
0.40364
0.40413
0.40458
0.405
0.40533
0.40561
0.40585
0.40597
0.40601
0.40629
0.40638
0.40649
0.40662
0.40665
0.40677
0.40678
0.40703
0.40719
0.40721
0.40729
0.40738
0.40756
0.40778
0.40797
0.40812
0.40824
0.40834
0.40845
0.40859
0.40875
0.40893
0.40917
0.40947
0.40978
0.41009
0.41039
0.41064
0.41084
0.41094
0.41099
0.41107
0.41126
0.41137
0.41165
0.41192
0.41218
0.41245
0.41272
0.41299
0.41325
0.41352
0.41379
0.41406
0.41429
0.41453
0.41475
0.41498
0.41508
0.41527
0.41544
0.41561
0.41577
0.41593
0.41609
0.41625
0.41641
0.41655
0.41668
0.41681
0.41693
0.41705
0.41717
0.41723
0.41734
0.41746
0.41757
0.41768
0.41779
0.4179
0.41801
0.41812
0.41823
0.41833
0.41843
0.41851
0.41858
0.41865
0.41869
0.41871
0.41871
0.41872
0.41882
0.41893
0.41903
0.41914
0.41924
0.41934
0.41945
0.41955
0.41965
0.41975
0.41985
0.41995
0.42005
0.42015
0.42025
0.42035
0.42045
0.42055
0.42065
0.42075
0.42084
0.4209
0.42094
0.42094
0.42101
0.42111
0.4212
0.4213
0.4214
0.42149
0.42158
0.42168
0.42177
0.42187
0.42196
0.42205
0.42214
0.42224
0.42233
0.42242
0.42251
0.4226
0.42269
0.42278
0.42287
0.42296
0.42305
0.42314
0.42323
0.42332
0.42341
0.42349
0.42358
0.42367
0.42376
0.42384
0.42393
0.42402
0.42411
0.42419
0.42428
0.42437
0.42445
0.42454
0.42462
0.42467
0.42471
0.42476
0.42478
0.42486
0.42495
0.42503
0.42512
0.4252
0.42529
0.42537
0.42546
0.42554
0.42563
0.42571
0.4258
0.42588
0.42596
0.42605
0.42613
0.42621
0.42629
0.42637
0.42645
0.42654
0.42662
0.4267
0.42678
0.42686
0.42693
0.42701
0.42709
0.42717
0.42725
0.42733
0.4274
0.42748
0.42756
0.42764
0.42771
0.42779
0.42787
0.42794
0.42802
0.42809
0.42817
0.42824
0.42832
0.42839
0.42847
0.42854
0.42862
0.42869
0.42877
0.42884
0.42891
0.42899
0.42906
0.42914
0.42921
0.42928
0.42936
0.42943
0.4295
0.42957
0.42965
0.42972
0.42979
0.42987
0.42994
0.43001
0.43008
0.43016
0.43023
0.4303
0.43037
0.43044
0.43052
0.43059
0.43066
0.43073
0.43081
0.43088
0.43095
0.43102
0.43109
0.43117
0.43124
0.43131
0.43138
0.43145
0.43153
0.4316
0.43167
0.43174
0.43182
0.43189
0.43196
0.43203
0.4321
0.43218
0.43225
0.43232
0.43239
0.43247
0.43254
0.43261
0.43268
0.43276
0.43283
0.4329
0.43297
0.43305
0.43312
0.43319
0.43326
0.43334
0.43341
0.43348
0.43355
0.43362
0.4337
0.43377
0.43384
0.43391
0.43398
0.43405
0.43413
0.4342
0.43427
0.43434
0.43441
0.43448
0.43455
0.43462
0.43469
0.43476
0.43484
0.43491
0.43498
0.43505
0.43512
0.43519
0.43526
0.43533
0.4354
0.43547
0.43554
0.43561
0.43568
0.43575
0.43582
0.43588
0.43595
0.43602
0.43609
0.43615
0.43622
0.43628
0.43635
0.4364
0.43647
0.43653
0.4366
0.43665
0.43672
0.43677
0.43684
0.43689
0.43696
0.43701
0.43708
0.43713
0.4372
0.43725
0.43732
0.43737
0.43743
0.43748
0.43755
0.4376
0.43767
0.43771
0.43778
0.43783
0.43789
0.43794
0.43801
0.43805
0.43812
0.43817
0.43823
0.43827
0.43833
0.43839
0.43846
0.43848
0.43854
0.43861
0.43867
0.43874
0.43875
0.43882
0.43888
0.43894
0.43901
0.43901
0.43908
0.43914
0.43917
0.43924
0.43926
0.43933
0.43936
0.43942
0.43944
0.4395
0.43954
0.43961
0.43961
0.43968
0.43974
0.43981
0.43988
0.43994
0.44001
0.44007
0.44014
0.4402
0.44027
0.44033
0.4404
0.44046
0.44053
0.44059
0.44066
0.44073
0.44079
0.44086
0.44092
0.44099
0.44105
0.44112
0.44119
0.44125
0.44132
0.44139
0.44145
0.44152
0.44159
0.44165
0.44172
0.44173
0.4418
0.44186
0.44193
0.442
0.44206
0.44213
0.4422
0.44227
0.44233
0.4424
0.44247
0.44254
0.44261
0.44267
0.44274
0.44281
0.44288
0.44295
0.44301
0.44308
0.44315
0.44322
0.44327
0.44334
0.44335
0.44342
0.44348
0.44355
0.44359
0.44366
0.44372
0.44378
0.44385
0.44391
0.44398
0.44398
0.44405
0.44412
0.44415
0.44422
0.44429
0.44436
0.44443
0.44446
0.44453
0.4446
0.4446
0.44468
0.44475
0.44479
0.44486
0.44489
0.44497
0.44504
0.44509
0.44516
0.44523
0.4453
0.44537
0.44545
0.4455
0.44557
0.44564
0.44571
0.44574
0.44581
0.44588
0.44589
0.44596
0.44603
0.44606
0.44613
0.4462
0.44623
0.4463
0.44637
0.44638
0.44645
0.44653
0.44656
0.44663
0.4467
0.44677
0.44684
0.44691
0.44698
0.44705
0.44708
0.44715
0.44722
0.44729
0.44736
0.44742
0.44749
0.44756
0.44763
0.44769
0.44777
0.44784
0.44785
0.44792
0.448
0.44807
0.44814
0.44821
0.44828
0.44835
0.44842
0.44849
0.44851
0.44858
0.44865
0.44872
0.44879
0.44886
0.44893
0.44896
0.44903
0.4491
0.44917
0.44924
0.4493
0.44937
0.44944
0.44946
0.44953
0.4496
0.44966
0.44973
0.4498
0.44987
0.44994
0.44996
0.45003
0.4501
0.45017
0.45024
0.4503
0.45037
0.45044
0.45051
0.45054
0.45061
0.45068
0.45072
0.45078
0.45085
0.45086
0.45093
0.451
0.45106
0.45113
0.45118
0.45125
0.45131
0.45137
0.45143
0.4515
0.45152
0.45159
0.45166
0.45173
0.45179
0.45186
0.45193
0.45194
0.45201
0.45207
0.45214
0.45221
0.45221
0.45228
0.45235
0.45241
0.45248
0.45255
0.45261
0.45268
0.45275
0.45281
0.45287
0.45293
0.45298
0.45305
0.45312
0.45318
0.45324
0.45331
0.45333
0.4534
0.45346
0.45353
0.4536
0.45366
0.45373
0.4538
0.45382
0.45389
0.45396
0.45402
0.45409
0.45415
0.45422
0.45429
0.45429
0.45436
0.45443
0.45449
0.45456
0.45463
0.45464
0.45471
0.45474
0.45481
0.45488
0.45489
0.45495
0.45502
0.45509
0.45515
0.45522
0.45529
0.45532
0.45539
0.45545
0.45552
0.45559
0.45565
0.45572
0.45579
0.45584
0.45591
0.45598
0.45604
0.4561
0.45617
0.45623
0.4563
0.45637
0.45638
0.45644
0.45651
0.45658
0.45664
0.45671
0.45678
0.45684
0.45691
0.45697
0.45704
0.45711
0.45712
0.45719
0.45726
0.45732
0.45739
0.4574
0.45747
0.45753
0.45758
0.45765
0.45771
0.45778
0.45785
0.45791
0.45798
0.45804
0.45811
0.45818
0.45824
0.45831
0.45837
0.45838
0.45845
0.45852
0.45858
0.45862
0.45869
0.45875
0.45882
0.45884
0.45891
0.45898
0.45904
0.45911
0.45917
0.45924
0.45928
0.45935
0.45941
0.45948
0.45955
0.45961
0.45968
0.45972
0.45979
0.45986
0.45989
0.45996
0.46002
