0
0
0.00042426
0.0008284
0.0013005
0.0018759
0.0024353
0.0029941
0.0035721
0.0041991
0.0049191
0.0057986
0.0066592
0.007485
0.0083001
0.0091445
0.010064
0.011116
0.012343
0.013491
0.01459
0.015687
0.016832
0.018087
0.019521
0.021029
0.022498
0.023917
0.025348
0.02686
0.028534
0.030302
0.032049
0.033872
0.035684
0.037516
0.03945
0.041482
0.043499
0.045607
0.047925
0.050252
0.052599
0.054986
0.057393
0.059891
0.062627
0.065364
0.06801
0.070729
0.07361
0.076511
0.079563
0.082544
0.0855
0.088572
0.091922
0.095402
0.098666
0.10194
0.10542
0.10912
0.11307
0.1172
0.12129
0.12559
0.13025
0.13482
0.13944
0.14429
0.14934
0.15411
0.15874
0.16338
0.16806
0.17278
0.17761
0.18247
0.1874
0.19227
0.19711
0.20192
0.20675
0.21163
0.21658
0.22128
0.22586
0.2305
0.23532
0.24023
0.24532
0.25044
0.25529
0.26004
0.26483
0.26969
0.27457
0.27945
0.28436
0.28947
0.29445
0.29936
0.30414
0.30872
0.31331
0.31776
0.32192
0.3262
0.33046
0.33475
0.33937
0.34304
0.34621
0.34924
0.35228
0.35539
0.3586
0.36183
0.36503
0.36841
0.37204
0.37515
0.37792
0.38056
0.38314
0.38576
0.38834
0.39092
0.3935
0.39612
0.39879
0.40153
0.40396
0.40606
0.40802
0.40992
0.41179
0.41358
0.41538
0.41724
0.41917
0.42101
0.42277
0.42451
0.42606
0.42729
0.42836
0.42932
0.43022
0.43107
0.43186
0.43258
0.43324
0.43386
0.43446
0.43503
0.43559
0.43615
0.43669
0.43723
0.43774
0.43823
0.4387
0.43916
0.43961
0.44005
0.44048
0.44091
0.44134
0.44177
0.44219
0.4426
0.44302
0.44343
0.44384
0.44425
0.44466
0.44507
0.44548
0.44588
0.44629
0.44669
0.4471
0.4475
0.4479
0.4483
0.4487
0.4491
0.4495
0.44991
0.45031
0.4507
0.4511
0.4515
0.4519
0.4523
0.4527
0.4531
0.4535
0.4539
0.4543
0.4547
0.4551
0.4555
0.45589
0.45629
0.45669
0.45709
0.45749
0.45789
0.4583
0.4587
0.4591
0.4595
0.4599
0.4603
