0
0
0.00026196
0.00050744
0.00074417
0.00097331
0.0011961
0.0014136
0.0016269
0.001837
0.0020447
0.0022509
0.0024564
0.0026618
0.0028679
0.0030756
0.0032857
0.003499
0.0037166
0.0039394
0.0041687
0.0044056
0.0046515
0.0049079
0.0051764
0.0054588
0.0057571
0.0060734
0.0064103
0.0067705
0.0071572
0.0075743
0.0080261
0.0085178
0.0090559
0.0096481
0.010304
0.010984
0.011657
0.012324
0.012989
0.013656
0.014329
0.015014
0.01571
0.016396
0.017079
0.017765
0.018464
0.019188
0.019951
0.020769
0.021662
0.022653
0.023722
0.024734
0.025718
0.026701
0.027712
0.028748
0.029753
0.030734
0.031699
0.032652
0.033603
0.034558
0.035527
0.036521
0.037553
0.038614
0.039669
0.040734
0.041826
0.042969
0.044189
0.045512
0.046965
0.048443
0.049836
0.051173
0.052492
0.053795
0.055072
0.05633
0.05758
0.058829
0.060088
0.061367
0.06266
0.063978
0.065339
0.066765
0.06817
0.069564
0.070972
0.072421
0.073942
0.075567
0.077327
0.079138
0.080887
0.08258
0.084219
0.085812
0.08737
0.088906
0.090434
0.091966
0.093519
0.095106
0.096717
0.098372
0.1001
0.10187
0.10357
0.10525
0.10691
0.10859
0.11032
0.11214
0.11409
0.11618
0.11821
0.12019
0.12211
0.124
0.12586
0.12771
0.12957
0.13145
0.13335
0.13523
0.13712
0.13904
0.14103
0.14312
0.14521
0.14725
0.14926
0.15128
0.15334
0.15548
0.15775
0.16003
0.16227
0.16446
0.16661
0.16872
0.17081
0.1729
0.17501
0.17717
0.17938
0.18158
0.18379
0.18602
0.18832
0.19073
0.19309
0.19537
0.19761
0.19985
0.20211
0.20444
0.20689
0.20941
0.21187
0.2143
0.21669
0.21898
0.22123
0.2235
0.22582
0.22826
0.23067
0.23306
0.23546
0.23783
0.24024
0.24275
0.24527
0.2477
0.25007
0.25242
0.25479
0.25725
0.25984
0.26259
0.26532
0.26793
0.27038
0.27273
0.27504
0.27737
0.27976
0.28226
0.28476
0.28723
0.28971
0.29216
0.29462
0.29715
0.29959
0.30195
0.30427
0.3066
0.30899
0.31144
0.31401
0.31672
0.31943
0.32194
0.32431
0.3266
0.32887
0.33116
0.33353
0.33603
0.33869
0.34124
0.3437
0.34606
0.34834
0.35058
0.35282
0.35511
0.35741
0.35961
0.36177
0.36395
0.36617
0.36847
0.37088
0.37341
0.37579
0.37803
0.3802
0.38234
0.3845
0.38671
0.38902
0.39146
0.39406
0.39678
0.39931
0.40161
0.40377
0.40582
0.40782
0.4098
0.41177
0.41367
0.41553
0.41737
0.41924
0.42114
0.42311
0.42515
0.42722
0.42919
0.4311
0.43299
0.4349
0.43684
0.43887
0.44099
0.44324
0.44563
0.44812
0.45047
0.45268
0.4548
0.45684
0.45883
0.46078
0.46259
0.46431
0.46598
0.46761
0.46924
0.47087
0.47251
0.47414
0.4757
0.47722
0.47874
0.48027
0.48184
0.48345
0.48513
0.48687
0.48867
0.49055
0.49249
0.49445
0.49633
0.49815
0.49993
0.50167
0.5034
0.50512
0.50672
0.50823
0.50966
0.51104
0.51235
0.51359
0.51477
0.51591
0.51704
0.51816
0.51928
0.5204
0.52154
0.5227
0.52388
0.52509
0.52632
0.52758
0.52884
0.53012
0.53141
0.53271
0.53404
0.53538
0.5367
0.538
0.53929
0.54052
0.54159
0.54257
0.54348
0.54433
0.54514
0.54593
0.54668
0.54742
0.54814
0.54885
0.54955
0.55025
0.55093
0.55161
0.55229
0.55297
0.55364
0.55431
0.55497
0.55564
0.5563
0.55696
0.55761
0.55827
0.55893
0.55958
0.56024
0.56089
0.56155
0.5622
0.56282
0.56341
0.56397
0.5645
0.56501
0.56551
0.56599
0.56646
0.56691
0.56736
0.56779
0.56822
0.56864
0.56906
0.56947
0.56987
0.57027
0.57066
0.57106
0.57144
0.57183
0.57221
0.57258
0.57296
0.57333
0.5737
0.57407
0.57443
0.57479
0.57515
0.57551
0.57587
0.57622
0.57658
0.57693
0.57728
0.57763
0.57798
0.57832
0.57867
0.57901
0.57936
0.5797
0.58004
0.58038
0.58072
0.58106
0.5814
0.58173
0.58207
0.5824
0.58274
0.58307
0.58341
0.58374
0.58407
0.5844
0.58473
0.58506
0.58539
0.58572
0.58605
0.58638
0.5867
0.58703
0.58735
0.58768
0.588
0.58833
0.58865
0.58898
0.5893
0.58962
0.58994
0.59026
0.59058
0.5909
0.59122
0.59154
0.59186
0.59218
0.5925
0.59282
0.59313
0.59345
0.59377
0.59408
0.5944
0.59471
0.59503
0.59534
0.59565
0.59597
0.59628
0.59659
0.5969
0.59722
0.59753
0.59784
0.59815
0.59846
0.59877
0.59908
0.59939
0.59969
0.6
0.60031
0.60062
0.60092
0.60123
0.60154
0.60184
0.60215
0.60245
0.60276
0.60306
0.60336
0.60367
0.60397
0.60427
0.60458
0.60488
0.60518
0.60548
0.60578
0.60608
0.60638
0.60668
0.60698
0.60728
0.60758
0.60788
0.60818
0.60847
0.60877
0.60907
0.60937
0.60966
0.60996
0.61025
0.61055
0.61084
0.61114
0.61143
0.61173
0.61202
0.61232
0.61261
0.6129
0.6132
0.61349
0.61378
0.61407
0.61437
0.61466
0.61495
0.61524
0.61553
0.61582
0.61611
0.6164
0.61669
0.61698
0.61727
0.61756
0.61785
0.61814
0.61843
0.61872
0.61901
0.6193
0.61958
0.61987
0.62016
0.62045
0.62074
0.62102
0.62131
0.6216
0.62188
0.62217
0.62246
0.62274
0.62303
0.62331
0.6236
0.62389
0.62417
0.62446
0.62474
0.62503
0.62531
0.6256
0.62588
0.62617
0.62645
0.62673
0.62702
0.6273
0.62759
0.62787
0.62815
0.62844
0.62872
0.629
0.62929
0.62957
0.62985
0.63014
0.63042
0.6307
0.63099
0.63127
0.63155
0.63183
0.63211
0.6324
0.63268
0.63296
0.63324
0.63353
0.63381
0.63409
0.63437
0.63465
0.63493
0.63521
0.6355
0.63578
0.63606
0.63634
0.63662
0.6369
0.63718
0.63746
0.63774
0.63802
0.63831
0.63859
0.63887
0.63915
0.63943
0.63971
0.63999
0.64027
0.64055
0.64083
0.64111
0.64139
0.64167
0.64195
0.64223
0.64251
0.64279
0.64307
0.64335
0.64363
0.64391
0.64419
0.64447
0.64475
0.64503
0.6453
0.64558
0.64586
0.64614
0.64642
0.6467
0.64698
0.64726
0.64754
0.64782
0.6481
0.64838
0.64865
0.64893
0.64921
0.64949
0.64977
0.65005
0.65033
0.65061
0.65088
0.65116
0.65144
0.65172
0.652
0.65228
0.65256
0.65284
0.65311
0.65339
0.65367
0.65395
0.65423
0.65451
0.65478
0.65506
0.65534
0.65562
0.6559
0.65618
0.65645
0.65673
0.65701
0.65729
0.65757
0.65784
0.65812
0.6584
0.65868
0.65896
0.65924
0.65951
0.65979
0.66007
0.66035
0.66063
0.6609
0.66118
0.66146
0.66174
0.66202
0.66229
0.66257
0.66285
0.66313
0.6634
0.66368
0.66396
0.66424
0.66452
0.66479
0.66507
0.66535
0.66563
0.66591
0.66618
0.66646
0.66674
0.66702
0.66729
0.66757
0.66785
0.66813
0.66841
0.66868
0.66896
0.66924
0.66952
0.66979
0.67007
0.67035
0.67063
0.67091
0.67118
0.67146
0.67174
0.67202
0.67229
0.67257
0.67285
0.67313
0.6734
0.67368
0.67396
0.67424
0.67452
0.67479
0.67507
0.67535
0.67563
0.6759
0.67618
0.67646
0.67674
0.67701
0.67729
0.67757
0.67785
0.67813
0.6784
0.67868
0.67896
0.67924
0.67951
0.67979
0.68007
0.68035
0.68062
0.6809
0.68118
0.68146
0.68174
0.68201
0.68229
0.68257
0.68285
0.68312
0.6834
0.68368
0.68396
0.68424
0.68451
0.68479
0.68507
0.68535
0.68562
0.6859
0.68618
0.68646
0.68674
0.68701
0.68729
0.68757
0.68785
0.68813
0.6884
0.68868
0.68896
0.68924
0.68952
0.68979
0.69007
0.69035
0.69063
0.69091
0.69118
0.69146
0.69174
0.69202
0.6923
0.69258
0.69285
0.69313
0.69341
0.69369
0.69397
0.69424
0.69452
0.6948
0.69508
0.69536
0.69564
0.69591
0.69619
0.69647
0.69675
0.69703
0.69731
0.69758
0.69786
0.69814
0.69842
0.6987
0.69898
0.69926
0.69953
0.69981
0.70009
0.70037
0.70065
0.70093
0.70121
0.70149
0.70176
0.70204
0.70232
0.7026
0.70288
0.70316
0.70344
0.70372
0.704
0.70427
0.70455
0.70483
0.70511
0.70539
0.70567
0.70595
0.70623
0.70651
0.70679
0.70707
0.70735
0.70762
0.7079
0.70818
0.70846
0.70874
0.70902
0.7093
0.70958
0.70986
0.71014
0.71042
0.7107
0.71098
0.71126
0.71154
0.71182
0.7121
0.71238
0.71266
0.71294
0.71322
0.7135
0.71378
0.71406
0.71434
0.71462
0.7149
0.71518
0.71546
0.71574
0.71602
0.7163
0.71658
0.71686
0.71714
0.71742
0.7177
0.71798
0.71826
0.71854
0.71882
0.7191
0.71938
0.71967
0.71995
0.72023
0.72051
0.72079
0.72107
0.72135
0.72163
0.72191
0.72219
0.72247
0.72276
0.72304
0.72332
0.7236
0.72388
0.72416
0.72444
0.72472
0.72501
0.72529
0.72557
0.72585
0.72613
0.72641
0.7267
0.72698
0.72726
0.72754
0.72782
0.72811
0.72839
0.72867
0.72895
0.72923
0.72952
0.7298
0.73008
0.73036
0.73064
0.73093
0.73121
0.73149
0.73177
0.73206
0.73234
0.73262
0.7329
0.73319
0.73347
0.73375
0.73404
0.73432
0.7346
0.73488
0.73517
0.73545
0.73573
0.73602
0.7363
0.73658
0.73687
0.73715
0.73743
0.73772
0.738
0.73828
0.73857
0.73885
0.73914
0.73942
0.7397
0.73999
0.74027
0.74055
0.74084
0.74112
0.74141
0.74169
0.74198
0.74226
0.74254
0.74283
0.74311
0.7434
0.74368
0.74397
0.74425
0.74454
0.74482
0.74511
0.74539
0.74568
0.74596
0.74625
0.74653
0.74682
0.7471
0.74739
0.74767
0.74796
0.74824
0.74853
0.74881
0.7491
0.74938
0.74967
0.74996
0.75024
0.75053
0.75081
0.7511
0.75139
0.75167
0.75196
0.75224
0.75253
0.75282
0.7531
0.75339
0.75368
0.75396
0.75425
0.75454
0.75482
0.75511
0.7554
0.75568
0.75597
0.75626
0.75655
0.75683
0.75712
0.75741
0.7577
0.75798
0.75827
0.75856
0.75885
0.75913
0.75942
0.75971
0.76
0.76029
0.76057
0.76086
0.76115
0.76144
0.76173
0.76201
0.7623
0.76259
0.76288
0.76317
0.76346
0.76375
0.76403
0.76432
0.76461
0.7649
0.76519
0.76548
0.76577
0.76606
0.76635
0.76664
0.76693
0.76722
0.76751
0.7678
0.76809
0.76838
0.76866
0.76895
0.76924
0.76953
0.76983
0.77012
0.77041
0.7707
0.77099
0.77128
0.77157
0.77186
0.77215
0.77244
0.77273
0.77302
0.77331
0.7736
0.77389
0.77418
0.77448
0.77477
0.77506
0.77535
0.77564
0.77593
0.77622
0.77652
0.77681
0.7771
0.77739
0.77768
0.77797
0.77827
0.77856
0.77885
0.77914
0.77943
0.77973
0.78002
0.78031
0.7806
0.7809
0.78119
0.78148
0.78177
0.78207
0.78236
0.78265
0.78294
0.78324
0.78353
0.78382
0.78411
0.78441
0.7847
0.78499
0.78529
0.78558
0.78587
0.78617
0.78646
0.78675
0.78705
0.78734
0.78763
0.78793
0.78822
0.78851
0.78881
0.7891
0.78939
0.78969
0.78998
0.79028
0.79057
0.79086
0.79116
0.79145
0.79174
0.79204
0.79233
0.79263
0.79292
0.79322
0.79351
0.7938
0.7941
0.79439
0.79469
0.79498
0.79528
0.79557
0.79587
0.79616
0.79645
0.79675
0.79704
0.79734
0.79763
0.79793
0.79822
0.79852
0.79881
0.79911
0.7994
0.7997
0.79999
0.80029
0.80059
0.80088
0.80118
0.80147
0.80177
0.80206
0.80236
0.80265
0.80295
0.80325
0.80354
0.80384
0.80413
0.80443
0.80473
0.80502
0.80532
0.80561
0.80591
0.80621
0.8065
0.8068
0.8071
0.80739
0.80769
0.80799
0.80828
0.80858
0.80888
0.80917
0.80947
0.80977
0.81006
0.81036
0.81066
0.81096
0.81125
0.81155
0.81185
0.81214
0.81244
0.81274
0.81304
0.81334
0.81363
0.81393
0.81423
0.81453
0.81483
0.81512
0.81542
0.81572
0.81602
0.81632
0.81662
0.81692
0.81721
0.81751
0.81781
0.81811
0.81841
0.81871
0.81901
0.81931
0.81961
0.81991
0.82021
0.82051
0.82081
0.8211
0.8214
0.8217
0.822
0.8223
0.8226
0.82291
0.82321
0.82351
0.82381
0.82411
0.82441
0.82471
0.82501
0.82531
0.82561
0.82591
0.82621
0.82651
0.82682
0.82712
0.82742
0.82772
0.82802
0.82832
0.82863
0.82893
0.82923
0.82953
0.82983
0.83014
0.83044
0.83074
0.83104
0.83135
0.83165
0.83195
0.83225
0.83256
0.83286
0.83316
0.83347
0.83377
0.83407
0.83438
0.83468
0.83498
0.83529
0.83559
0.8359
0.8362
0.8365
0.83681
0.83711
0.83742
0.83772
0.83803
0.83833
0.83864
0.83894
0.83925
0.83955
0.83986
0.84016
0.84047
0.84077
0.84108
0.84138
0.84169
0.84199
0.8423
0.84261
0.84291
0.84322
0.84352
0.84383
0.84414
0.84444
0.84475
0.84506
0.84536
0.84567
0.84598
0.84628
0.84659
0.8469
0.8472
0.84751
0.84782
0.84813
0.84843
0.84874
0.84905
0.84936
0.84966
0.84997
0.85028
0.85059
0.85089
0.8512
0.85151
0.85182
0.85213
0.85244
0.85274
0.85305
0.85336
0.85367
0.85398
0.85429
0.8546
0.85491
0.85522
0.85552
0.85583
0.85614
0.85645
0.85676
0.85707
0.85738
0.85769
0.858
0.85831
0.85862
0.85893
0.85924
0.85955
0.85986
0.86017
0.86048
0.86079
0.8611
0.86141
0.86172
0.86203
0.86234
0.86265
0.86296
0.86328
0.86359
0.8639
0.86421
0.86452
0.86483
0.86514
0.86545
0.86577
0.86608
0.86639
0.8667
0.86701
0.86732
0.86764
0.86795
0.86826
0.86857
0.86888
0.8692
0.86951
0.86982
0.87013
0.87045
0.87076
0.87107
0.87138
0.8717
0.87201
0.87232
0.87264
0.87295
0.87326
0.87357
0.87389
0.8742
0.87451
0.87483
0.87514
0.87546
0.87577
0.87608
0.8764
0.87671
0.87703
0.87734
0.87765
0.87797
0.87828
0.8786
0.87891
0.87923
0.87954
0.87986
0.88017
0.88049
0.8808
0.88112
0.88143
0.88175
0.88206
0.88238
0.88269
0.88301
0.88332
0.88364
0.88396
0.88427
0.88459
0.8849
0.88522
0.88554
0.88585
0.88617
0.88649
0.8868
0.88712
0.88744
0.88776
0.88807
0.88839
0.88871
0.88902
0.88934
0.88966
0.88998
0.8903
0.89061
0.89093
0.89125
0.89157
0.89189
0.8922
0.89252
0.89284
0.89316
0.89348
0.8938
0.89412
0.89444
0.89476
0.89508
0.8954
0.89571
0.89603
0.89635
0.89667
0.89699
0.89731
0.89764
0.89796
0.89828
0.8986
0.89892
0.89924
0.89956
0.89988
0.9002
0.90052
0.90085
0.90117
0.90149
0.90181
0.90213
0.90245
0.90278
0.9031
0.90342
0.90374
0.90407
0.90439
0.90471
0.90504
0.90536
0.90568
0.90601
0.90633
0.90665
0.90698
0.9073
0.90762
0.90795
0.90827
0.9086
0.90892
0.90925
0.90957
0.9099
0.91022
0.91055
0.91087
0.9112
0.91152
0.91185
0.91217
0.9125
0.91283
0.91315
0.91348
0.91381
0.91413
0.91446
0.91479
0.91511
0.91544
0.91577
0.91609
0.91642
0.91675
0.91708
0.9174
0.91773
0.91806
0.91839
0.91872
0.91904
0.91937
0.9197
0.92003
0.92036
0.92069
0.92102
0.92135
0.92168
0.92201
0.92234
0.92267
0.923
0.92333
0.92366
0.92399
0.92432
0.92465
0.92498
0.92531
0.92564
0.92597
0.9263
0.92663
0.92696
0.9273
0.92763
0.92796
0.92829
0.92862
0.92895
0.92929
0.92962
0.92995
0.93028
0.93062
0.93095
0.93128
0.93162
0.93195
0.93228
0.93262
0.93295
0.93328
0.93362
0.93395
0.93428
0.93462
0.93495
0.93529
0.93562
0.93596
0.93629
0.93663
0.93696
0.9373
0.93763
0.93797
0.9383
0.93864
0.93897
0.93931
0.93964
0.93998
0.94032
0.94065
0.94099
0.94132
0.94166
0.942
0.94233
0.94267
0.94301
0.94335
0.94368
0.94402
0.94436
0.94469
0.94503
0.94537
0.94571
0.94604
0.94638
0.94672
0.94706
0.9474
0.94774
0.94807
0.94841
0.94875
0.94909
0.94943
0.94977
0.95011
0.95045
0.95078
0.95112
0.95146
0.9518
0.95214
0.95248
0.95282
0.95316
0.9535
0.95384
0.95418
0.95452
0.95486
0.9552
0.95554
0.95588
0.95622
0.95656
0.95691
0.95725
0.95759
0.95793
0.95827
0.95861
0.95895
0.95929
0.95964
0.95998
0.96032
0.96066
0.961
0.96134
0.96169
0.96203
0.96237
0.96271
0.96306
0.9634
0.96374
0.96408
0.96443
0.96477
0.96511
0.96546
0.9658
0.96614
0.96648
0.96683
0.96717
0.96752
0.96786
0.9682
0.96855
0.96889
0.96923
0.96958
0.96992
0.97027
0.97061
0.97096
0.9713
0.97165
0.97199
0.97233
0.97268
0.97302
0.97337
0.97372
0.97406
0.97441
0.97475
0.9751
0.97544
0.97579
0.97614
0.97648
0.97683
0.97717
0.97752
0.97787
0.97821
0.97856
0.97891
0.97925
0.9796
0.97995
0.98029
0.98064
0.98099
0.98134
0.98168
0.98203
0.98238
0.98273
0.98308
0.98342
0.98377
0.98412
0.98447
0.98482
0.98517
0.98552
0.98586
0.98621
0.98656
0.98691
0.98726
0.98761
0.98796
0.98831
0.98866
0.98901
0.98936
0.98971
0.99006
0.99041
0.99076
0.99111
0.99146
0.99181
0.99217
0.99252
0.99287
0.99322
0.99357
0.99392
0.99427
0.99463
0.99498
0.99533
0.99568
0.99603
0.99639
0.99674
0.99709
0.99744
0.9978
0.99815
0.9985
0.99886
0.99921
0.99956
0.99992
1.0003
