0
0
0.010304
0.020769
0.030734
0.040734
0.051173
0.060088
0.070972
0.080887
0.090434
0.1001
0.11032
0.12019
0.13145
0.14103
0.15128
0.16003
0.17081
0.18158
0.19073
0.20211
0.21187
0.22123
0.23067
0.24024
0.25007
0.26259
0.27038
0.28226
0.29216
0.30195
0.31144
0.32194
0.33116
0.34124
0.35058
0.36177
0.37088
0.3802
0.39146
0.40161
0.41177
0.42114
0.4311
0.44099
0.45047
0.46078
0.47087
0.48027
0.49055
0.50167
0.51104
0.5204
0.53012
0.54052
0.55025
0.56024
0.57027
0.58004
0.59026
0.6
0.61025
0.62016
0.63014
0.64027
0.65005
0.66007
0.67007
0.68007
0.69007
0.70009
0.71014
0.72023
0.73008
0.74027
0.75024
0.76029
0.77012
0.78002
0.79028
0.80029
0.81006
0.82021
0.83014
0.84016
0.85028
0.86017
0.87013
0.88017
0.8903
0.9002
0.91022
0.92003
0.93028
0.94032
0.95011
0.96032
0.97027
0.98029
0.99006
1.0003
