0
0
0.0026058
0.0046858
0.0068319
0.0094154
0.012077
0.01473
0.017611
0.020746
0.024159
0.027536
0.031179
0.035007
0.039171
0.043307
0.047714
0.052298
0.057292
0.062227
0.067421
0.072813
0.078573
0.084376
0.090415
0.096671
0.10322
0.11003
0.11702
0.12426
0.13176
0.13965
0.14778
0.15614
0.16482
0.17362
0.18288
0.19199
0.20142
0.21066
0.22021
0.22943
0.23892
0.24832
0.25743
0.26666
0.27535
0.28418
0.29236
0.30066
0.30855
0.31637
0.324
0.331
0.33809
0.34476
0.3514
0.35778
0.36361
0.36929
0.37476
0.38002
0.38543
0.39031
0.39471
0.39902
0.40293
0.40679
0.41069
0.4142
0.41736
0.42007
0.42256
0.42497
0.42735
0.42943
0.43091
0.43217
0.43334
0.43446
0.43555
0.43661
0.43766
0.43869
0.43971
0.44072
0.44173
0.44272
0.44372
0.4447
0.44569
0.44666
0.44764
0.44861
0.44958
0.45055
0.45152
0.45248
0.45344
0.45441
0.45537
0.45633
0.45728
0.45824
0.4592
0.46015
