0
0
0.00056028
0.00105
0.0015154
0.0019672
0.0024145
0.0028645
0.003325
0.0038053
0.0043165
0.0048714
0.0054854
0.0061764
0.0069661
0.0078832
0.0089678
0.01027
0.011553
0.012854
0.014216
0.015708
0.017437
0.019345
0.021375
0.023592
0.025673
0.027683
0
0.00056028
0.00105
0.0015154
0.0019672
0.0024145
0.0028645
0.003325
0.0038053
0.0043165
0.0048714
0.0054854
0.0061764
0.0069661
0.0078832
0.0089678
0
0.00035828
0.00067034
0.00095949
0.0012331
0.0014967
0.001755
0.0020124
0.0022732
0.0025415
0.0028208
0.0031144
0.0034251
0.0037557
0.0041092
0.0044892
0.0048999
0.0053466
0.0058357
0.0063345
0.0068457
0.0073838
0.0079644
0.0086037
0.0093165
0.010117
0.010966
0.01176
0.012523
0.013276
0.014045
0.014858
0.015748
0.016741
0.01785
0.018977
0.020025
0.021026
0.022014
0.023021
0.02409
0.025265
0.026582
0.028059
0.029489
0.030818
0.032093
0.033357
0.034656
0.036047
0.03759
0.039329
0.041067
0.042684
0.044259
0.045847
0.047416
0.049025
0.050748
0.052661
0.054561
0.056371
0.058173
0.060049
0.061986
0.063887
0.065821
0.067874
0.070028
0.072082
0.074124
0.076252
0.07857
0.081021
0.08337
0.085701
0.08811
0.090449
0.092771
0.095178
0.097793
0.10074
0.10382
0.10677
0.10962
0.11232
0.115
0.11777
0.12077
0.12415
0.12771
0.13101
0.13425
0.13761
0.14089
0.14416
0.14757
0.15127
0.15523
0.15908
0.16302
0.16726
0.17125
0.17513
0.17904
0.18313
0.18759
0.19208
0.19666
0.20158
0.20701
0.21216
0.21721
0.22227
0.22747
0.23258
0.23784
0.24357
0.25004
0.25662
0.26356
0.27051
0.27749
0.28442
0.29143
0.2985
0.30547
0.31265
0.31962
0.32655
0.33341
0.34032
0.34725
0.35436
0.36109
0.36771
0.37453
0.38142
0.38815
0.39473
0.40091
0.40703
0.41339
0.42023
0.42691
0.4336
0.44017
0.44687
0.45315
0.45898
0.46462
0.47019
0.47582
0.48162
0.4877
0.49415
0.50071
0.50734
0.51398
0.51986
0.52534
0.53065
0.53598
0.54145
0.54718
0.5533
0.55937
0.56559
0.57154
0.5773
0.58314
0.58916
0.59506
0.60045
0.60556
0.61058
0.61572
0.62115
0.62704
0.63283
0.63849
0.64419
0.64995
0.65575
0.66138
0.66706
0.67275
0.67801
0.68219
0.6859
0.68941
0.69289
0.69646
0.70018
0.70408
0.70815
0.71224
0.71641
0.71932
0.72169
0.72377
0.72567
0.72746
0.72919
0.73088
0.73257
0.73425
0.73594
0.7376
0.73926
0.74091
0.74257
0.74424
0.74572
0.74693
0.74798
0.74892
0.74978
0.75058
0.75133
0.75204
0.75272
0.75338
0.75401
0.75462
0.75522
0.7558
0.75637
0.75693
0.75748
0.75802
0.75855
0.75907
0.75959
0.7601
0.76061
0.76111
0.7616
0.7621
0.76258
0.76307
0.76355
0.76403
0.7645
0.76497
0.76544
0.76591
0.76638
0.76684
0.7673
0.76776
0.76822
0.76867
0.76913
0.76958
0.77003
0.77048
0.77093
0.77137
0.77182
0.77226
0.77271
0.77315
0.77359
0.77403
0.77447
0.77491
0.77535
0.77578
0.77622
0.77665
0.77709
0.77752
0.77795
0.77839
0.77882
0.77925
0.77968
0.78011
0.78054
0.78096
0.78139
0.78182
0.78225
0.78267
0.7831
0.78353
0.78395
0.78438
0.7848
0.78522
0.78565
0.78607
0.78649
0.78692
0.78734
0.78776
0.78818
0.7886
0.78903
0.78945
0.78987
0.79029
0.79071
0.79113
0.79155
0.79197
0.79239
0.79281
0.79323
0.79365
0.79406
0.79448
0.7949
0.79532
0.79574
0.79616
0.79658
0.79699
0.79741
0.79783
0.79825
0.79867
0.79908
0.7995
0.79992
0.80034
0.80076
0.80117
0.80159
0.80201
0.80243
0.80284
0.80326
0.80368
0.8041
0.80451
0.80493
0.80535
0.80577
0.80619
0.8066
0.80702
0.80744
0.80786
0.80828
0.80869
0.80911
0.80953
0.80995
0.81037
0.81079
0.81121
0.81162
0.81204
0.81246
0.81288
0.8133
0.81372
0.81414
0.81456
0.81498
0.8154
0.81582
0.81624
0.81666
0.81708
0.8175
0.81792
0.81834
0.81876
0.81918
0.81961
0.82003
0.82045
0.82087
0.82129
0.82172
0.82214
0.82256
0.82298
0.82341
0.82383
0.82425
0.82468
0.8251
0.82552
0.82595
0.82637
0.8268
0.82722
0.82765
0.82807
0.8285
0.82892
0.82935
0.82978
0.8302
0.83063
0.83106
0.83148
0.83191
0.83234
0.83277
0.83319
0.83362
0.83405
0.83448
0.83491
0.83534
0.83577
0.8362
0.83663
0.83706
0.83749
0.83792
0.83835
0.83878
0.83921
0.83965
0.84008
0.84051
0.84094
0.84138
0.84181
0.84224
0.84268
0.84311
0.84355
0.84398
0.84442
0.84485
0.84529
0.84572
0.84616
0.8466
0.84703
0.84747
0.84791
0.84835
0.84879
0.84922
0.84966
0.8501
0.85054
0.85098
0.85142
0.85186
0.8523
0.85274
0.85319
0.85363
0.85407
0.85451
0.85495
0.8554
0.85584
0.85629
0.85673
0.85717
0.85762
0.85806
0.85851
0.85896
0.8594
0.85985
0.8603
0.86074
0.86119
0.86164
0.86209
0.86254
0.86298
0.86343
0.86388
0.86433
0.86478
0.86524
0.86569
0.86614
0.86659
0.86704
0.8675
0.86795
0.8684
0.86886
0.86931
0.86977
0.87022
0.87068
0.87113
0.87159
0.87205
0.8725
0.87296
0.87342
0.87388
0.87434
0.87479
0.87525
0.87571
0.87617
0.87663
0.8771
0.87756
0.87802
0.87848
0.87894
0.87941
0.87987
0.88034
0.8808
0.88126
0.88173
0.8822
0.88266
0.88313
0.8836
0.88406
0.88453
0.885
0.88547
0.88594
0.88641
0.88688
0.88735
0.88782
0.88829
0.88876
0.88923
0.8897
0.89018
0.89065
0.89113
0.8916
0.89207
0.89255
0.89302
0.8935
0.89398
0.89445
0.89493
0.89541
0.89589
0.89637
0.89685
0.89733
0.89781
0.89829
0.89877
0.89925
0.89973
0.90021
0.9007
0.90118
0.90166
0.90215
0.90263
0.90312
0.9036
0.90409
0.90458
0.90506
0.90555
0.90604
0.90653
0.90701
0.9075
0.90799
0.90848
0.90898
0.90947
0.90996
0.91045
0.91094
0.91144
0.91193
0.91242
0.91292
0.91341
0.91391
0.91441
0.9149
0.9154
0.9159
0.9164
0.91689
0.91739
0.91789
0.91839
0.91889
0.91939
0.9199
0.9204
0.9209
0.9214
0.92191
0.92241
0.92292
0.92342
0.92393
0.92443
0.92494
0.92545
0.92595
0.92646
0.92697
0.92748
0.92799
0.9285
0.92901
0.92952
0.93004
0.93055
0.93106
0.93157
0.93209
0.9326
0.93312
0.93363
0.93415
0.93467
0.93518
0.9357
0.93622
0.93674
0.93726
0.93778
0.9383
0.93882
0.93934
0.93986
0.94039
0.94091
0.94143
0.94196
0.94248
0.94301
0.94353
0.94406
0.94459
0.94511
0.94564
0.94617
0.9467
0.94723
0.94776
0.94829
0.94882
0.94936
0.94989
0.95042
0.95096
0.95149
0.95203
0.95256
0.9531
0.95363
0.95417
0.95471
0.95525
0.95579
0.95633
0.95687
0.95741
0.95795
0.95849
0.95903
0.95957
0.96012
0.96066
0.96121
0.96175
0.9623
0.96285
0.96339
0.96394
0.96449
0.96504
0.96559
0.96614
0.96669
0.96724
0.96779
0.96834
0.9689
0.96945
0.97001
0.97056
0.97112
0.97167
0.97223
0.97279
0.97334
0.9739
0.97446
0.97502
0.97558
0.97614
0.97671
0.97727
0.97783
0.97839
0.97896
0.97952
0.98009
0.98066
0.98122
0.98179
0.98236
0.98293
0.9835
0.98407
0.98464
0.98521
0.98578
0.98635
0.98693
0.9875
0.98807
0.98865
0.98922
0.9898
0.99038
0.99096
0.99153
0.99211
0.99269
0.99327
0.99385
0.99444
0.99502
0.9956
0.99618
0.99677
0.99735
0.99794
0.99853
0.99911
0.9997
1.0003
