0
0
0.01027
0.021375
0
0
0.010117
0.020025
0.030818
0.041067
0.050748
0.060049
0.070028
0.081021
0.090449
0.10074
0.11232
0.12077
0.13101
0.14089
0.15127
0.16302
0.17125
0.18313
0.19208
0.20158
0.21216
0.22227
0.23258
0.24357
0.25004
0.26356
0.27051
0.28442
0.29143
0.30547
0.31265
0.32655
0.33341
0.34032
0.35436
0.36109
0.37453
0.38142
0.39473
0.40091
0.41339
0.42023
0.4336
0.44017
0.45315
0.46462
0.47019
0.48162
0.49415
0.50071
0.51398
0.52534
0.53065
0.54145
0.5533
0.56559
0.57154
0.58314
0.59506
0.60045
0.61058
0.62115
0.63283
0.64419
0.65575
0.66138
0.67275
0.68219
0.69289
0.70018
0.71224
0.72169
0.73088
0.74091
0.75058
0.7601
0.77003
0.78011
0.79029
0.80034
0.81037
0.82003
0.8302
0.84008
0.8501
0.8603
0.87022
0.88034
0.89018
0.90021
0.91045
0.9204
0.93004
0.94039
0.95042
0.96012
0.97001
0.98009
0.99038
1.0003
