$MeshFormat
2.2 0 8
$EndMeshFormat
$Nodes
27
1 0 0 0
2 1 0 0
3 1 1 0
4 0 1 0
5 0.255 0.255 0
6 0.745 0.255 0
7 0.745 0.745 0
8 0.255 0.745 0
9 0.2499999999994109 0 0
10 0.4999999999986921 0 0
11 0.7499999999993406 0 0
12 1 0.2499999999994109 0
13 1 0.4999999999986921 0
14 1 0.7499999999993406 0
15 0.7500000000003471 1 0
16 0.5000000000020595 1 0
17 0.2500000000010405 1 0
18 0 0.7500000000003471 0
19 0 0.5000000000020595 0
20 0 0.2500000000010405 0
21 0.09664784880160261 0.4409652007430759 0
22 0.5590347992582621 0.9033521511983568 0
23 0.4409652007418932 0.09664784880165393 0
24 0.9033521511983924 0.5590347992570949 0
25 0.8281042319326556 0.8281042319323024 0
26 0.1718957680673057 0.1718957680678018 0
27 0.5 0.5 0
$EndNodes
$Elements
44
1 15 2 201 1 1
2 15 2 201 2 2
3 15 2 201 3 3
4 15 2 201 4 4
5 1 2 201 1 1 9
6 1 2 201 1 9 10
7 1 2 201 1 10 11
8 1 2 201 1 11 2
9 1 2 201 2 2 12
10 1 2 201 2 12 13
11 1 2 201 2 13 14
12 1 2 201 2 14 3
13 1 2 201 3 3 15
14 1 2 201 3 15 16
15 1 2 201 3 16 17
16 1 2 201 3 17 4
17 1 2 201 4 4 18
18 1 2 201 4 18 19
19 1 2 201 4 19 20
20 1 2 201 4 20 1
21 2 2 1 1 19 20 21
22 2 2 1 1 21 18 19
23 2 2 1 1 16 17 22
24 2 2 1 1 22 15 16
25 2 2 1 1 10 11 23
26 2 2 1 1 23 9 10
27 2 2 1 1 13 14 24
28 2 2 1 1 24 12 13
29 2 2 2 2 5 6 27
30 2 2 2 2 5 27 8
31 2 2 2 2 6 7 27
32 2 2 2 2 7 8 27
33 3 2 1 1 22 7 25 15
34 3 2 1 1 23 5 26 9
35 3 2 1 1 24 14 25 7
36 3 2 1 1 21 20 26 5
37 3 2 1 1 14 3 15 25
38 3 2 1 1 20 1 9 26
39 3 2 1 1 11 6 5 23
40 3 2 1 1 18 21 5 8
41 3 2 1 1 12 24 7 6
42 3 2 1 1 17 8 7 22
43 3 2 1 1 8 17 4 18
44 3 2 1 1 12 6 11 2
$EndElements
