$MeshFormat
2.2 0 8
$EndMeshFormat
$Nodes
57
1 0 0 0
2 1 0 0
3 1 1 0
4 0 1 0
5 0.255 0.255 0
6 0.745 0.255 0
7 0.745 0.745 0
8 0.255 0.745 0
9 0.1809747980478157 0 0
10 0.3709983359341659 0 0
11 0.5705230509881553 0 0
12 0.7800240017033125 0 0
13 1 0.2081615930126801 0
14 1 0.4121599542657696 0
15 1 0.6120783482072202 0
16 1 0.8079983743174285 0
17 0.8 1 0
18 0.6000000000013874 1 0
19 0.4000000000016649 1 0
20 0.2000000000008325 1 0
21 0 0.8 0
22 0 0.6000000000013874 0
23 0 0.4000000000016649 0
24 0 0.2000000000008325 0
25 0.4183333333329036 0.255 0
26 0.581666666666226 0.255 0
27 0.745 0.4183333333329036 0
28 0.745 0.581666666666226 0
29 0.5816666666670713 0.745 0
30 0.4183333333337669 0.745 0
31 0.255 0.5816666666670713 0
32 0.255 0.4183333333337669 0
33 0.4240640141678869 0.8711716880317892 0
34 0.1288299063408797 0.5760540116778512 0
35 0.6859690375405564 0.1305111173377486 0
36 0.8710425517733035 0.4293172418219882 0
37 0.8691223419881763 0.307448713542333 0
38 0.5632349101397814 0.1290074114347896 0
39 0.157825348910151 0.1622313104070976 0
40 0.1327746532747564 0.3958240543318364 0
41 0.30285458134719 0.8697908317502597 0
42 0.6048570351732902 0.8672337589012193 0
43 0.1302098639719218 0.6971719883837033 0
44 0.8417120937682747 0.8421995870077681 0
45 0.8671271698816819 0.6095026112168631 0
46 0.8450154877497188 0.1515870021168431 0
47 0.38407780842758 0.133538509846293 0
48 0.1492293835763562 0.8507736469260264 0
49 0.5000000437209224 0.5000000437209237 0
50 0.4002937564087186 0.4002937564088431 0
51 0.6017331653690019 0.3982670378298251 0
52 0.398267037829933 0.6017331653691131 0
53 0.5997062479582365 0.5997062479581151 0
54 0.3463462250117036 0.5367462636847472 0
55 0.4632537921026101 0.6536538307753197 0
56 0.536746263684411 0.3463462250117075 0
57 0.6536538307753218 0.4632537921022735 0
$EndNodes
$Elements
70
1 15 2 201 1 1
2 15 2 201 2 2
3 15 2 201 3 3
4 15 2 201 4 4
5 1 2 201 1 1 9
6 1 2 201 1 9 10
7 1 2 201 1 10 11
8 1 2 201 1 11 12
9 1 2 201 1 12 2
10 1 2 201 2 2 13
11 1 2 201 2 13 14
12 1 2 201 2 14 15
13 1 2 201 2 15 16
14 1 2 201 2 16 3
15 1 2 201 3 3 17
16 1 2 201 3 17 18
17 1 2 201 3 18 19
18 1 2 201 3 19 20
19 1 2 201 3 20 4
20 1 2 201 4 4 21
21 1 2 201 4 21 22
22 1 2 201 4 22 23
23 1 2 201 4 23 24
24 1 2 201 4 24 1
25 3 2 1 1 39 9 10 47
26 3 2 1 1 9 39 24 1
27 3 2 1 1 17 44 16 3
28 3 2 1 1 44 45 15 16
29 3 2 1 1 21 48 20 4
30 3 2 1 1 20 48 8 41
31 3 2 1 1 21 43 8 48
32 3 2 1 1 12 2 13 46
33 3 2 1 1 44 17 18 42
34 3 2 1 1 39 40 23 24
35 3 2 1 1 6 46 13 37
36 3 2 1 1 11 38 47 10
37 3 2 1 1 39 5 32 40
38 3 2 1 1 44 42 29 7
39 3 2 1 1 44 7 28 45
40 3 2 1 1 39 47 25 5
41 3 2 1 1 6 35 12 46
42 3 2 1 1 31 34 40 32
43 3 2 1 1 8 30 33 41
44 3 2 1 1 8 43 34 31
45 3 2 1 1 30 29 42 33
46 3 2 1 1 6 26 38 35
47 3 2 1 1 6 37 36 27
48 3 2 1 1 27 36 45 28
49 3 2 1 1 26 25 47 38
50 3 2 1 1 14 15 45 36
51 3 2 1 1 21 22 34 43
52 3 2 1 1 19 33 42 18
53 3 2 1 1 22 23 40 34
54 3 2 1 1 20 41 33 19
55 3 2 1 1 12 35 38 11
56 3 2 1 1 13 14 36 37
57 3 2 2 2 25 50 32 5
58 3 2 2 2 29 53 28 7
59 3 2 2 2 50 49 52 54
60 3 2 2 2 50 56 51 49
61 3 2 2 2 52 49 53 55
62 3 2 2 2 51 57 53 49
63 3 2 2 2 26 56 50 25
64 3 2 2 2 6 27 57 51
65 3 2 2 2 8 31 54 52
66 3 2 2 2 30 55 53 29
67 3 2 2 2 31 32 50 54
68 3 2 2 2 8 52 55 30
69 3 2 2 2 6 51 56 26
70 3 2 2 2 27 28 53 57
$EndElements
