    0.000e+00     1.000e+00     0.000e+00     0.000e+00 
    3.573e-04     1.000e+00     8.100e-04     1.000e-06 
    6.845e-04     1.000e+00     1.545e-03     1.000e-06 
    9.975e-04     1.000e+00     2.196e-03     1.000e-06 
    1.299e-03     1.000e+00     2.785e-03     1.000e-06 
    1.592e-03     1.000e+00     3.324e-03     1.000e-06 
    1.879e-03     1.000e+00     3.824e-03     1.000e-06 
    2.162e-03     1.000e+00     4.294e-03     1.000e-06 
    2.443e-03     1.000e+00     4.741e-03     1.000e-06 
    2.725e-03     1.000e+00     5.171e-03     1.000e-06 
    3.008e-03     1.000e+00     5.588e-03     1.000e-06 
    3.296e-03     1.000e+00     5.997e-03     1.000e-06 
    3.591e-03     1.000e+00     6.402e-03     1.000e-06 
    3.895e-03     1.000e+00     6.808e-03     1.000e-06 
    4.211e-03     1.000e+00     7.218e-03     1.000e-06 
    4.543e-03     1.000e+00     7.637e-03     1.000e-06 
    4.893e-03     1.000e+00     8.068e-03     1.000e-06 
    5.266e-03     1.000e+00     8.517e-03     1.000e-06 
    5.666e-03     1.000e+00     8.988e-03     1.000e-06 
    6.098e-03     1.000e+00     9.486e-03     1.000e-06 
    6.569e-03     1.000e+00     1.002e-02     1.000e-06 
    7.085e-03     1.000e+00     1.059e-02     1.000e-06 
    7.654e-03     1.000e+00     1.121e-02     1.000e-06 
    8.289e-03     1.000e+00     1.189e-02     1.000e-06 
    9.002e-03     1.000e+00     1.265e-02     1.000e-06 
    9.810e-03     1.000e+00     1.349e-02     1.000e-06 
    1.074e-02     1.000e+00     1.445e-02     1.000e-06 
    1.167e-02     1.000e+00     1.541e-02     1.000e-06 
    1.260e-02     1.000e+00     1.635e-02     1.000e-06 
    1.353e-02     1.000e+00     1.729e-02     1.000e-06 
    1.446e-02     1.000e+00     1.823e-02     1.000e-06 
    1.542e-02     1.000e+00     1.920e-02     1.000e-06 
    1.637e-02     1.000e+00     2.015e-02     1.000e-06 
    1.732e-02     1.000e+00     2.110e-02     1.000e-06 
    1.829e-02     1.000e+00     2.207e-02     1.000e-06 
    1.931e-02     1.000e+00     2.309e-02     1.000e-06 
    2.041e-02     1.000e+00     2.420e-02     1.000e-06 
    2.165e-02     1.000e+00     2.544e-02     1.000e-06 
    2.307e-02     1.000e+00     2.686e-02     1.000e-06 
    2.448e-02     1.000e+00     2.827e-02     1.000e-06 
    2.585e-02     1.000e+00     2.963e-02     1.000e-06 
    2.724e-02     1.000e+00     3.102e-02     1.000e-06 
    2.870e-02     1.000e+00     3.248e-02     1.000e-06 
    3.010e-02     1.000e+00     3.388e-02     1.000e-06 
    3.145e-02     1.000e+00     3.524e-02     1.000e-06 
    3.279e-02     1.000e+00     3.657e-02     1.000e-06 
    3.412e-02     1.000e+00     3.790e-02     1.000e-06 
    3.546e-02     1.000e+00     3.925e-02     1.000e-06 
    3.686e-02     1.000e+00     4.065e-02     1.000e-06 
    3.834e-02     1.000e+00     4.213e-02     1.000e-06 
    3.981e-02     1.000e+00     4.360e-02     1.000e-06 
    4.132e-02     1.000e+00     4.511e-02     1.000e-06 
    4.292e-02     1.000e+00     4.671e-02     1.000e-06 
    4.467e-02     1.000e+00     4.846e-02     1.000e-06 
    4.665e-02     1.000e+00     5.044e-02     1.000e-06 
    4.866e-02     1.000e+00     5.245e-02     1.000e-06 
    5.054e-02     1.000e+00     5.432e-02     1.000e-06 
    5.237e-02     1.000e+00     5.616e-02     1.000e-06 
    5.417e-02     1.000e+00     5.796e-02     1.000e-06 
    5.593e-02     1.000e+00     5.971e-02     1.000e-06 
    5.766e-02     1.000e+00     6.145e-02     1.000e-06 
    5.941e-02     1.000e+00     6.320e-02     1.000e-06 
    6.118e-02     1.000e+00     6.497e-02     1.000e-06 
    6.300e-02     1.000e+00     6.678e-02     1.000e-06 
    6.487e-02     1.000e+00     6.865e-02     1.000e-06 
    6.685e-02     1.000e+00     7.064e-02     1.000e-06 
    6.880e-02     1.000e+00     7.259e-02     1.000e-06 
    7.076e-02     1.000e+00     7.455e-02     1.000e-06 
    7.281e-02     1.000e+00     7.660e-02     1.000e-06 
    7.503e-02     1.000e+00     7.882e-02     1.000e-06 
    7.749e-02     1.000e+00     8.128e-02     1.000e-06 
    7.994e-02     1.000e+00     8.373e-02     1.000e-06 
    8.228e-02     1.000e+00     8.607e-02     1.000e-06 
    8.452e-02     1.000e+00     8.831e-02     1.000e-06 
    8.670e-02     1.000e+00     9.049e-02     1.000e-06 
    8.884e-02     1.000e+00     9.262e-02     1.000e-06 
    9.096e-02     1.000e+00     9.475e-02     1.000e-06 
    9.311e-02     1.000e+00     9.690e-02     1.000e-06 
    9.533e-02     1.000e+00     9.912e-02     1.000e-06 
    9.762e-02     1.000e+00     1.014e-01     1.000e-06 
    1.000e-01     1.000e+00     1.038e-01     1.000e-06 
    1.025e-01     1.000e+00     1.062e-01     1.000e-06 
    1.048e-01     1.000e+00     1.086e-01     1.000e-06 
    1.071e-01     1.000e+00     1.109e-01     1.000e-06 
    1.095e-01     1.000e+00     1.133e-01     1.000e-06 
    1.121e-01     1.000e+00     1.159e-01     1.000e-06 
    1.149e-01     1.000e+00     1.187e-01     1.000e-06 
    1.177e-01     1.000e+00     1.215e-01     1.000e-06 
    1.204e-01     1.000e+00     1.242e-01     1.000e-06 
    1.231e-01     1.000e+00     1.268e-01     1.000e-06 
    1.256e-01     1.000e+00     1.294e-01     1.000e-06 
    1.282e-01     1.000e+00     1.320e-01     1.000e-06 
    1.308e-01     1.000e+00     1.346e-01     1.000e-06 
    1.334e-01     1.000e+00     1.372e-01     1.000e-06 
    1.361e-01     1.000e+00     1.399e-01     1.000e-06 
    1.388e-01     1.000e+00     1.425e-01     1.000e-06 
    1.416e-01     1.000e+00     1.454e-01     1.000e-06 
    1.445e-01     1.000e+00     1.483e-01     1.000e-06 
    1.473e-01     1.000e+00     1.511e-01     1.000e-06 
    1.501e-01     1.000e+00     1.539e-01     1.000e-06 
    1.530e-01     1.000e+00     1.568e-01     1.000e-06 
    1.560e-01     1.000e+00     1.598e-01     1.000e-06 
    1.592e-01     1.000e+00     1.630e-01     1.000e-06 
    1.623e-01     1.000e+00     1.661e-01     1.000e-06 
    1.653e-01     1.000e+00     1.691e-01     1.000e-06 
    1.683e-01     1.000e+00     1.721e-01     1.000e-06 
    1.712e-01     1.000e+00     1.750e-01     1.000e-06 
    1.741e-01     1.000e+00     1.779e-01     1.000e-06 
    1.771e-01     1.000e+00     1.809e-01     1.000e-06 
    1.802e-01     1.000e+00     1.840e-01     1.000e-06 
    1.832e-01     1.000e+00     1.870e-01     1.000e-06 
    1.864e-01     1.000e+00     1.902e-01     1.000e-06 
    1.897e-01     1.000e+00     1.935e-01     1.000e-06 
    1.929e-01     1.000e+00     1.967e-01     1.000e-06 
    1.961e-01     1.000e+00     1.999e-01     1.000e-06 
    1.992e-01     1.000e+00     2.030e-01     1.000e-06 
    2.024e-01     1.000e+00     2.061e-01     1.000e-06 
    2.058e-01     1.000e+00     2.095e-01     1.000e-06 
    2.092e-01     1.000e+00     2.130e-01     1.000e-06 
    2.126e-01     1.000e+00     2.164e-01     1.000e-06 
    2.159e-01     1.000e+00     2.197e-01     1.000e-06 
    2.191e-01     1.000e+00     2.229e-01     1.000e-06 
    2.223e-01     1.000e+00     2.260e-01     1.000e-06 
    2.256e-01     1.000e+00     2.294e-01     1.000e-06 
    2.289e-01     1.000e+00     2.327e-01     1.000e-06 
    2.323e-01     1.000e+00     2.361e-01     1.000e-06 
    2.356e-01     1.000e+00     2.394e-01     1.000e-06 
    2.389e-01     1.000e+00     2.427e-01     1.000e-06 
    2.423e-01     1.000e+00     2.461e-01     1.000e-06 
    2.457e-01     1.000e+00     2.495e-01     1.000e-06 
    2.490e-01     1.000e+00     2.528e-01     1.000e-06 
    2.522e-01     1.000e+00     2.560e-01     1.000e-06 
    2.556e-01     1.000e+00     2.594e-01     1.000e-06 
    2.592e-01     1.000e+00     2.630e-01     1.000e-06 
    2.630e-01     1.000e+00     2.668e-01     1.000e-06 
    2.667e-01     1.000e+00     2.705e-01     1.000e-06 
    2.700e-01     1.000e+00     2.738e-01     1.000e-06 
    2.732e-01     1.000e+00     2.770e-01     1.000e-06 
    2.765e-01     1.000e+00     2.803e-01     1.000e-06 
    2.799e-01     1.000e+00     2.837e-01     1.000e-06 
    2.834e-01     1.000e+00     2.872e-01     1.000e-06 
    2.869e-01     1.000e+00     2.907e-01     1.000e-06 
    2.903e-01     1.000e+00     2.941e-01     1.000e-06 
    2.938e-01     1.000e+00     2.976e-01     1.000e-06 
    2.972e-01     1.000e+00     3.010e-01     1.000e-06 
    3.005e-01     1.000e+00     3.043e-01     1.000e-06 
    3.037e-01     1.000e+00     3.075e-01     1.000e-06 
    3.070e-01     1.000e+00     3.108e-01     1.000e-06 
    3.105e-01     1.000e+00     3.143e-01     1.000e-06 
    3.142e-01     1.000e+00     3.180e-01     1.000e-06 
    3.179e-01     1.000e+00     3.217e-01     1.000e-06 
    3.213e-01     1.000e+00     3.251e-01     1.000e-06 
    3.245e-01     1.000e+00     3.283e-01     1.000e-06 
    3.276e-01     1.000e+00     3.314e-01     1.000e-06 
    3.309e-01     1.000e+00     3.347e-01     1.000e-06 
    3.344e-01     1.000e+00     3.382e-01     1.000e-06 
    3.382e-01     1.000e+00     3.420e-01     1.000e-06 
    3.417e-01     1.000e+00     3.455e-01     1.000e-06 
    3.451e-01     1.000e+00     3.488e-01     1.000e-06 
    3.482e-01     1.000e+00     3.520e-01     1.000e-06 
    3.513e-01     1.000e+00     3.551e-01     1.000e-06 
    3.545e-01     1.000e+00     3.583e-01     1.000e-06 
    3.576e-01     1.000e+00     3.614e-01     1.000e-06 
    3.606e-01     1.000e+00     3.644e-01     1.000e-06 
    3.637e-01     1.000e+00     3.675e-01     1.000e-06 
    3.669e-01     1.000e+00     3.707e-01     1.000e-06 
    3.703e-01     1.000e+00     3.741e-01     1.000e-06 
    3.736e-01     1.000e+00     3.774e-01     1.000e-06 
    3.767e-01     1.000e+00     3.804e-01     1.000e-06 
    3.797e-01     1.000e+00     3.834e-01     1.000e-06 
    3.827e-01     1.000e+00     3.865e-01     1.000e-06 
    3.859e-01     1.000e+00     3.897e-01     1.000e-06 
    3.894e-01     1.000e+00     3.931e-01     1.000e-06 
    3.932e-01     1.000e+00     3.969e-01     1.000e-06 
    3.969e-01     1.000e+00     4.007e-01     1.000e-06 
    4.002e-01     1.000e+00     4.040e-01     1.000e-06 
    4.032e-01     1.000e+00     4.070e-01     1.000e-06 
    4.060e-01     1.000e+00     4.098e-01     1.000e-06 
    4.088e-01     1.000e+00     4.126e-01     1.000e-06 
    4.114e-01     1.000e+00     4.152e-01     1.000e-06 
    4.140e-01     1.000e+00     4.178e-01     1.000e-06 
    4.166e-01     1.000e+00     4.204e-01     1.000e-06 
    4.193e-01     1.000e+00     4.231e-01     1.000e-06 
    4.221e-01     1.000e+00     4.258e-01     1.000e-06 
    4.249e-01     1.000e+00     4.287e-01     1.000e-06 
    4.276e-01     1.000e+00     4.314e-01     1.000e-06 
    4.302e-01     1.000e+00     4.340e-01     1.000e-06 
    4.329e-01     1.000e+00     4.367e-01     1.000e-06 
    4.357e-01     1.000e+00     4.394e-01     1.000e-06 
    4.386e-01     1.000e+00     4.424e-01     1.000e-06 
    4.418e-01     1.000e+00     4.456e-01     1.000e-06 
    4.452e-01     1.000e+00     4.490e-01     1.000e-06 
    4.484e-01     1.000e+00     4.522e-01     1.000e-06 
    4.514e-01     1.000e+00     4.552e-01     1.000e-06 
    4.542e-01     1.000e+00     4.580e-01     1.000e-06 
    4.570e-01     1.000e+00     4.607e-01     1.000e-06 
    4.596e-01     1.000e+00     4.634e-01     1.000e-06 
    4.620e-01     1.000e+00     4.658e-01     1.000e-06 
    4.643e-01     1.000e+00     4.681e-01     1.000e-06 
    4.666e-01     1.000e+00     4.704e-01     1.000e-06 
    4.689e-01     1.000e+00     4.726e-01     1.000e-06 
    4.711e-01     1.000e+00     4.749e-01     1.000e-06 
    4.733e-01     1.000e+00     4.771e-01     1.000e-06 
    4.754e-01     1.000e+00     4.792e-01     1.000e-06 
    4.775e-01     1.000e+00     4.813e-01     1.000e-06 
    4.798e-01     1.000e+00     4.835e-01     1.000e-06 
    4.821e-01     1.000e+00     4.859e-01     1.000e-06 
    4.845e-01     1.000e+00     4.883e-01     1.000e-06 
    4.871e-01     1.000e+00     4.909e-01     1.000e-06 
    4.898e-01     1.000e+00     4.935e-01     1.000e-06 
    4.924e-01     1.000e+00     4.962e-01     1.000e-06 
    4.950e-01     1.000e+00     4.988e-01     1.000e-06 
    4.975e-01     1.000e+00     5.012e-01     1.000e-06 
    4.999e-01     1.000e+00     5.037e-01     1.000e-06 
    5.023e-01     1.000e+00     5.061e-01     1.000e-06 
    5.045e-01     1.000e+00     5.083e-01     1.000e-06 
    5.065e-01     1.000e+00     5.103e-01     1.000e-06 
    5.084e-01     1.000e+00     5.122e-01     1.000e-06 
    5.102e-01     1.000e+00     5.140e-01     1.000e-06 
    5.118e-01     1.000e+00     5.156e-01     1.000e-06 
    5.134e-01     1.000e+00     5.172e-01     1.000e-06 
    5.150e-01     1.000e+00     5.188e-01     1.000e-06 
    5.165e-01     1.000e+00     5.203e-01     1.000e-06 
    5.181e-01     1.000e+00     5.219e-01     1.000e-06 
    5.197e-01     1.000e+00     5.235e-01     1.000e-06 
    5.214e-01     1.000e+00     5.252e-01     1.000e-06 
    5.230e-01     1.000e+00     5.268e-01     1.001e-06 
    5.247e-01     1.000e+00     5.285e-01     1.007e-06 
    5.265e-01     1.000e+00     5.303e-01     1.033e-06 
    5.283e-01     1.000e+00     5.321e-01     1.173e-06 
    5.301e-01     1.000e+00     5.339e-01     1.987e-06 
    5.319e-01     1.000e+00     5.357e-01     6.951e-06 
    5.337e-01     1.000e+00     5.375e-01     1.809e-05 
    5.356e-01     1.000e+00     5.393e-01     4.938e-05 
    5.373e-01     1.000e+00     5.411e-01     1.398e-04 
    5.387e-01     1.000e+00     5.425e-01     2.762e-04 
    5.400e-01     1.000e+00     5.438e-01     5.085e-04 
    5.412e-01     1.000e+00     5.450e-01     1.001e-03 
    5.423e-01     1.000e+00     5.461e-01     1.558e-03 
    5.434e-01     1.000e+00     5.472e-01     3.008e-03 
    5.444e-01     1.000e+00     5.482e-01     5.173e-03 
    5.454e-01     1.000e+00     5.492e-01     8.406e-03 
    5.464e-01     9.999e-01     5.502e-01     1.686e-02 
    5.474e-01     9.998e-01     5.512e-01     3.165e-02 
    5.483e-01     9.991e-01     5.521e-01     3.904e-02 
    5.493e-01     9.987e-01     5.531e-01     4.706e-02 
    5.502e-01     9.981e-01     5.540e-01     5.919e-02 
    5.512e-01     9.968e-01     5.549e-01     7.162e-02 
    5.521e-01     9.953e-01     5.559e-01     9.060e-02 
    5.530e-01     9.921e-01     5.568e-01     1.072e-01 
    5.539e-01     9.886e-01     5.577e-01     1.251e-01 
    5.549e-01     9.839e-01     5.586e-01     1.476e-01 
    5.558e-01     9.766e-01     5.595e-01     1.674e-01 
    5.567e-01     9.687e-01     5.604e-01     1.875e-01 
    5.576e-01     9.591e-01     5.613e-01     2.078e-01 
    5.585e-01     9.478e-01     5.621e-01     2.278e-01 
    5.594e-01     9.349e-01     5.630e-01     2.465e-01 
    5.603e-01     9.211e-01     5.638e-01     2.637e-01 
    5.611e-01     9.070e-01     5.645e-01     2.785e-01 
    5.618e-01     8.935e-01     5.651e-01     2.911e-01 
    5.625e-01     8.811e-01     5.657e-01     3.030e-01 
    5.632e-01     8.687e-01     5.663e-01     3.123e-01 
    5.638e-01     8.583e-01     5.669e-01     3.216e-01 
    5.644e-01     8.477e-01     5.674e-01     3.291e-01 
    5.650e-01     8.386e-01     5.679e-01     3.363e-01 
    5.656e-01     8.296e-01     5.684e-01     3.430e-01 
    5.662e-01     8.210e-01     5.689e-01     3.487e-01 
    5.668e-01     8.135e-01     5.693e-01     3.541e-01 
    5.673e-01     8.061e-01     5.698e-01     3.592e-01 
    5.678e-01     7.991e-01     5.702e-01     3.637e-01 
    5.684e-01     7.927e-01     5.706e-01     3.678e-01 
    5.689e-01     7.869e-01     5.710e-01     3.715e-01 
    5.694e-01     7.815e-01     5.715e-01     3.753e-01 
    5.700e-01     7.760e-01     5.719e-01     3.786e-01 
    5.705e-01     7.710e-01     5.722e-01     3.817e-01 
    5.710e-01     7.663e-01     5.726e-01     3.849e-01 
    5.715e-01     7.615e-01     5.730e-01     3.888e-01 
    5.720e-01     7.554e-01     5.734e-01     3.918e-01 
    5.725e-01     7.507e-01     5.738e-01     3.946e-01 
    5.729e-01     7.463e-01     5.741e-01     3.970e-01 
    5.734e-01     7.426e-01     5.745e-01     3.991e-01 
    5.739e-01     7.391e-01     5.748e-01     4.016e-01 
    5.744e-01     7.352e-01     5.752e-01     4.038e-01 
    5.749e-01     7.315e-01     5.755e-01     4.048e-01 
    5.753e-01     7.299e-01     5.759e-01     4.068e-01 
    5.758e-01     7.267e-01     5.762e-01     4.084e-01 
    5.763e-01     7.240e-01     5.766e-01     4.099e-01 
    5.767e-01     7.215e-01     5.769e-01     4.113e-01 
    5.772e-01     7.192e-01     5.772e-01     4.128e-01 
    5.777e-01     7.166e-01     5.776e-01     4.135e-01 
    5.781e-01     7.154e-01     5.779e-01     4.142e-01 
    5.786e-01     7.144e-01     5.782e-01     4.160e-01 
    5.790e-01     7.113e-01     5.785e-01     4.172e-01 
    5.795e-01     7.093e-01     5.789e-01     4.181e-01 
    5.800e-01     7.078e-01     5.792e-01     4.190e-01 
    5.804e-01     7.061e-01     5.795e-01     4.201e-01 
    5.809e-01     7.044e-01     5.798e-01     4.211e-01 
    5.813e-01     7.026e-01     5.801e-01     4.224e-01 
    5.817e-01     7.004e-01     5.805e-01     4.235e-01 
    5.822e-01     6.984e-01     5.808e-01     4.245e-01 
    5.826e-01     6.968e-01     5.811e-01     4.256e-01 
    5.831e-01     6.948e-01     5.814e-01     4.263e-01 
    5.835e-01     6.936e-01     5.817e-01     4.278e-01 
    5.840e-01     6.910e-01     5.820e-01     4.294e-01 
    5.844e-01     6.882e-01     5.823e-01     4.302e-01 
    5.848e-01     6.869e-01     5.826e-01     4.311e-01 
    5.853e-01     6.852e-01     5.829e-01     4.321e-01 
    5.857e-01     6.835e-01     5.832e-01     4.330e-01 
    5.861e-01     6.818e-01     5.835e-01     4.350e-01 
    5.866e-01     6.783e-01     5.838e-01     4.367e-01 
    5.870e-01     6.753e-01     5.841e-01     4.374e-01 
    5.874e-01     6.741e-01     5.844e-01     4.392e-01 
    5.879e-01     6.709e-01     5.846e-01     4.404e-01 
    5.883e-01     6.687e-01     5.849e-01     4.411e-01 
    5.887e-01     6.675e-01     5.852e-01     4.424e-01 
    5.891e-01     6.651e-01     5.855e-01     4.438e-01 
    5.896e-01     6.625e-01     5.858e-01     4.451e-01 
    5.900e-01     6.602e-01     5.861e-01     4.460e-01 
    5.904e-01     6.586e-01     5.863e-01     4.469e-01 
    5.908e-01     6.570e-01     5.866e-01     4.474e-01 
    5.913e-01     6.560e-01     5.869e-01     4.480e-01 
    5.917e-01     6.550e-01     5.872e-01     4.485e-01 
    5.921e-01     6.539e-01     5.874e-01     4.507e-01 
    5.925e-01     6.500e-01     5.877e-01     4.514e-01 
    5.930e-01     6.486e-01     5.880e-01     4.529e-01 
    5.934e-01     6.459e-01     5.883e-01     4.553e-01 
    5.938e-01     6.415e-01     5.885e-01     4.551e-01 
    5.942e-01     6.418e-01     5.888e-01     4.564e-01 
    5.946e-01     6.394e-01     5.891e-01     4.561e-01 
    5.951e-01     6.399e-01     5.894e-01     4.576e-01 
    5.955e-01     6.371e-01     5.896e-01     4.572e-01 
    5.959e-01     6.380e-01     5.899e-01     4.578e-01 
    5.963e-01     6.368e-01     5.902e-01     4.578e-01 
    5.967e-01     6.368e-01     5.904e-01     4.589e-01 
    5.972e-01     6.348e-01     5.907e-01     4.591e-01 
    5.976e-01     6.343e-01     5.910e-01     4.607e-01 
    5.980e-01     6.313e-01     5.912e-01     4.608e-01 
    5.984e-01     6.312e-01     5.915e-01     4.620e-01 
    5.988e-01     6.289e-01     5.917e-01     4.622e-01 
    5.992e-01     6.286e-01     5.920e-01     4.640e-01 
    5.997e-01     6.251e-01     5.923e-01     4.653e-01 
    6.001e-01     6.228e-01     5.925e-01     4.661e-01 
    6.005e-01     6.212e-01     5.928e-01     4.663e-01 
    6.009e-01     6.209e-01     5.930e-01     4.682e-01 
    6.013e-01     6.172e-01     5.933e-01     4.689e-01 
    6.017e-01     6.160e-01     5.935e-01     4.695e-01 
    6.021e-01     6.147e-01     5.938e-01     4.719e-01 
    6.025e-01     6.103e-01     5.940e-01     4.721e-01 
    6.029e-01     6.098e-01     5.943e-01     4.734e-01 
    6.033e-01     6.073e-01     5.945e-01     4.742e-01 
    6.038e-01     6.058e-01     5.948e-01     4.751e-01 
    6.042e-01     6.040e-01     5.950e-01     4.767e-01 
    6.046e-01     6.010e-01     5.953e-01     4.767e-01 
    6.050e-01     6.010e-01     5.955e-01     4.780e-01 
    6.054e-01     5.984e-01     5.958e-01     4.799e-01 
    6.058e-01     5.949e-01     5.960e-01     4.796e-01 
    6.062e-01     5.954e-01     5.962e-01     4.806e-01 
    6.066e-01     5.934e-01     5.965e-01     4.823e-01 
    6.070e-01     5.903e-01     5.967e-01     4.818e-01 
    6.074e-01     5.913e-01     5.970e-01     4.824e-01 
    6.078e-01     5.899e-01     5.972e-01     4.831e-01 
    6.082e-01     5.887e-01     5.974e-01     4.823e-01 
    6.086e-01     5.903e-01     5.977e-01     4.830e-01 
    6.090e-01     5.889e-01     5.979e-01     4.842e-01 
    6.094e-01     5.865e-01     5.981e-01     4.842e-01 
    6.098e-01     5.864e-01     5.984e-01     4.843e-01 
    6.102e-01     5.863e-01     5.986e-01     4.856e-01 
    6.106e-01     5.838e-01     5.989e-01     4.857e-01 
    6.110e-01     5.836e-01     5.991e-01     4.853e-01 
    6.114e-01     5.844e-01     5.993e-01     4.862e-01 
    6.118e-01     5.827e-01     5.996e-01     4.876e-01 
    6.122e-01     5.798e-01     5.998e-01     4.860e-01 
    6.126e-01     5.830e-01     6.000e-01     4.860e-01 
    6.130e-01     5.830e-01     6.003e-01     4.874e-01 
    6.134e-01     5.804e-01     6.005e-01     4.889e-01 
    6.138e-01     5.773e-01     6.007e-01     4.896e-01 
    6.142e-01     5.759e-01     6.010e-01     4.881e-01 
    6.146e-01     5.788e-01     6.012e-01     4.872e-01 
    6.151e-01     5.807e-01     6.014e-01     4.879e-01 
    6.155e-01     5.794e-01     6.017e-01     4.897e-01 
    6.159e-01     5.758e-01     6.019e-01     4.941e-01 
    6.163e-01     5.671e-01     6.021e-01     4.946e-01 
    6.167e-01     5.662e-01     6.023e-01     4.962e-01 
    6.171e-01     5.631e-01     6.026e-01     4.992e-01 
    6.175e-01     5.570e-01     6.028e-01     4.945e-01 
    6.179e-01     5.664e-01     6.030e-01     4.955e-01 
    6.183e-01     5.645e-01     6.032e-01     4.985e-01 
    6.187e-01     5.585e-01     6.035e-01     4.963e-01 
    6.191e-01     5.629e-01     6.037e-01     4.943e-01 
    6.195e-01     5.668e-01     6.039e-01     4.944e-01 
    6.199e-01     5.666e-01     6.042e-01     4.928e-01 
    6.203e-01     5.697e-01     6.044e-01     4.915e-01 
    6.207e-01     5.722e-01     6.046e-01     4.903e-01 
    6.211e-01     5.747e-01     6.048e-01     4.896e-01 
    6.215e-01     5.759e-01     6.051e-01     4.881e-01 
    6.219e-01     5.790e-01     6.053e-01     4.863e-01 
    6.223e-01     5.824e-01     6.055e-01     4.892e-01 
    6.227e-01     5.768e-01     6.058e-01     4.905e-01 
    6.231e-01     5.742e-01     6.060e-01     4.918e-01 
    6.235e-01     5.716e-01     6.062e-01     4.908e-01 
    6.239e-01     5.736e-01     6.065e-01     4.897e-01 
    6.243e-01     5.759e-01     6.067e-01     4.885e-01 
    6.247e-01     5.781e-01     6.069e-01     4.911e-01 
    6.251e-01     5.731e-01     6.072e-01     4.905e-01 
    6.255e-01     5.743e-01     6.074e-01     4.919e-01 
    6.259e-01     5.715e-01     6.076e-01     4.917e-01 
    6.263e-01     5.719e-01     6.079e-01     4.933e-01 
    6.267e-01     5.688e-01     6.081e-01     4.946e-01 
    6.271e-01     5.662e-01     6.083e-01     4.946e-01 
    6.275e-01     5.662e-01     6.085e-01     4.939e-01 
    6.279e-01     5.676e-01     6.088e-01     4.960e-01 
    6.283e-01     5.634e-01     6.090e-01     4.955e-01 
    6.287e-01     5.644e-01     6.092e-01     4.948e-01 
    6.291e-01     5.659e-01     6.094e-01     4.930e-01 
    6.295e-01     5.694e-01     6.097e-01     4.948e-01 
    6.299e-01     5.657e-01     6.099e-01     4.958e-01 
    6.303e-01     5.638e-01     6.101e-01     4.972e-01 
    6.307e-01     5.610e-01     6.103e-01     4.994e-01 
    6.311e-01     5.567e-01     6.106e-01     4.986e-01 
    6.315e-01     5.584e-01     6.108e-01     4.966e-01 
    6.319e-01     5.622e-01     6.110e-01     4.974e-01 
    6.323e-01     5.607e-01     6.112e-01     4.955e-01 
    6.327e-01     5.645e-01     6.115e-01     4.964e-01 
    6.331e-01     5.626e-01     6.117e-01     4.983e-01 
    6.335e-01     5.589e-01     6.119e-01     4.973e-01 
    6.339e-01     5.609e-01     6.121e-01     4.986e-01 
    6.343e-01     5.584e-01     6.124e-01     5.002e-01 
    6.347e-01     5.551e-01     6.126e-01     4.992e-01 
    6.351e-01     5.571e-01     6.128e-01     4.994e-01 
    6.355e-01     5.568e-01     6.130e-01     5.001e-01 
    6.359e-01     5.553e-01     6.132e-01     5.007e-01 
    6.363e-01     5.542e-01     6.135e-01     5.020e-01 
    6.367e-01     5.516e-01     6.137e-01     5.040e-01 
    6.371e-01     5.476e-01     6.139e-01     5.032e-01 
    6.375e-01     5.493e-01     6.141e-01     5.052e-01 
    6.379e-01     5.453e-01     6.143e-01     5.049e-01 
    6.383e-01     5.459e-01     6.145e-01     5.055e-01 
    6.386e-01     5.446e-01     6.147e-01     5.077e-01 
    6.390e-01     5.404e-01     6.150e-01     5.061e-01 
    6.394e-01     5.435e-01     6.152e-01     5.075e-01 
    6.398e-01     5.408e-01     6.154e-01     5.094e-01 
    6.402e-01     5.369e-01     6.156e-01     5.078e-01 
    6.406e-01     5.402e-01     6.158e-01     5.091e-01 
    6.410e-01     5.374e-01     6.160e-01     5.108e-01 
    6.414e-01     5.342e-01     6.162e-01     5.123e-01 
    6.418e-01     5.312e-01     6.164e-01     5.112e-01 
    6.422e-01     5.334e-01     6.167e-01     5.119e-01 
    6.426e-01     5.319e-01     6.169e-01     5.137e-01 
    6.430e-01     5.283e-01     6.171e-01     5.152e-01 
    6.434e-01     5.254e-01     6.173e-01     5.135e-01 
    6.438e-01     5.287e-01     6.175e-01     5.146e-01 
    6.442e-01     5.266e-01     6.177e-01     5.158e-01 
    6.445e-01     5.241e-01     6.179e-01     5.199e-01 
    6.449e-01     5.160e-01     6.181e-01     5.175e-01 
    6.453e-01     5.208e-01     6.183e-01     5.172e-01 
    6.457e-01     5.213e-01     6.185e-01     5.187e-01 
    6.461e-01     5.184e-01     6.187e-01     5.170e-01 
    6.465e-01     5.218e-01     6.189e-01     5.180e-01 
    6.469e-01     5.197e-01     6.191e-01     5.203e-01 
    6.473e-01     5.151e-01     6.193e-01     5.221e-01 
    6.477e-01     5.115e-01     6.195e-01     5.240e-01 
    6.481e-01     5.078e-01     6.197e-01     5.224e-01 
    6.485e-01     5.109e-01     6.199e-01     5.229e-01 
    6.488e-01     5.100e-01     6.201e-01     5.219e-01 
    6.492e-01     5.120e-01     6.203e-01     5.227e-01 
    6.496e-01     5.103e-01     6.205e-01     5.238e-01 
    6.500e-01     5.082e-01     6.207e-01     5.248e-01 
    6.504e-01     5.062e-01     6.209e-01     5.239e-01 
    6.508e-01     5.079e-01     6.211e-01     5.255e-01 
    6.512e-01     5.047e-01     6.213e-01     5.268e-01 
    6.516e-01     5.021e-01     6.215e-01     5.309e-01 
    6.520e-01     4.939e-01     6.217e-01     5.312e-01 
    6.524e-01     4.932e-01     6.219e-01     5.293e-01 
    6.527e-01     4.971e-01     6.221e-01     5.286e-01 
    6.531e-01     4.985e-01     6.223e-01     5.279e-01 
    6.535e-01     4.999e-01     6.225e-01     5.261e-01 
    6.539e-01     5.035e-01     6.227e-01     5.275e-01 
    6.543e-01     5.007e-01     6.229e-01     5.286e-01 
    6.547e-01     4.984e-01     6.230e-01     5.285e-01 
    6.551e-01     4.987e-01     6.232e-01     5.276e-01 
    6.555e-01     5.005e-01     6.234e-01     5.283e-01 
    6.559e-01     4.991e-01     6.236e-01     5.286e-01 
    6.562e-01     4.986e-01     6.238e-01     5.286e-01 
    6.566e-01     4.984e-01     6.240e-01     5.285e-01 
    6.570e-01     4.987e-01     6.242e-01     5.299e-01 
    6.574e-01     4.959e-01     6.244e-01     5.311e-01 
    6.578e-01     4.935e-01     6.246e-01     5.320e-01 
    6.582e-01     4.916e-01     6.248e-01     5.330e-01 
    6.586e-01     4.897e-01     6.250e-01     5.338e-01 
    6.590e-01     4.882e-01     6.252e-01     5.353e-01 
    6.594e-01     4.851e-01     6.254e-01     5.383e-01 
    6.597e-01     4.790e-01     6.255e-01     5.407e-01 
    6.601e-01     4.741e-01     6.257e-01     5.404e-01 
    6.605e-01     4.748e-01     6.259e-01     5.408e-01 
    6.609e-01     4.740e-01     6.261e-01     5.421e-01 
    6.613e-01     4.715e-01     6.263e-01     5.409e-01 
    6.617e-01     4.738e-01     6.265e-01     5.407e-01 
    6.621e-01     4.743e-01     6.267e-01     5.405e-01 
    6.625e-01     4.746e-01     6.268e-01     5.433e-01 
    6.629e-01     4.691e-01     6.270e-01     5.441e-01 
    6.633e-01     4.675e-01     6.272e-01     5.445e-01 
    6.636e-01     4.666e-01     6.274e-01     5.445e-01 
    6.640e-01     4.666e-01     6.276e-01     5.438e-01 
    6.644e-01     4.680e-01     6.277e-01     5.451e-01 
    6.648e-01     4.653e-01     6.279e-01     5.432e-01 
    6.652e-01     4.692e-01     6.281e-01     5.427e-01 
    6.656e-01     4.703e-01     6.283e-01     5.424e-01 
    6.660e-01     4.709e-01     6.285e-01     5.451e-01 
    6.664e-01     4.653e-01     6.287e-01     5.457e-01 
    6.668e-01     4.641e-01     6.288e-01     5.442e-01 
    6.671e-01     4.671e-01     6.290e-01     5.428e-01 
    6.675e-01     4.701e-01     6.292e-01     5.411e-01 
    6.679e-01     4.734e-01     6.294e-01     5.414e-01 
    6.683e-01     4.729e-01     6.296e-01     5.434e-01 
    6.687e-01     4.689e-01     6.298e-01     5.415e-01 
    6.691e-01     4.726e-01     6.299e-01     5.428e-01 
    6.695e-01     4.700e-01     6.301e-01     5.432e-01 
    6.699e-01     4.691e-01     6.303e-01     5.434e-01 
    6.703e-01     4.689e-01     6.305e-01     5.425e-01 
    6.706e-01     4.706e-01     6.307e-01     5.421e-01 
    6.710e-01     4.715e-01     6.309e-01     5.422e-01 
    6.714e-01     4.712e-01     6.310e-01     5.427e-01 
    6.718e-01     4.702e-01     6.312e-01     5.432e-01 
    6.722e-01     4.692e-01     6.314e-01     5.413e-01 
    6.726e-01     4.731e-01     6.316e-01     5.429e-01 
    6.730e-01     4.699e-01     6.318e-01     5.408e-01 
    6.734e-01     4.740e-01     6.320e-01     5.393e-01 
    6.738e-01     4.770e-01     6.321e-01     5.378e-01 
    6.741e-01     4.800e-01     6.323e-01     5.402e-01 
    6.745e-01     4.752e-01     6.325e-01     5.400e-01 
    6.749e-01     4.757e-01     6.327e-01     5.403e-01 
    6.753e-01     4.750e-01     6.329e-01     5.412e-01 
    6.757e-01     4.733e-01     6.331e-01     5.399e-01 
    6.761e-01     4.759e-01     6.332e-01     5.404e-01 
    6.765e-01     4.748e-01     6.334e-01     5.415e-01 
    6.769e-01     4.726e-01     6.336e-01     5.421e-01 
    6.773e-01     4.715e-01     6.338e-01     5.454e-01 
    6.776e-01     4.648e-01     6.340e-01     5.467e-01 
    6.780e-01     4.623e-01     6.342e-01     5.486e-01 
    6.784e-01     4.584e-01     6.343e-01     5.474e-01 
    6.788e-01     4.607e-01     6.345e-01     5.488e-01 
    6.792e-01     4.579e-01     6.347e-01     5.460e-01 
    6.796e-01     4.637e-01     6.349e-01     5.460e-01 
    6.800e-01     4.636e-01     6.351e-01     5.494e-01 
    6.804e-01     4.569e-01     6.352e-01     5.477e-01 
    6.808e-01     4.601e-01     6.354e-01     5.465e-01 
    6.811e-01     4.626e-01     6.356e-01     5.480e-01 
    6.815e-01     4.596e-01     6.358e-01     5.475e-01 
    6.819e-01     4.605e-01     6.359e-01     5.481e-01 
    6.823e-01     4.593e-01     6.361e-01     5.498e-01 
    6.827e-01     4.560e-01     6.363e-01     5.497e-01 
    6.831e-01     4.562e-01     6.365e-01     5.509e-01 
    6.835e-01     4.538e-01     6.367e-01     5.536e-01 
    6.839e-01     4.484e-01     6.368e-01     5.526e-01 
    6.843e-01     4.504e-01     6.370e-01     5.542e-01 
    6.846e-01     4.471e-01     6.372e-01     5.526e-01 
    6.850e-01     4.503e-01     6.374e-01     5.524e-01 
    6.854e-01     4.507e-01     6.375e-01     5.537e-01 
    6.858e-01     4.482e-01     6.377e-01     5.523e-01 
    6.862e-01     4.509e-01     6.379e-01     5.517e-01 
    6.866e-01     4.521e-01     6.381e-01     5.511e-01 
    6.870e-01     4.533e-01     6.382e-01     5.529e-01 
    6.874e-01     4.497e-01     6.384e-01     5.528e-01 
    6.878e-01     4.500e-01     6.386e-01     5.537e-01 
    6.882e-01     4.481e-01     6.388e-01     5.545e-01 
    6.885e-01     4.465e-01     6.389e-01     5.564e-01 
    6.889e-01     4.428e-01     6.391e-01     5.557e-01 
    6.893e-01     4.441e-01     6.393e-01     5.582e-01 
    6.897e-01     4.392e-01     6.395e-01     5.584e-01 
    6.901e-01     4.388e-01     6.396e-01     5.571e-01 
    6.905e-01     4.414e-01     6.398e-01     5.558e-01 
    6.909e-01     4.440e-01     6.400e-01     5.577e-01 
    6.913e-01     4.402e-01     6.401e-01     5.561e-01 
    6.917e-01     4.434e-01     6.403e-01     5.560e-01 
    6.920e-01     4.435e-01     6.405e-01     5.543e-01 
    6.924e-01     4.470e-01     6.407e-01     5.555e-01 
    6.928e-01     4.446e-01     6.408e-01     5.555e-01 
    6.932e-01     4.446e-01     6.410e-01     5.561e-01 
    6.936e-01     4.434e-01     6.412e-01     5.563e-01 
    6.940e-01     4.430e-01     6.414e-01     5.569e-01 
    6.944e-01     4.418e-01     6.415e-01     5.569e-01 
    6.948e-01     4.417e-01     6.417e-01     5.583e-01 
    6.952e-01     4.389e-01     6.419e-01     5.620e-01 
    6.956e-01     4.316e-01     6.420e-01     5.620e-01 
    6.960e-01     4.315e-01     6.422e-01     5.617e-01 
    6.963e-01     4.323e-01     6.424e-01     5.630e-01 
    6.967e-01     4.296e-01     6.425e-01     5.633e-01 
    6.971e-01     4.291e-01     6.427e-01     5.630e-01 
    6.975e-01     4.295e-01     6.429e-01     5.619e-01 
    6.979e-01     4.318e-01     6.430e-01     5.617e-01 
    6.983e-01     4.323e-01     6.432e-01     5.621e-01 
    6.987e-01     4.314e-01     6.434e-01     5.606e-01 
    6.991e-01     4.344e-01     6.436e-01     5.614e-01 
    6.995e-01     4.328e-01     6.437e-01     5.632e-01 
    6.999e-01     4.291e-01     6.439e-01     5.654e-01 
    7.003e-01     4.247e-01     6.441e-01     5.668e-01 
    7.006e-01     4.220e-01     6.442e-01     5.664e-01 
    7.010e-01     4.228e-01     6.444e-01     5.655e-01 
    7.014e-01     4.247e-01     6.446e-01     5.674e-01 
    7.018e-01     4.209e-01     6.447e-01     5.677e-01 
    7.022e-01     4.202e-01     6.449e-01     5.679e-01 
    7.026e-01     4.199e-01     6.450e-01     5.659e-01 
    7.030e-01     4.239e-01     6.452e-01     5.656e-01 
    7.034e-01     4.244e-01     6.454e-01     5.642e-01 
    7.038e-01     4.273e-01     6.455e-01     5.640e-01 
    7.042e-01     4.276e-01     6.457e-01     5.643e-01 
    7.046e-01     4.271e-01     6.459e-01     5.640e-01 
    7.049e-01     4.277e-01     6.460e-01     5.654e-01 
    7.053e-01     4.248e-01     6.462e-01     5.651e-01 
    7.057e-01     4.253e-01     6.464e-01     5.673e-01 
    7.061e-01     4.211e-01     6.465e-01     5.681e-01 
    7.065e-01     4.194e-01     6.467e-01     5.709e-01 
    7.069e-01     4.140e-01     6.469e-01     5.717e-01 
    7.073e-01     4.124e-01     6.470e-01     5.699e-01 
    7.077e-01     4.158e-01     6.472e-01     5.691e-01 
    7.081e-01     4.174e-01     6.474e-01     5.678e-01 
    7.085e-01     4.200e-01     6.475e-01     5.662e-01 
    7.089e-01     4.233e-01     6.477e-01     5.651e-01 
    7.092e-01     4.253e-01     6.479e-01     5.661e-01 
    7.096e-01     4.234e-01     6.480e-01     5.653e-01 
    7.100e-01     4.251e-01     6.482e-01     5.656e-01 
    7.104e-01     4.244e-01     6.484e-01     5.667e-01 
    7.108e-01     4.222e-01     6.485e-01     5.693e-01 
    7.112e-01     4.170e-01     6.487e-01     5.718e-01 
    7.116e-01     4.121e-01     6.488e-01     5.702e-01 
    7.120e-01     4.153e-01     6.490e-01     5.720e-01 
    7.124e-01     4.118e-01     6.492e-01     5.734e-01 
    7.128e-01     4.090e-01     6.493e-01     5.695e-01 
    7.132e-01     4.167e-01     6.495e-01     5.699e-01 
    7.136e-01     4.160e-01     6.497e-01     5.698e-01 
    7.139e-01     4.160e-01     6.498e-01     5.700e-01 
    7.143e-01     4.156e-01     6.500e-01     5.700e-01 
    7.147e-01     4.157e-01     6.501e-01     5.683e-01 
    7.151e-01     4.191e-01     6.503e-01     5.678e-01 
    7.155e-01     4.200e-01     6.505e-01     5.678e-01 
    7.159e-01     4.200e-01     6.506e-01     5.691e-01 
    7.163e-01     4.174e-01     6.508e-01     5.710e-01 
    7.167e-01     4.137e-01     6.510e-01     5.695e-01 
    7.171e-01     4.167e-01     6.511e-01     5.705e-01 
    7.175e-01     4.147e-01     6.513e-01     5.689e-01 
    7.179e-01     4.178e-01     6.514e-01     5.674e-01 
    7.183e-01     4.208e-01     6.516e-01     5.674e-01 
    7.186e-01     4.209e-01     6.518e-01     5.682e-01 
    7.190e-01     4.192e-01     6.519e-01     5.661e-01 
    7.194e-01     4.235e-01     6.521e-01     5.653e-01 
    7.198e-01     4.251e-01     6.523e-01     5.648e-01 
    7.202e-01     4.261e-01     6.524e-01     5.650e-01 
    7.206e-01     4.255e-01     6.526e-01     5.664e-01 
    7.210e-01     4.228e-01     6.528e-01     5.661e-01 
    7.214e-01     4.235e-01     6.529e-01     5.672e-01 
    7.218e-01     4.212e-01     6.531e-01     5.671e-01 
    7.222e-01     4.214e-01     6.533e-01     5.676e-01 
    7.226e-01     4.205e-01     6.534e-01     5.699e-01 
    7.230e-01     4.159e-01     6.536e-01     5.705e-01 
    7.233e-01     4.147e-01     6.538e-01     5.691e-01 
    7.237e-01     4.175e-01     6.539e-01     5.681e-01 
    7.241e-01     4.194e-01     6.541e-01     5.668e-01 
    7.245e-01     4.220e-01     6.543e-01     5.659e-01 
    7.249e-01     4.238e-01     6.544e-01     5.666e-01 
    7.253e-01     4.224e-01     6.546e-01     5.662e-01 
    7.257e-01     4.232e-01     6.547e-01     5.665e-01 
    7.261e-01     4.226e-01     6.549e-01     5.670e-01 
    7.265e-01     4.216e-01     6.551e-01     5.686e-01 
    7.269e-01     4.184e-01     6.552e-01     5.721e-01 
    7.273e-01     4.116e-01     6.554e-01     5.731e-01 
    7.277e-01     4.094e-01     6.556e-01     5.722e-01 
    7.281e-01     4.112e-01     6.557e-01     5.743e-01 
    7.284e-01     4.071e-01     6.559e-01     5.734e-01 
    7.288e-01     4.090e-01     6.561e-01     5.716e-01 
    7.292e-01     4.124e-01     6.562e-01     5.737e-01 
    7.296e-01     4.084e-01     6.564e-01     5.718e-01 
    7.300e-01     4.121e-01     6.565e-01     5.729e-01 
    7.304e-01     4.099e-01     6.567e-01     5.717e-01 
    7.308e-01     4.122e-01     6.569e-01     5.719e-01 
    7.312e-01     4.119e-01     6.570e-01     5.728e-01 
    7.316e-01     4.102e-01     6.572e-01     5.734e-01 
    7.320e-01     4.090e-01     6.573e-01     5.727e-01 
    7.324e-01     4.103e-01     6.575e-01     5.734e-01 
    7.328e-01     4.089e-01     6.577e-01     5.755e-01 
    7.332e-01     4.048e-01     6.578e-01     5.771e-01 
    7.336e-01     4.017e-01     6.580e-01     5.763e-01 
    7.340e-01     4.033e-01     6.581e-01     5.768e-01 
    7.344e-01     4.023e-01     6.583e-01     5.786e-01 
    7.348e-01     3.986e-01     6.585e-01     5.801e-01 
    7.351e-01     3.957e-01     6.586e-01     5.817e-01 
    7.355e-01     3.926e-01     6.588e-01     5.814e-01 
    7.359e-01     3.932e-01     6.589e-01     5.814e-01 
    7.363e-01     3.933e-01     6.591e-01     5.801e-01 
    7.367e-01     3.958e-01     6.592e-01     5.803e-01 
    7.371e-01     3.954e-01     6.594e-01     5.796e-01 
    7.375e-01     3.968e-01     6.596e-01     5.796e-01 
    7.379e-01     3.968e-01     6.597e-01     5.798e-01 
    7.383e-01     3.963e-01     6.599e-01     5.816e-01 
    7.387e-01     3.928e-01     6.600e-01     5.830e-01 
    7.391e-01     3.901e-01     6.602e-01     5.846e-01 
    7.395e-01     3.870e-01     6.603e-01     5.865e-01 
    7.399e-01     3.833e-01     6.605e-01     5.886e-01 
    7.403e-01     3.792e-01     6.606e-01     5.883e-01 
    7.407e-01     3.797e-01     6.608e-01     5.877e-01 
    7.411e-01     3.810e-01     6.609e-01     5.873e-01 
    7.415e-01     3.817e-01     6.611e-01     5.883e-01 
    7.419e-01     3.797e-01     6.612e-01     5.883e-01 
    7.423e-01     3.796e-01     6.614e-01     5.882e-01 
    7.427e-01     3.799e-01     6.615e-01     5.884e-01 
    7.431e-01     3.796e-01     6.617e-01     5.880e-01 
    7.435e-01     3.803e-01     6.619e-01     5.879e-01 
    7.439e-01     3.805e-01     6.620e-01     5.883e-01 
    7.443e-01     3.796e-01     6.622e-01     5.887e-01 
    7.447e-01     3.789e-01     6.623e-01     5.918e-01 
    7.451e-01     3.729e-01     6.625e-01     5.943e-01 
    7.455e-01     3.682e-01     6.626e-01     5.919e-01 
    7.459e-01     3.728e-01     6.628e-01     5.922e-01 
    7.463e-01     3.722e-01     6.629e-01     5.940e-01 
    7.467e-01     3.686e-01     6.630e-01     5.948e-01 
    7.471e-01     3.672e-01     6.632e-01     5.951e-01 
    7.475e-01     3.666e-01     6.633e-01     5.939e-01 
    7.479e-01     3.689e-01     6.635e-01     5.952e-01 
    7.483e-01     3.663e-01     6.636e-01     5.940e-01 
    7.487e-01     3.688e-01     6.638e-01     5.960e-01 
    7.491e-01     3.649e-01     6.639e-01     5.972e-01 
    7.495e-01     3.624e-01     6.641e-01     6.000e-01 
    7.499e-01     3.571e-01     6.642e-01     6.008e-01 
    7.503e-01     3.557e-01     6.644e-01     5.988e-01 
    7.507e-01     3.595e-01     6.645e-01     5.971e-01 
    7.511e-01     3.628e-01     6.647e-01     5.954e-01 
    7.515e-01     3.661e-01     6.648e-01     5.933e-01 
    7.519e-01     3.700e-01     6.649e-01     5.920e-01 
    7.523e-01     3.725e-01     6.651e-01     5.915e-01 
    7.527e-01     3.735e-01     6.652e-01     5.906e-01 
    7.531e-01     3.752e-01     6.654e-01     5.912e-01 
    7.535e-01     3.742e-01     6.655e-01     5.909e-01 
    7.539e-01     3.747e-01     6.657e-01     5.913e-01 
    7.543e-01     3.740e-01     6.658e-01     5.916e-01 
    7.547e-01     3.734e-01     6.660e-01     5.925e-01 
    7.551e-01     3.716e-01     6.661e-01     5.938e-01 
    7.555e-01     3.691e-01     6.663e-01     5.966e-01 
    7.559e-01     3.637e-01     6.664e-01     6.011e-01 
    7.563e-01     3.550e-01     6.666e-01     6.051e-01 
    7.567e-01     3.474e-01     6.667e-01     6.024e-01 
    7.571e-01     3.525e-01     6.669e-01     5.993e-01 
    7.575e-01     3.585e-01     6.670e-01     5.983e-01 
    7.579e-01     3.603e-01     6.672e-01     5.981e-01 
    7.583e-01     3.608e-01     6.673e-01     5.984e-01 
    7.587e-01     3.601e-01     6.675e-01     5.973e-01 
    7.592e-01     3.624e-01     6.676e-01     5.969e-01 
    7.596e-01     3.630e-01     6.677e-01     5.986e-01 
    7.600e-01     3.599e-01     6.679e-01     5.989e-01 
    7.604e-01     3.593e-01     6.680e-01     5.982e-01 
    7.608e-01     3.607e-01     6.682e-01     6.016e-01 
    7.612e-01     3.541e-01     6.683e-01     6.055e-01 
    7.616e-01     3.467e-01     6.685e-01     6.082e-01 
    7.620e-01     3.415e-01     6.686e-01     6.104e-01 
    7.624e-01     3.375e-01     6.687e-01     6.074e-01 
    7.628e-01     3.430e-01     6.689e-01     6.014e-01 
    7.632e-01     3.544e-01     6.690e-01     6.010e-01 
    7.636e-01     3.552e-01     6.692e-01     5.955e-01 
    7.640e-01     3.657e-01     6.693e-01     5.955e-01 
    7.644e-01     3.658e-01     6.695e-01     5.929e-01 
    7.648e-01     3.708e-01     6.696e-01     5.916e-01 
    7.652e-01     3.734e-01     6.697e-01     5.906e-01 
    7.656e-01     3.752e-01     6.699e-01     5.905e-01 
    7.660e-01     3.755e-01     6.700e-01     5.935e-01 
    7.664e-01     3.696e-01     6.702e-01     5.945e-01 
    7.668e-01     3.678e-01     6.703e-01     5.964e-01 
    7.672e-01     3.640e-01     6.705e-01     5.935e-01 
    7.676e-01     3.696e-01     6.706e-01     5.930e-01 
    7.680e-01     3.707e-01     6.708e-01     5.934e-01 
    7.684e-01     3.698e-01     6.709e-01     5.932e-01 
    7.688e-01     3.702e-01     6.711e-01     5.929e-01 
    7.692e-01     3.707e-01     6.712e-01     5.901e-01 
    7.696e-01     3.761e-01     6.714e-01     5.894e-01 
    7.700e-01     3.775e-01     6.715e-01     5.895e-01 
    7.704e-01     3.773e-01     6.717e-01     5.900e-01 
    7.708e-01     3.764e-01     6.718e-01     5.924e-01 
    7.712e-01     3.717e-01     6.720e-01     5.916e-01 
    7.716e-01     3.733e-01     6.721e-01     5.928e-01 
    7.720e-01     3.710e-01     6.723e-01     5.938e-01 
    7.724e-01     3.691e-01     6.724e-01     5.944e-01 
    7.728e-01     3.678e-01     6.726e-01     5.954e-01 
    7.732e-01     3.660e-01     6.727e-01     5.968e-01 
    7.736e-01     3.634e-01     6.729e-01     5.983e-01 
    7.740e-01     3.604e-01     6.730e-01     5.993e-01 
    7.744e-01     3.585e-01     6.732e-01     5.965e-01 
    7.748e-01     3.639e-01     6.733e-01     5.951e-01 
    7.752e-01     3.666e-01     6.734e-01     5.957e-01 
    7.756e-01     3.655e-01     6.736e-01     5.957e-01 
    7.760e-01     3.653e-01     6.737e-01     5.979e-01 
    7.764e-01     3.612e-01     6.739e-01     5.966e-01 
    7.768e-01     3.637e-01     6.740e-01     5.963e-01 
    7.772e-01     3.642e-01     6.742e-01     5.959e-01 
    7.776e-01     3.651e-01     6.743e-01     5.966e-01 
    7.780e-01     3.637e-01     6.745e-01     5.978e-01 
    7.784e-01     3.614e-01     6.746e-01     5.987e-01 
    7.788e-01     3.595e-01     6.748e-01     5.996e-01 
    7.792e-01     3.580e-01     6.749e-01     5.984e-01 
    7.796e-01     3.601e-01     6.750e-01     5.971e-01 
    7.800e-01     3.627e-01     6.752e-01     5.975e-01 
    7.804e-01     3.619e-01     6.753e-01     5.979e-01 
    7.808e-01     3.612e-01     6.755e-01     5.984e-01 
    7.812e-01     3.602e-01     6.756e-01     5.974e-01 
    7.816e-01     3.622e-01     6.758e-01     5.970e-01 
    7.820e-01     3.628e-01     6.759e-01     5.993e-01 
    7.824e-01     3.585e-01     6.761e-01     5.990e-01 
    7.828e-01     3.591e-01     6.762e-01     5.987e-01 
    7.832e-01     3.595e-01     6.764e-01     5.994e-01 
    7.836e-01     3.583e-01     6.765e-01     6.013e-01 
    7.840e-01     3.546e-01     6.766e-01     5.992e-01 
    7.844e-01     3.587e-01     6.768e-01     5.987e-01 
    7.848e-01     3.596e-01     6.769e-01     5.973e-01 
    7.852e-01     3.622e-01     6.771e-01     5.990e-01 
    7.856e-01     3.590e-01     6.772e-01     5.991e-01 
    7.861e-01     3.588e-01     6.774e-01     6.002e-01 
    7.865e-01     3.568e-01     6.775e-01     6.012e-01 
    7.869e-01     3.548e-01     6.777e-01     6.021e-01 
    7.873e-01     3.532e-01     6.778e-01     6.034e-01 
    7.877e-01     3.506e-01     6.779e-01     6.023e-01 
    7.881e-01     3.527e-01     6.781e-01     6.019e-01 
    7.885e-01     3.536e-01     6.782e-01     6.020e-01 
    7.889e-01     3.533e-01     6.784e-01     6.001e-01 
    7.893e-01     3.570e-01     6.785e-01     6.017e-01 
    7.897e-01     3.539e-01     6.787e-01     6.016e-01 
    7.901e-01     3.541e-01     6.788e-01     6.033e-01 
    7.905e-01     3.508e-01     6.789e-01     6.055e-01 
    7.909e-01     3.466e-01     6.791e-01     6.074e-01 
    7.913e-01     3.431e-01     6.792e-01     6.084e-01 
    7.917e-01     3.412e-01     6.794e-01     6.061e-01 
    7.921e-01     3.455e-01     6.795e-01     6.052e-01 
    7.925e-01     3.473e-01     6.796e-01     6.056e-01 
    7.929e-01     3.464e-01     6.798e-01     6.065e-01 
    7.934e-01     3.448e-01     6.799e-01     6.053e-01 
    7.938e-01     3.471e-01     6.801e-01     6.043e-01 
    7.942e-01     3.489e-01     6.802e-01     6.061e-01 
    7.946e-01     3.454e-01     6.804e-01     6.042e-01 
    7.950e-01     3.491e-01     6.805e-01     6.042e-01 
    7.954e-01     3.492e-01     6.806e-01     6.061e-01 
    7.958e-01     3.456e-01     6.808e-01     6.057e-01 
    7.962e-01     3.464e-01     6.809e-01     6.065e-01 
    7.966e-01     3.447e-01     6.811e-01     6.053e-01 
    7.970e-01     3.470e-01     6.812e-01     6.056e-01 
    7.974e-01     3.466e-01     6.813e-01     6.048e-01 
    7.978e-01     3.481e-01     6.815e-01     6.047e-01 
    7.983e-01     3.482e-01     6.816e-01     6.062e-01 
    7.987e-01     3.454e-01     6.818e-01     6.080e-01 
    7.991e-01     3.420e-01     6.819e-01     6.087e-01 
    7.995e-01     3.406e-01     6.820e-01     6.082e-01 
    7.999e-01     3.416e-01     6.822e-01     6.080e-01 
    8.003e-01     3.420e-01     6.823e-01     6.076e-01 
    8.007e-01     3.426e-01     6.825e-01     6.069e-01 
    8.011e-01     3.440e-01     6.826e-01     6.056e-01 
    8.015e-01     3.464e-01     6.827e-01     6.066e-01 
    8.019e-01     3.446e-01     6.829e-01     6.061e-01 
    8.023e-01     3.455e-01     6.830e-01     6.075e-01 
    8.028e-01     3.429e-01     6.832e-01     6.083e-01 
    8.032e-01     3.414e-01     6.833e-01     6.104e-01 
    8.036e-01     3.375e-01     6.835e-01     6.127e-01 
    8.040e-01     3.331e-01     6.836e-01     6.140e-01 
    8.044e-01     3.306e-01     6.837e-01     6.156e-01 
    8.048e-01     3.277e-01     6.839e-01     6.173e-01 
    8.052e-01     3.245e-01     6.840e-01     6.197e-01 
    8.056e-01     3.200e-01     6.841e-01     6.203e-01 
    8.061e-01     3.190e-01     6.843e-01     6.210e-01 
    8.065e-01     3.177e-01     6.844e-01     6.211e-01 
    8.069e-01     3.176e-01     6.845e-01     6.206e-01 
    8.073e-01     3.185e-01     6.847e-01     6.183e-01 
    8.077e-01     3.227e-01     6.848e-01     6.178e-01 
    8.081e-01     3.237e-01     6.849e-01     6.162e-01 
    8.085e-01     3.266e-01     6.851e-01     6.147e-01 
    8.090e-01     3.294e-01     6.852e-01     6.138e-01 
    8.094e-01     3.310e-01     6.853e-01     6.154e-01 
    8.098e-01     3.280e-01     6.855e-01     6.139e-01 
    8.102e-01     3.308e-01     6.856e-01     6.124e-01 
    8.106e-01     3.336e-01     6.857e-01     6.127e-01 
    8.110e-01     3.331e-01     6.859e-01     6.137e-01 
    8.114e-01     3.312e-01     6.860e-01     6.125e-01 
    8.119e-01     3.334e-01     6.862e-01     6.138e-01 
    8.123e-01     3.310e-01     6.863e-01     6.136e-01 
    8.127e-01     3.313e-01     6.864e-01     6.126e-01 
    8.131e-01     3.333e-01     6.866e-01     6.140e-01 
    8.135e-01     3.306e-01     6.867e-01     6.150e-01 
    8.139e-01     3.287e-01     6.868e-01     6.149e-01 
    8.143e-01     3.290e-01     6.870e-01     6.143e-01 
    8.148e-01     3.301e-01     6.871e-01     6.152e-01 
    8.152e-01     3.285e-01     6.873e-01     6.147e-01 
    8.156e-01     3.293e-01     6.874e-01     6.150e-01 
    8.160e-01     3.289e-01     6.875e-01     6.148e-01 
    8.164e-01     3.292e-01     6.877e-01     6.152e-01 
    8.168e-01     3.284e-01     6.878e-01     6.154e-01 
    8.173e-01     3.281e-01     6.879e-01     6.169e-01 
    8.177e-01     3.253e-01     6.881e-01     6.190e-01 
    8.181e-01     3.214e-01     6.882e-01     6.222e-01 
    8.185e-01     3.154e-01     6.883e-01     6.241e-01 
    8.189e-01     3.120e-01     6.885e-01     6.237e-01 
    8.194e-01     3.127e-01     6.886e-01     6.214e-01 
    8.198e-01     3.169e-01     6.887e-01     6.213e-01 
    8.202e-01     3.171e-01     6.889e-01     6.222e-01 
    8.206e-01     3.154e-01     6.890e-01     6.231e-01 
    8.210e-01     3.139e-01     6.891e-01     6.235e-01 
    8.215e-01     3.132e-01     6.893e-01     6.242e-01 
    8.219e-01     3.118e-01     6.894e-01     6.252e-01 
    8.223e-01     3.099e-01     6.895e-01     6.255e-01 
    8.227e-01     3.094e-01     6.897e-01     6.246e-01 
    8.232e-01     3.110e-01     6.898e-01     6.239e-01 
    8.236e-01     3.124e-01     6.899e-01     6.238e-01 
    8.240e-01     3.126e-01     6.901e-01     6.228e-01 
    8.244e-01     3.144e-01     6.902e-01     6.224e-01 
    8.248e-01     3.151e-01     6.903e-01     6.218e-01 
    8.253e-01     3.163e-01     6.905e-01     6.226e-01 
    8.257e-01     3.147e-01     6.906e-01     6.227e-01 
    8.261e-01     3.146e-01     6.907e-01     6.235e-01 
    8.265e-01     3.131e-01     6.909e-01     6.251e-01 
    8.270e-01     3.103e-01     6.910e-01     6.263e-01 
    8.274e-01     3.080e-01     6.911e-01     6.279e-01 
    8.278e-01     3.050e-01     6.912e-01     6.300e-01 
    8.282e-01     3.012e-01     6.914e-01     6.316e-01 
    8.287e-01     2.983e-01     6.915e-01     6.296e-01 
    8.291e-01     3.019e-01     6.916e-01     6.300e-01 
    8.295e-01     3.014e-01     6.918e-01     6.291e-01 
    8.299e-01     3.029e-01     6.919e-01     6.292e-01 
    8.304e-01     3.028e-01     6.920e-01     6.282e-01 
    8.308e-01     3.044e-01     6.922e-01     6.287e-01 
    8.312e-01     3.037e-01     6.923e-01     6.287e-01 
    8.317e-01     3.036e-01     6.924e-01     6.297e-01 
    8.321e-01     3.018e-01     6.925e-01     6.319e-01 
    8.325e-01     2.979e-01     6.927e-01     6.342e-01 
    8.329e-01     2.937e-01     6.928e-01     6.361e-01 
    8.334e-01     2.903e-01     6.929e-01     6.338e-01 
    8.338e-01     2.944e-01     6.930e-01     6.334e-01 
    8.342e-01     2.952e-01     6.932e-01     6.333e-01 
    8.347e-01     2.953e-01     6.933e-01     6.319e-01 
    8.351e-01     2.978e-01     6.934e-01     6.317e-01 
    8.355e-01     2.982e-01     6.936e-01     6.308e-01 
    8.359e-01     2.998e-01     6.937e-01     6.314e-01 
    8.364e-01     2.988e-01     6.938e-01     6.331e-01 
    8.368e-01     2.957e-01     6.939e-01     6.343e-01 
    8.372e-01     2.935e-01     6.941e-01     6.361e-01 
    8.377e-01     2.903e-01     6.942e-01     6.373e-01 
    8.381e-01     2.882e-01     6.943e-01     6.354e-01 
    8.385e-01     2.916e-01     6.944e-01     6.345e-01 
    8.390e-01     2.932e-01     6.946e-01     6.339e-01 
    8.394e-01     2.942e-01     6.947e-01     6.337e-01 
    8.398e-01     2.947e-01     6.948e-01     6.339e-01 
    8.403e-01     2.942e-01     6.949e-01     6.341e-01 
    8.407e-01     2.939e-01     6.951e-01     6.357e-01 
    8.411e-01     2.910e-01     6.952e-01     6.378e-01 
    8.416e-01     2.873e-01     6.953e-01     6.397e-01 
    8.420e-01     2.840e-01     6.954e-01     6.414e-01 
    8.424e-01     2.810e-01     6.956e-01     6.439e-01 
    8.429e-01     2.766e-01     6.957e-01     6.469e-01 
    8.433e-01     2.713e-01     6.958e-01     6.443e-01 
    8.437e-01     2.758e-01     6.959e-01     6.430e-01 
    8.442e-01     2.781e-01     6.961e-01     6.435e-01 
    8.446e-01     2.773e-01     6.962e-01     6.433e-01 
    8.450e-01     2.776e-01     6.963e-01     6.403e-01 
    8.455e-01     2.829e-01     6.964e-01     6.398e-01 
    8.459e-01     2.837e-01     6.965e-01     6.390e-01 
    8.463e-01     2.852e-01     6.967e-01     6.379e-01 
    8.468e-01     2.872e-01     6.968e-01     6.375e-01 
    8.472e-01     2.877e-01     6.969e-01     6.368e-01 
    8.477e-01     2.891e-01     6.970e-01     6.381e-01 
    8.481e-01     2.869e-01     6.972e-01     6.370e-01 
    8.485e-01     2.887e-01     6.973e-01     6.382e-01 
    8.490e-01     2.866e-01     6.974e-01     6.375e-01 
    8.494e-01     2.878e-01     6.975e-01     6.384e-01 
    8.498e-01     2.862e-01     6.977e-01     6.392e-01 
    8.503e-01     2.848e-01     6.978e-01     6.402e-01 
    8.507e-01     2.831e-01     6.979e-01     6.401e-01 
    8.511e-01     2.833e-01     6.980e-01     6.400e-01 
    8.516e-01     2.834e-01     6.982e-01     6.407e-01 
    8.520e-01     2.823e-01     6.983e-01     6.403e-01 
    8.525e-01     2.828e-01     6.984e-01     6.417e-01 
    8.529e-01     2.804e-01     6.985e-01     6.406e-01 
    8.533e-01     2.823e-01     6.987e-01     6.408e-01 
    8.538e-01     2.820e-01     6.988e-01     6.404e-01 
    8.542e-01     2.827e-01     6.989e-01     6.409e-01 
    8.547e-01     2.819e-01     6.990e-01     6.408e-01 
    8.551e-01     2.820e-01     6.992e-01     6.420e-01 
    8.555e-01     2.798e-01     6.993e-01     6.433e-01 
    8.560e-01     2.776e-01     6.994e-01     6.431e-01 
    8.564e-01     2.780e-01     6.995e-01     6.438e-01 
    8.569e-01     2.768e-01     6.996e-01     6.454e-01 
    8.573e-01     2.739e-01     6.998e-01     6.467e-01 
    8.577e-01     2.717e-01     6.999e-01     6.484e-01 
    8.582e-01     2.688e-01     7.000e-01     6.487e-01 
    8.586e-01     2.682e-01     7.001e-01     6.454e-01 
    8.591e-01     2.739e-01     7.002e-01     6.461e-01 
    8.595e-01     2.727e-01     7.004e-01     6.433e-01 
    8.599e-01     2.776e-01     7.005e-01     6.423e-01 
    8.604e-01     2.794e-01     7.006e-01     6.413e-01 
    8.608e-01     2.812e-01     7.007e-01     6.402e-01 
    8.613e-01     2.830e-01     7.009e-01     6.413e-01 
    8.617e-01     2.812e-01     7.010e-01     6.400e-01 
    8.621e-01     2.834e-01     7.011e-01     6.406e-01 
    8.626e-01     2.823e-01     7.012e-01     6.418e-01 
    8.630e-01     2.803e-01     7.013e-01     6.428e-01 
    8.635e-01     2.784e-01     7.015e-01     6.434e-01 
    8.639e-01     2.775e-01     7.016e-01     6.440e-01 
    8.643e-01     2.764e-01     7.017e-01     6.453e-01 
    8.648e-01     2.742e-01     7.018e-01     6.462e-01 
    8.652e-01     2.726e-01     7.020e-01     6.461e-01 
    8.657e-01     2.728e-01     7.021e-01     6.476e-01 
    8.661e-01     2.701e-01     7.022e-01     6.484e-01 
    8.665e-01     2.687e-01     7.023e-01     6.501e-01 
    8.670e-01     2.659e-01     7.024e-01     6.515e-01 
    8.674e-01     2.634e-01     7.025e-01     6.497e-01 
    8.679e-01     2.665e-01     7.027e-01     6.468e-01 
    8.683e-01     2.716e-01     7.028e-01     6.473e-01 
    8.687e-01     2.707e-01     7.029e-01     6.428e-01 
    8.692e-01     2.785e-01     7.030e-01     6.423e-01 
    8.696e-01     2.794e-01     7.031e-01     6.421e-01 
    8.700e-01     2.798e-01     7.033e-01     6.409e-01 
    8.705e-01     2.818e-01     7.034e-01     6.408e-01 
    8.709e-01     2.819e-01     7.035e-01     6.391e-01 
    8.714e-01     2.850e-01     7.036e-01     6.386e-01 
    8.718e-01     2.858e-01     7.038e-01     6.375e-01 
    8.722e-01     2.879e-01     7.039e-01     6.390e-01 
    8.727e-01     2.852e-01     7.040e-01     6.394e-01 
    8.731e-01     2.845e-01     7.041e-01     6.408e-01 
    8.735e-01     2.820e-01     7.043e-01     6.428e-01 
    8.740e-01     2.785e-01     7.044e-01     6.418e-01 
    8.744e-01     2.803e-01     7.045e-01     6.413e-01 
    8.748e-01     2.812e-01     7.046e-01     6.416e-01 
    8.753e-01     2.807e-01     7.047e-01     6.426e-01 
    8.757e-01     2.789e-01     7.049e-01     6.437e-01 
    8.761e-01     2.769e-01     7.050e-01     6.448e-01 
    8.766e-01     2.751e-01     7.051e-01     6.428e-01 
    8.770e-01     2.785e-01     7.052e-01     6.409e-01 
    8.774e-01     2.819e-01     7.053e-01     6.390e-01 
    8.779e-01     2.851e-01     7.055e-01     6.382e-01 
    8.783e-01     2.866e-01     7.056e-01     6.366e-01 
    8.787e-01     2.894e-01     7.057e-01     6.353e-01 
    8.792e-01     2.918e-01     7.058e-01     6.361e-01 
    8.796e-01     2.904e-01     7.060e-01     6.371e-01 
    8.800e-01     2.885e-01     7.061e-01     6.358e-01 
    8.805e-01     2.909e-01     7.062e-01     6.358e-01 
    8.809e-01     2.909e-01     7.064e-01     6.358e-01 
    8.813e-01     2.909e-01     7.065e-01     6.352e-01 
    8.818e-01     2.919e-01     7.066e-01     6.352e-01 
    8.822e-01     2.919e-01     7.067e-01     6.350e-01 
    8.826e-01     2.923e-01     7.069e-01     6.355e-01 
    8.831e-01     2.913e-01     7.070e-01     6.358e-01 
    8.835e-01     2.909e-01     7.071e-01     6.361e-01 
    8.840e-01     2.903e-01     7.072e-01     6.370e-01 
    8.844e-01     2.888e-01     7.074e-01     6.393e-01 
    8.848e-01     2.846e-01     7.075e-01     6.430e-01 
    8.853e-01     2.782e-01     7.076e-01     6.448e-01 
    8.857e-01     2.749e-01     7.077e-01     6.426e-01 
    8.861e-01     2.788e-01     7.079e-01     6.431e-01 
    8.866e-01     2.780e-01     7.080e-01     6.431e-01 
    8.870e-01     2.779e-01     7.081e-01     6.433e-01 
    8.875e-01     2.776e-01     7.082e-01     6.434e-01 
    8.879e-01     2.775e-01     7.083e-01     6.417e-01 
    8.883e-01     2.804e-01     7.085e-01     6.415e-01 
    8.888e-01     2.807e-01     7.086e-01     6.402e-01 
    8.892e-01     2.831e-01     7.087e-01     6.394e-01 
    8.896e-01     2.845e-01     7.088e-01     6.393e-01 
    8.901e-01     2.846e-01     7.090e-01     6.394e-01 
    8.905e-01     2.844e-01     7.091e-01     6.417e-01 
    8.910e-01     2.805e-01     7.092e-01     6.430e-01 
    8.914e-01     2.781e-01     7.093e-01     6.412e-01 
    8.918e-01     2.814e-01     7.094e-01     6.407e-01 
    8.923e-01     2.822e-01     7.096e-01     6.394e-01 
    8.927e-01     2.844e-01     7.097e-01     6.396e-01 
    8.931e-01     2.841e-01     7.098e-01     6.394e-01 
    8.936e-01     2.845e-01     7.099e-01     6.391e-01 
    8.940e-01     2.850e-01     7.101e-01     6.399e-01 
    8.945e-01     2.835e-01     7.102e-01     6.407e-01 
    8.949e-01     2.822e-01     7.103e-01     6.426e-01 
    8.954e-01     2.788e-01     7.104e-01     6.441e-01 
    8.958e-01     2.763e-01     7.106e-01     6.462e-01 
    8.962e-01     2.725e-01     7.107e-01     6.463e-01 
    8.967e-01     2.724e-01     7.108e-01     6.461e-01 
    8.971e-01     2.727e-01     7.109e-01     6.448e-01 
    8.976e-01     2.750e-01     7.111e-01     6.442e-01 
    8.980e-01     2.761e-01     7.112e-01     6.447e-01 
    8.984e-01     2.751e-01     7.113e-01     6.443e-01 
    8.989e-01     2.760e-01     7.114e-01     6.446e-01 
    8.993e-01     2.753e-01     7.115e-01     6.453e-01 
    8.998e-01     2.742e-01     7.117e-01     6.460e-01 
    9.002e-01     2.730e-01     7.118e-01     6.450e-01 
    9.007e-01     2.747e-01     7.119e-01     6.445e-01 
    9.011e-01     2.755e-01     7.120e-01     6.445e-01 
    9.016e-01     2.756e-01     7.122e-01     6.443e-01 
    9.020e-01     2.758e-01     7.123e-01     6.451e-01 
    9.025e-01     2.744e-01     7.124e-01     6.455e-01 
    9.029e-01     2.738e-01     7.125e-01     6.459e-01 
    9.034e-01     2.731e-01     7.126e-01     6.462e-01 
    9.038e-01     2.726e-01     7.128e-01     6.466e-01 
    9.043e-01     2.719e-01     7.129e-01     6.471e-01 
    9.047e-01     2.711e-01     7.130e-01     6.478e-01 
    9.052e-01     2.697e-01     7.131e-01     6.493e-01 
    9.056e-01     2.672e-01     7.133e-01     6.507e-01 
    9.061e-01     2.648e-01     7.134e-01     6.538e-01 
    9.065e-01     2.595e-01     7.135e-01     6.536e-01 
    9.070e-01     2.599e-01     7.136e-01     6.555e-01 
    9.074e-01     2.567e-01     7.137e-01     6.547e-01 
    9.079e-01     2.581e-01     7.138e-01     6.550e-01 
    9.083e-01     2.576e-01     7.140e-01     6.548e-01 
    9.088e-01     2.578e-01     7.141e-01     6.534e-01 
    9.092e-01     2.603e-01     7.142e-01     6.547e-01 
    9.097e-01     2.581e-01     7.143e-01     6.583e-01 
    9.101e-01     2.520e-01     7.144e-01     6.597e-01 
    9.106e-01     2.496e-01     7.145e-01     6.572e-01 
    9.111e-01     2.538e-01     7.147e-01     6.581e-01 
    9.115e-01     2.522e-01     7.148e-01     6.553e-01 
    9.120e-01     2.570e-01     7.149e-01     6.545e-01 
    9.124e-01     2.583e-01     7.150e-01     6.526e-01 
    9.129e-01     2.615e-01     7.151e-01     6.537e-01 
    9.133e-01     2.598e-01     7.152e-01     6.532e-01 
    9.138e-01     2.605e-01     7.154e-01     6.527e-01 
    9.142e-01     2.613e-01     7.155e-01     6.554e-01 
    9.147e-01     2.569e-01     7.156e-01     6.544e-01 
    9.151e-01     2.586e-01     7.157e-01     6.538e-01 
    9.156e-01     2.596e-01     7.158e-01     6.535e-01 
    9.160e-01     2.601e-01     7.159e-01     6.525e-01 
    9.165e-01     2.617e-01     7.161e-01     6.531e-01 
    9.170e-01     2.608e-01     7.162e-01     6.534e-01 
    9.174e-01     2.603e-01     7.163e-01     6.545e-01 
    9.179e-01     2.583e-01     7.164e-01     6.563e-01 
    9.183e-01     2.554e-01     7.165e-01     6.588e-01 
    9.188e-01     2.512e-01     7.167e-01     6.609e-01 
    9.193e-01     2.476e-01     7.168e-01     6.645e-01 
    9.197e-01     2.416e-01     7.169e-01     6.678e-01 
    9.202e-01     2.363e-01     7.170e-01     6.652e-01 
    9.207e-01     2.405e-01     7.171e-01     6.636e-01 
    9.211e-01     2.431e-01     7.172e-01     6.624e-01 
    9.216e-01     2.452e-01     7.173e-01     6.604e-01 
    9.220e-01     2.484e-01     7.174e-01     6.590e-01 
    9.225e-01     2.508e-01     7.176e-01     6.579e-01 
    9.230e-01     2.527e-01     7.177e-01     6.576e-01 
    9.234e-01     2.532e-01     7.178e-01     6.595e-01 
    9.239e-01     2.500e-01     7.179e-01     6.582e-01 
    9.243e-01     2.521e-01     7.180e-01     6.577e-01 
    9.248e-01     2.529e-01     7.181e-01     6.569e-01 
    9.252e-01     2.544e-01     7.183e-01     6.560e-01 
    9.257e-01     2.558e-01     7.184e-01     6.554e-01 
    9.262e-01     2.569e-01     7.185e-01     6.562e-01 
    9.266e-01     2.554e-01     7.186e-01     6.586e-01 
    9.271e-01     2.514e-01     7.187e-01     6.615e-01 
    9.275e-01     2.466e-01     7.188e-01     6.625e-01 
    9.280e-01     2.449e-01     7.189e-01     6.633e-01 
    9.285e-01     2.436e-01     7.191e-01     6.620e-01 
    9.289e-01     2.458e-01     7.192e-01     6.607e-01 
    9.294e-01     2.480e-01     7.193e-01     6.599e-01 
    9.299e-01     2.493e-01     7.194e-01     6.589e-01 
    9.303e-01     2.510e-01     7.195e-01     6.585e-01 
    9.308e-01     2.515e-01     7.196e-01     6.585e-01 
    9.312e-01     2.516e-01     7.198e-01     6.596e-01 
    9.317e-01     2.498e-01     7.199e-01     6.610e-01 
    9.322e-01     2.474e-01     7.200e-01     6.621e-01 
    9.326e-01     2.456e-01     7.201e-01     6.614e-01 
    9.331e-01     2.468e-01     7.202e-01     6.623e-01 
    9.336e-01     2.453e-01     7.203e-01     6.617e-01 
    9.340e-01     2.462e-01     7.204e-01     6.604e-01 
    9.345e-01     2.484e-01     7.206e-01     6.601e-01 
    9.350e-01     2.489e-01     7.207e-01     6.606e-01 
    9.354e-01     2.481e-01     7.208e-01     6.606e-01 
    9.359e-01     2.481e-01     7.209e-01     6.616e-01 
    9.364e-01     2.464e-01     7.210e-01     6.626e-01 
    9.368e-01     2.447e-01     7.211e-01     6.627e-01 
    9.373e-01     2.446e-01     7.212e-01     6.638e-01 
    9.378e-01     2.428e-01     7.214e-01     6.669e-01 
    9.382e-01     2.377e-01     7.215e-01     6.671e-01 
    9.387e-01     2.374e-01     7.216e-01     6.689e-01 
    9.392e-01     2.345e-01     7.217e-01     6.694e-01 
    9.396e-01     2.336e-01     7.218e-01     6.694e-01 
    9.401e-01     2.337e-01     7.219e-01     6.676e-01 
    9.406e-01     2.366e-01     7.220e-01     6.666e-01 
    9.410e-01     2.381e-01     7.221e-01     6.650e-01 
    9.415e-01     2.408e-01     7.222e-01     6.656e-01 
    9.420e-01     2.399e-01     7.224e-01     6.659e-01 
    9.425e-01     2.393e-01     7.225e-01     6.671e-01 
    9.429e-01     2.373e-01     7.226e-01     6.663e-01 
    9.434e-01     2.386e-01     7.227e-01     6.658e-01 
    9.439e-01     2.396e-01     7.228e-01     6.661e-01 
    9.443e-01     2.391e-01     7.229e-01     6.656e-01 
    9.448e-01     2.398e-01     7.230e-01     6.656e-01 
    9.453e-01     2.399e-01     7.232e-01     6.654e-01 
    9.458e-01     2.402e-01     7.233e-01     6.656e-01 
    9.462e-01     2.398e-01     7.234e-01     6.660e-01 
    9.467e-01     2.392e-01     7.235e-01     6.663e-01 
    9.472e-01     2.387e-01     7.236e-01     6.675e-01 
    9.477e-01     2.367e-01     7.237e-01     6.687e-01 
    9.481e-01     2.347e-01     7.238e-01     6.709e-01 
    9.486e-01     2.312e-01     7.239e-01     6.737e-01 
    9.491e-01     2.267e-01     7.240e-01     6.755e-01 
    9.496e-01     2.239e-01     7.242e-01     6.728e-01 
    9.500e-01     2.282e-01     7.243e-01     6.722e-01 
    9.505e-01     2.291e-01     7.244e-01     6.733e-01 
    9.510e-01     2.274e-01     7.245e-01     6.713e-01 
    9.515e-01     2.305e-01     7.246e-01     6.707e-01 
    9.519e-01     2.316e-01     7.247e-01     6.712e-01 
    9.524e-01     2.308e-01     7.248e-01     6.712e-01 
    9.529e-01     2.307e-01     7.249e-01     6.714e-01 
    9.534e-01     2.304e-01     7.250e-01     6.716e-01 
    9.539e-01     2.301e-01     7.251e-01     6.720e-01 
    9.543e-01     2.294e-01     7.252e-01     6.710e-01 
    9.548e-01     2.311e-01     7.254e-01     6.694e-01 
    9.553e-01     2.336e-01     7.255e-01     6.695e-01 
    9.558e-01     2.335e-01     7.256e-01     6.691e-01 
    9.562e-01     2.342e-01     7.257e-01     6.706e-01 
    9.567e-01     2.317e-01     7.258e-01     6.715e-01 
    9.572e-01     2.303e-01     7.259e-01     6.713e-01 
    9.577e-01     2.306e-01     7.260e-01     6.734e-01 
    9.581e-01     2.272e-01     7.261e-01     6.768e-01 
    9.586e-01     2.218e-01     7.262e-01     6.765e-01 
    9.591e-01     2.222e-01     7.263e-01     6.767e-01 
    9.596e-01     2.219e-01     7.265e-01     6.750e-01 
    9.601e-01     2.247e-01     7.266e-01     6.725e-01 
    9.605e-01     2.287e-01     7.267e-01     6.717e-01 
    9.610e-01     2.300e-01     7.268e-01     6.707e-01 
    9.615e-01     2.315e-01     7.269e-01     6.701e-01 
    9.620e-01     2.325e-01     7.270e-01     6.710e-01 
    9.624e-01     2.311e-01     7.271e-01     6.709e-01 
    9.629e-01     2.312e-01     7.272e-01     6.715e-01 
    9.634e-01     2.302e-01     7.273e-01     6.723e-01 
    9.639e-01     2.290e-01     7.274e-01     6.714e-01 
    9.644e-01     2.304e-01     7.276e-01     6.719e-01 
    9.648e-01     2.297e-01     7.277e-01     6.711e-01 
    9.653e-01     2.309e-01     7.278e-01     6.704e-01 
    9.658e-01     2.320e-01     7.279e-01     6.702e-01 
    9.663e-01     2.324e-01     7.280e-01     6.702e-01 
    9.668e-01     2.323e-01     7.281e-01     6.715e-01 
    9.672e-01     2.302e-01     7.282e-01     6.747e-01 
    9.677e-01     2.251e-01     7.283e-01     6.753e-01 
    9.682e-01     2.242e-01     7.284e-01     6.751e-01 
    9.687e-01     2.246e-01     7.285e-01     6.758e-01 
    9.692e-01     2.233e-01     7.286e-01     6.755e-01 
    9.697e-01     2.238e-01     7.288e-01     6.756e-01 
    9.701e-01     2.237e-01     7.289e-01     6.750e-01 
    9.706e-01     2.246e-01     7.290e-01     6.740e-01 
    9.711e-01     2.263e-01     7.291e-01     6.731e-01 
    9.716e-01     2.277e-01     7.292e-01     6.732e-01 
    9.721e-01     2.276e-01     7.293e-01     6.750e-01 
    9.725e-01     2.247e-01     7.294e-01     6.755e-01 
    9.730e-01     2.239e-01     7.295e-01     6.760e-01 
    9.735e-01     2.230e-01     7.296e-01     6.775e-01 
    9.740e-01     2.207e-01     7.297e-01     6.768e-01 
    9.745e-01     2.218e-01     7.298e-01     6.763e-01 
    9.750e-01     2.226e-01     7.299e-01     6.756e-01 
    9.754e-01     2.237e-01     7.301e-01     6.746e-01 
    9.759e-01     2.253e-01     7.302e-01     6.747e-01 
    9.764e-01     2.252e-01     7.303e-01     6.751e-01 
    9.769e-01     2.244e-01     7.304e-01     6.773e-01 
    9.774e-01     2.211e-01     7.305e-01     6.807e-01 
    9.779e-01     2.157e-01     7.306e-01     6.835e-01 
    9.784e-01     2.114e-01     7.307e-01     6.819e-01 
    9.789e-01     2.139e-01     7.308e-01     6.807e-01 
    9.794e-01     2.157e-01     7.309e-01     6.792e-01 
    9.798e-01     2.181e-01     7.310e-01     6.767e-01 
    9.803e-01     2.220e-01     7.311e-01     6.760e-01 
    9.808e-01     2.231e-01     7.312e-01     6.754e-01 
    9.813e-01     2.241e-01     7.313e-01     6.749e-01 
    9.818e-01     2.248e-01     7.315e-01     6.760e-01 
    9.823e-01     2.231e-01     7.316e-01     6.756e-01 
    9.827e-01     2.237e-01     7.317e-01     6.756e-01 
    9.832e-01     2.238e-01     7.318e-01     6.764e-01 
    9.837e-01     2.224e-01     7.319e-01     6.781e-01 
    9.842e-01     2.198e-01     7.320e-01     6.791e-01 
    9.847e-01     2.182e-01     7.321e-01     6.773e-01 
    9.852e-01     2.211e-01     7.322e-01     6.776e-01 
    9.857e-01     2.205e-01     7.323e-01     6.777e-01 
    9.861e-01     2.205e-01     7.324e-01     6.792e-01 
    9.866e-01     2.181e-01     7.325e-01     6.782e-01 
    9.871e-01     2.196e-01     7.326e-01     6.795e-01 
    9.876e-01     2.176e-01     7.327e-01     6.810e-01 
    9.881e-01     2.153e-01     7.328e-01     6.805e-01 
    9.886e-01     2.160e-01     7.330e-01     6.818e-01 
    9.891e-01     2.141e-01     7.331e-01     6.814e-01 
    9.896e-01     2.146e-01     7.332e-01     6.794e-01 
    9.901e-01     2.178e-01     7.333e-01     6.787e-01 
    9.906e-01     2.188e-01     7.334e-01     6.785e-01 
    9.910e-01     2.192e-01     7.335e-01     6.794e-01 
    9.915e-01     2.177e-01     7.336e-01     6.779e-01 
    9.920e-01     2.201e-01     7.337e-01     6.765e-01 
    9.925e-01     2.222e-01     7.338e-01     6.755e-01 
    9.930e-01     2.239e-01     7.339e-01     6.746e-01 
    9.935e-01     2.253e-01     7.340e-01     6.747e-01 
    9.940e-01     2.251e-01     7.341e-01     6.748e-01 
    9.945e-01     2.250e-01     7.342e-01     6.754e-01 
    9.949e-01     2.241e-01     7.344e-01     6.759e-01 
    9.954e-01     2.232e-01     7.345e-01     6.763e-01 
    9.959e-01     2.226e-01     7.346e-01     6.783e-01 
    9.964e-01     2.195e-01     7.347e-01     6.800e-01 
    9.969e-01     2.168e-01     7.348e-01     6.813e-01 
    9.974e-01     2.148e-01     7.349e-01     6.803e-01 
    9.979e-01     2.164e-01     7.350e-01     6.816e-01 
    9.984e-01     2.143e-01     7.351e-01     6.800e-01 
    9.989e-01     2.167e-01     7.352e-01     6.799e-01 
    9.994e-01     2.169e-01     7.353e-01     6.815e-01 
    9.999e-01     2.145e-01     7.354e-01     6.812e-01 
    1.000e+00     2.150e-01     7.355e-01     6.829e-01 
