0.098003
0.19936
0.3033
0.39859
0.096354
0.19568
0.29746
0.39511
0.49525
0.1
0.19836
0.29675
0.39707
0.4959
0.1
0.19836
0.29675
0.39707
0.4959
0.10035
0.19765
0.30053
0.39878
0.49615
0.10035
0.19765
0.30053
0.39878
0.49615
0.10035
0.19765
0.30053
0.39878
0.49615
0.096354
0.19568
0.29746
0.39511
0.49525
0.096354
0.19568
0.29746
0.39511
0.49525
0.59508
0.69534
0.79508
0.89573
0.99528
0.096354
0.19568
0.29746
0.39511
0.49525
0.59508
0.69534
0.79508
0.89573
0.99528
0.096354
0.19568
0.29746
0.096354
0.19568
0.29746
0.096354
0.19568
0.29746
0.096354
0.19568
0.29746
0.39511
0.49525
0.59508
0.69534
0.79508
0.89573
0.99528
0.095854
0.1955
0.29619
0.39541
0.49506
0.095977
0.19512
0.29531
0.39551
0.4957
0.095508
0.19512
0.29531
0.39551
0.49512
0.095977
0.19512
0.29531
0.39551
0.4957
0.095281
0.19559
0.29575
0.39628
0.49627
0.10035
0.19765
0.30053
0.39878
0.49615
0.097067
0.19535
0.29589
0.39573
0.49651
0.097235
0.19574
0.29662
0.39978
0.49575
0.096177
0.198
0.2951
0.39617
0.49506
0.095324
0.19999
0.095985
0.19659
0.29738
0.39517
0.49515
0.098003
0.19936
0.3033
0.39859
0.4954
0.098003
0.19936
0.3033
0.39859
0.4954
0.59549
0.69539
0.79524
0.89656
0.99602
0.096758
0.1995
0.29914
0.39609
0.49526
0.59518
0.69536
0.7951
0.89531
0.9951
0.096354
0.19568
0.29746
0.39511
0.49525
0.59508
0.69534
0.79508
0.89573
0.99528
0.096758
0.1995
0.29914
0.39609
0.49526
0.59518
0.69536
0.7951
0.89531
0.9951
0.096758
0.1995
0.29914
0.39609
0.49526
0.59518
0.69536
0.7951
0.89531
0.9951
0.098003
0.19936
0.3033
0.39859
0.4954
0.59549
0.69539
0.79524
0.89656
0.99602
0.098003
0.19936
0.3033
0.39859
0.4954
0.59549
0.69539
0.79524
0.89656
0.99602
0.10364
0.20475
0.29652
0.40391
0.49586
0.5953
0.69627
0.7972
0.89623
0.99765
0.10364
0.20475
0.29652
0.40391
0.49586
0.5953
0.69627
0.7972
0.89623
0.99765
0.1
0.19836
0.096776
0.19784
0.2981
0.39675
0.49521
0.096776
0.19784
0.2981
0.39675
0.49521
0.59508
0.69514
0.79503
0.89524
0.9958
0.10391
0.20397
0.29813
0.39932
0.10391
0.20397
0.29813
0.39932
0.49531
0.59573
0.6957
0.79598
0.89699
0.99636
0.095077
0.19642
0.29657
0.39553
0.49523
0.59518
0.69509
0.79528
0.89515
0.99554
0.10076
0.2009
0.30118
0.39958
0.49508
0.59553
0.69516
0.79549
0.89535
0.99628
0.098177
0.19687
0.29772
0.39652
0.49507
0.5957
0.69541
0.7955
0.89545
0.99581
0.096486
0.20409
0.30065
0.096486
0.20409
0.096486
0.20409
0.30065
0.39857
0.49526
0.59522
0.69518
0.79639
0.8952
0.99688
0.097328
0.10076
0.2009
0.30118
0.39958
0.49508
0.59553
0.69514
0.097795
0.19887
0.29695
0.3957
0.49512
0.59511
0.69544
0.79541
0.89582
0.99573
0.09601
0.19678
0.29592
0.39646
0.49505
0.59502
0.69547
0.7956
0.89526
0.99546
0.096486
0.20409
0.30065
0.39857
0.49526
0.59522
0.69518
0.79639
0.8952
0.99688
0.097328
0.097328
0.095272
0.095272
0.19565
0.29556
0.39545
0.49518
0.59517
0.6954
0.79502
0.89504
0.99538
0.1015
0.20381
0.29684
0.39796
0.095841
0.19556
0.29597
0.39529
0.49541
0.095841
0.095094
0.096692
0.096906
0.19541
0.29727
0.39704
0.49633
0.10045
0.10151
0.095015
0.19511
0.29503
0.39509
0.096073
0.095527
0.095527
0.2011
0.29655
0.39625
0.1015
0.20381
0.29684
0.39796
0.095841
0.19556
0.29597
0.39529
0.10194
0.2009
0.29517
0.097152
0.095129
0.19592
0.29629
0.39565
0.10357
0.20324
0.29737
0.39901
0.10076
0.2009
0.30118
0.39958
0.096776
0.19784
0.2981
0.39675
0.095077
0.19642
0.29657
0.39553
0.10094
0.1962
0.29819
0.10357
0.20324
0.29737
0.39901
0.49544
0.59582
0.69568
0.7959
0.89691
0.99635
0.10076
0.2009
0.30118
0.39958
0.49508
0.59553
0.69514
0.79545
0.8953
0.99622
0.095527
0.2011
0.29655
0.39625
0.49517
0.59515
0.69514
0.79541
0.89565
0.99596
0.10194
0.2009
0.29517
0.097152
0.1015
0.20381
0.29684
0.39796
0.49531
0.59556
0.6962
0.7953
0.89612
0.99576
0.1015
0.20381
0.29684
0.39796
0.1015
0.20381
0.29684
0.39796
0.09503
0.19649
0.2951
0.095078
0.19593
0.29507
0.39501
0.49534
0.59616
0.69522
0.79521
0.89503
0.99509
0.098555
0.19625
0.29541
0.39563
0.49515
0.59523
0.69518
0.79521
0.89575
0.99569
0.095059
0.1952
0.2953
0.39528
0.49539
0.09514
0.19516
0.29558
0.095282
0.095282
0.095014
0.19533
0.29578
0.095029
0.19501
0.29514
0.095476
0.19612
0.30314
0.39991
0.49503
0.59512
0.69543
0.79545
0.89588
0.99528
0.095889
0.19707
0.29547
0.39702
0.49575
0.59505
0.69505
0.79513
0.89503
0.99532
0.095877
0.096075
0.19901
0.29643
0.39612
0.49534
0.59861
0.6967
0.79524
0.095355
0.19506
0.29502
0.095355
0.19506
0.29502
0.095355
0.19506
0.29502
0.095358
0.19535
0.29539
0.099302
0.19838
0.29823
0.39559
0.49571
0.59538
0.69583
0.79616
0.89614
0.99606
0.095128
0.19506
0.095114
0.098602
0.20225
0.29901
0.40219
0.49663
0.59571
0.69533
0.7962
0.89593
0.9951
0.098386
0.19995
0.30034
0.39879
0.50181
0.59592
0.69507
0.79557
0.89607
0.99508
0.10174
0.10282
0.096497
0.19935
0.29978
0.39824
0.49541
0.59567
0.69525
0.79563
0.89507
0.99544
0.095331
0.19607
0.29719
0.39693
0.49746
0.59506
0.69517
0.79539
0.89535
0.99543
0.095106
0.19537
0.29715
0.39678
0.49633
0.59503
0.69508
0.79528
0.89508
0.99533
0.095331
0.19607
0.29719
0.39693
0.49746
0.59506
0.69517
0.79539
0.89535
0.99543
