0
0
0
0.012419
0.023148
0.03347
0.041971
0.050103
0.062361
0.070664
0.081038
0.091834
0.10472
0.11117
0.12554
0.13353
0.141
0.15777
0.16592
0.17353
0.18136
0.19015
0.20945
0.2196
0.23049
0.24109
0.25132
0.26201
0.27228
0.28258
0.29273
0.3033
0.31289
0.32314
0.3325
0.34092
0.34899
0.3563
0.36439
0.37212
0.3857
0.39189
0.40495
0.41072
0.4238
0.43292
0.44084
0.45233
0.46109
0
0.010126
0.020145
0.030367
0.040675
0.051317
0.060437
0.070722
0.081872
0.091034
0.10187
0.11025
0.12235
0.1324
0.1421
0.15273
0.16026
0.17038
0.18035
0.19174
0.20384
0.21274
0.22157
0.23084
0.24418
0.2531
0.26214
0.27093
0.28431
0.29304
0.30209
0.31051
0.32316
0.3312
0.34223
0.35227
0.36211
0.3724
0.38154
0.39234
0.40091
0.41116
0.42051
0.43024
0.44095
0.45067
0.46055
0.4704
0.48023
0.49011
0.50026
0
0.010475
0.024133
0.040635
0.059871
0.08206
0.10779
0.13809
0.17361
0.21431
0.25788
0.30849
0.37495
0.46351
0.58407
0
0.010475
0.024133
0.040635
0.059871
0.08206
0.10779
0.13809
0.17361
0.21431
0.25788
0.30849
0.37495
0.46351
0.58407
0
0.01266
0.021698
0.03244
0.040671
0.054241
0.0645
0.07535
0.081235
0.093577
0.1
0.11379
0.121
0.1362
0.14422
0.15252
0.16119
0.17006
0.18866
0.19836
0.2081
0.2181
0.22797
0.23818
0.24796
0.25818
0.26799
0.27778
0.28742
0.29675
0.30623
0.31491
0.32384
0.33224
0.34049
0.3561
0.3637
0.37085
0.38476
0.391
0.40299
0.41443
0.42446
0.43327
0.44157
0.45187
0.46216
0.47003
0.48067
0.49086
0.50093
0
0.010475
0.024133
0.040635
0.059871
0.08206
0.10779
0.13809
0.17361
0.21431
0.25788
0.30849
0.37495
0.46351
0.58407
0
0.01266
0.021698
0.03244
0.040671
0.054241
0.0645
0
0.01266
0.021698
0.03244
0.040671
0.054241
0.0645
0.07535
0.081235
0.093577
0.1
0.11379
0.121
0.1362
0.14422
0.15252
0.16119
0.17006
0.18866
0.19836
0.2081
0.2181
0.22797
0.23818
0.24796
0.25818
0.26799
0.27778
0.28742
0.29675
0.30623
0.31491
0.32384
0.33224
0.34049
0.3561
0.3637
0.37085
0.38476
0.391
0.40299
0.41443
0.42446
0.43327
0.44157
0.45187
0.46216
0.47003
0.48067
0.49086
0.50093
0
0.01314
0.02386
0.036769
0.044356
0.052186
0.060751
0.079111
0.089513
0.10035
0.11211
0.12438
0.13729
0.15121
0.16592
0.18137
0.19765
0.21421
0.23163
0.24967
0.26741
0.28407
0.30053
0.31754
0.33362
0.34811
0.36195
0.37629
0.38827
0.39878
0.40973
0.4199
0.42824
0.43597
0.44289
0.45023
0.45551
0.45986
0.46405
0.46824
0.47037
0.4722
0.47399
0.47576
0.47751
0.47924
0.48095
0.48266
0.48436
0.49111
0.50117
0
0.01314
0.02386
0.036769
0.044356
0.052186
0.060751
0.079111
0.089513
0.10035
0.11211
0.12438
0.13729
0.15121
0.16592
0.18137
0.19765
0.21421
0.23163
0.24967
0.26741
0.28407
0.30053
0.31754
0.33362
0.34811
0.36195
0.37629
0.38827
0.39878
0.40973
0.4199
0.42824
0.43597
0.44289
0.45023
0.45551
0.45986
0.46405
0.46824
0.47037
0.4722
0.47399
0.47576
0.47751
0.47924
0.48095
0.48266
0.48436
0.49111
0.50117
0
0.01314
0.02386
0.036769
0.044356
0.052186
0.060751
0.079111
0.089513
0.10035
0.11211
0.12438
0.13729
0.15121
0.16592
0.18137
0.19765
0.21421
0.23163
0.24967
0.26741
0.28407
0.30053
0.31754
0.33362
0.34811
0.36195
0.37629
0.38827
0.39878
0.40973
0.4199
0.42824
0.43597
0.44289
0.45023
0.45551
0.45986
0.46405
0.46824
0.47037
0.4722
0.47399
0.47576
0.47751
0.47924
0.48095
0.48266
0.48436
0.49111
0.50117
0
0
0
0
0
0.010126
0.020145
0.030367
0.040675
0.051317
0.060437
0.070722
0.081872
0.091034
0.10187
0.11025
0.12235
0.1324
0.1421
0.15273
0.16026
0.17038
0.18035
0.19174
0.20384
0.21274
0.22157
0.23084
0.24418
0.2531
0.26214
0.27093
0.28431
0.29304
0.30209
0.31051
0.32316
0.3312
0.34223
0.35227
0.36211
0.3724
0.38154
0.39234
0.40091
0.41116
0.42051
0.43024
0.44095
0.45067
0.46055
0.4704
0.48023
0.49011
0.50026
0
0.010126
0.020145
0.030367
0.040675
0.051317
0.060437
0.070722
0.081872
0.091034
0.10187
0.11025
0.12235
0.1324
0.1421
0.15273
0.16026
0.17038
0.18035
0.19174
0.20384
0.21274
0.22157
0.23084
0.24418
0.2531
0.26214
0.27093
0.28431
0.29304
0.30209
0.31051
0.32316
0.3312
0.34223
0.35227
0.36211
0.3724
0.38154
0.39234
0.40091
0.41116
0.42051
0.43024
0.44095
0.45067
0.46055
0.4704
0.48023
0.49011
0.50026
0.51003
0.52006
0.53042
0.54033
0.55025
0.5602
0.57022
0.58033
0.59013
0.60007
0.61016
0.62041
0.63038
0.64009
0.65003
0.6602
0.67008
0.68015
0.69041
0.7003
0.71036
0.72
0.73037
0.74032
0.75043
0.76008
0.77051
0.78048
0.7906
0.80024
0.81001
0.8206
0.83067
0.84019
0.85054
0.86034
0.87028
0.88035
0.89057
0.90018
0.91068
0.92055
0.93057
0.94071
0.9502
0.96062
0.97036
0.98023
0.99023
1.0004
0
0.010126
0.020145
0.030367
0.040675
0.051317
0.060437
0.070722
0.081872
0.091034
0.10187
0.11025
0.12235
0.1324
0.1421
0.15273
0.16026
0.17038
0.18035
0.19174
0.20384
0.21274
0.22157
0.23084
0.24418
0.2531
0.26214
0.27093
0.28431
0.29304
0.30209
0.31051
0.32316
0.3312
0.34223
0.35227
0.36211
0.3724
0.38154
0.39234
0.40091
0.41116
0.42051
0.43024
0.44095
0.45067
0.46055
0.4704
0.48023
0.49011
0.50026
0.51003
0.52006
0.53042
0.54033
0.55025
0.5602
0.57022
0.58033
0.59013
0.60007
0.61016
0.62041
0.63038
0.64009
0.65003
0.6602
0.67008
0.68015
0.69041
0.7003
0.71036
0.72
0.73037
0.74032
0.75043
0.76008
0.77051
0.78048
0.7906
0.80024
0.81001
0.8206
0.83067
0.84019
0.85054
0.86034
0.87028
0.88035
0.89057
0.90018
0.91068
0.92055
0.93057
0.94071
0.9502
0.96062
0.97036
0.98023
0.99023
1.0004
0
0
0.010126
0.020145
0.030367
0.040675
0.051317
0.060437
0.070722
0.081872
0.091034
0.10187
0.11025
0.12235
0.1324
0.1421
0.15273
0.16026
0.17038
0.18035
0.19174
0.20384
0.21274
0.22157
0.23084
0.24418
0.2531
0.26214
0.27093
0.28431
0.29304
0.30209
0
0.010126
0.020145
0.030367
0.040675
0.051317
0.060437
0.070722
0.081872
0.091034
0.10187
0.11025
0.12235
0.1324
0.1421
0.15273
0.16026
0.17038
0.18035
0.19174
0.20384
0.21274
0.22157
0.23084
0.24418
0.2531
0.26214
0.27093
0.28431
0.29304
0.30209
0
0.010126
0.020145
0.030367
0.040675
0.051317
0.060437
0.070722
0.081872
0.091034
0.10187
0.11025
0.12235
0.1324
0.1421
0.15273
0.16026
0.17038
0.18035
0.19174
0.20384
0.21274
0.22157
0.23084
0.24418
0.2531
0.26214
0.27093
0.28431
0.29304
0.30209
0
0.010126
0.020145
0.030367
0.040675
0.051317
0.060437
0.070722
0.081872
0.091034
0.10187
0.11025
0.12235
0.1324
0.1421
0.15273
0.16026
0.17038
0.18035
0.19174
0.20384
0.21274
0.22157
0.23084
0.24418
0.2531
0.26214
0.27093
0.28431
0.29304
0.30209
0.31051
0.32316
0.3312
0.34223
0.35227
0.36211
0.3724
0.38154
0.39234
0.40091
0.41116
0.42051
0.43024
0.44095
0.45067
0.46055
0.4704
0.48023
0.49011
0.50026
0.51003
0.52006
0.53042
0.54033
0.55025
0.5602
0.57022
0.58033
0.59013
0.60007
0.61016
0.62041
0.63038
0.64009
0.65003
0.6602
0.67008
0.68015
0.69041
0.7003
0.71036
0.72
0.73037
0.74032
0.75043
0.76008
0.77051
0.78048
0.7906
0.80024
0.81001
0.8206
0.83067
0.84019
0.85054
0.86034
0.87028
0.88035
0.89057
0.90018
0.91068
0.92055
0.93057
0.94071
0.9502
0.96062
0.97036
0.98023
0.99023
1.0004
0
0
0.010133
0.020412
0.030168
0.040292
0.050187
0.060522
0.070665
0.080084
0.090335
0.10061
0.11043
0.12099
0.13031
0.14057
0.15019
0.16072
0.17014
0.18065
0.19134
0.20112
0.21033
0.22115
0.23086
0.24026
0.25108
0.2607
0.27145
0.28074
0.29004
0.30098
0.31139
0.32034
0.33029
0.34074
0.3504
0.36051
0.37024
0.38004
0.39063
0.40049
0.41065
0.42064
0.43014
0.44035
0.45053
0.46029
0.47023
0.48014
0.49012
0.50003
0
0.010547
0.020039
0.030586
0.040078
0.050625
0.060117
0.070664
0.080156
0.090703
0.1002
0.11074
0.12023
0.13078
0.14027
0.15082
0.16031
0.17086
0.18035
0.1909
0.20039
0.21094
0.22043
0.23098
0.24047
0.25102
0.26051
0.27
0.28055
0.29004
0.30059
0.31008
0.32063
0.33012
0.34066
0.35016
0.3607
0.3702
0.38074
0.39023
0.40078
0.41027
0.42082
0.43031
0.44086
0.45035
0.4609
0.47039
0.48094
0.49043
0.50098
0
0.010547
0.020508
0.030469
0.04043
0.050391
0.060352
0.070313
0.080273
0.090234
0.1002
0.11016
0.12012
0.13008
0.14004
0.15
0.16055
0.17051
0.18047
0.19043
0.20039
0.21035
0.22031
0.23027
0.24023
0.2502
0.26016
0.27012
0.28008
0.29004
0.3
0.31055
0.32051
0.33047
0.34043
0.35039
0.36035
0.37031
0.38027
0.39023
0.4002
0.41016
0.42012
0.43008
0.44004
0.45
0.46055
0.47051
0.48047
0.49043
0.50039
0
0.010547
0.020039
0.030586
0.040078
0.050625
0.060117
0.070664
0.080156
0.090703
0.1002
0.11074
0.12023
0.13078
0.14027
0.15082
0.16031
0.17086
0.18035
0.1909
0.20039
0.21094
0.22043
0.23098
0.24047
0.25102
0.26051
0.27
0.28055
0.29004
0.30059
0.31008
0.32063
0.33012
0.34066
0.35016
0.3607
0.3702
0.38074
0.39023
0.40078
0.41027
0.42082
0.43031
0.44086
0.45035
0.4609
0.47039
0.48094
0.49043
0.50098
0
0
0.012309
0.020714
0.032147
0.046274
0.056242
0.069527
0.087611
0.11296
0.14987
0.20553
0.26437
0.26924
0.27578
0.28413
0.29467
0.29898
0.30032
0.30257
0.30495
0.30782
0.30987
0.31171
0.31415
0.31646
0.3188
0.32106
0.32332
0.32553
0.32774
0.3299
0.33206
0.33419
0.3363
0.34046
0.35057
0.36025
0.37128
0.38159
0.39112
0.40121
0.41032
0.42003
0.43049
0.44066
0.45064
0.46047
0.4702
0.48092
0.49049
0.50001
0
0.010446
0.020593
0.032131
0.040112
0.050043
0.06146
0.070236
0.08
0.090007
0.10023
0.11028
0.12027
0.13002
0.14023
0.15037
0.16029
0.17039
0.18061
0.19022
0.20042
0.2105
0.22038
0.23077
0.24085
0.25052
0.26061
0.27017
0.2801
0.29043
0.30008
0.31006
0.3204
0.3311
0.34093
0.35106
0.36019
0.37092
0.38057
0.39049
0.40068
0.41114
0.42033
0.43132
0.44097
0.45084
0.46093
0.47126
0.48004
0.4908
0.50181
0
0.01314
0.02386
0.036769
0.044356
0.052186
0.060751
0.079111
0.089513
0.10035
0.11211
0.12438
0.13729
0.15121
0.16592
0.18137
0.19765
0.21421
0.23163
0.24967
0.26741
0.28407
0.30053
0.31754
0.33362
0.34811
0.36195
0.37629
0.38827
0.39878
0.40973
0.4199
0.42824
0.43597
0.44289
0.45023
0.45551
0.45986
0.46405
0.46824
0.47037
0.4722
0.47399
0.47576
0.47751
0.47924
0.48095
0.48266
0.48436
0.49111
0.50117
0
0.011089
0.022378
0.031095
0.041479
0.053552
0.062417
0.071018
0.083404
0.090486
0.10243
0.11072
0.12024
0.13034
0.14034
0.15001
0.16032
0.17027
0.18031
0.19039
0.20045
0.21044
0.22028
0.23065
0.2408
0.25062
0.26004
0.27078
0.28014
0.29086
0.30102
0.31052
0.32036
0.33055
0.34112
0.35084
0.36087
0.37122
0.38055
0.39013
0.40142
0.41012
0.42054
0.43124
0.44065
0.45028
0.46014
0.47023
0.48056
0.49113
0.50013
0
0.011918
0.021579
0.031945
0.041339
0.050538
0.060051
0.072453
0.080416
0.092606
0.10211
0.11186
0.12258
0.13423
0.1456
0.15191
0.16475
0.17052
0.18224
0.19574
0.20284
0.21069
0.22647
0.23428
0.24208
0.25801
0.26558
0.27348
0.28119
0.29662
0.30476
0.31194
0.32649
0.3336
0.34641
0.35194
0.36357
0.37516
0.38035
0.39464
0.40455
0.41269
0.4224
0.43262
0.44164
0.45017
0.46189
0.47104
0.48071
0.49008
0.5005
0
0.010186
0.021018
0.030093
0.040553
0.05144
0.06096
0.071626
0.081479
0.091527
0.10095
0.11077
0.12136
0.13013
0.14153
0.15061
0.16053
0.17226
0.18106
0.19108
0.20156
0.21311
0.22082
0.23289
0.24072
0.25235
0.26039
0.27192
0.2836
0.29125
0.30309
0.31041
0.32155
0.33217
0.34177
0.35072
0.36211
0.37118
0.38189
0.39132
0.40124
0.41036
0.42029
0.43048
0.44138
0.45132
0.46003
0.47053
0.48019
0.49015
0.50025
0
0.01101
0.022998
0.033212
0.045743
0.052482
0.063951
0.070511
0.086229
0.095324
0.10527
0.11508
0.12615
0.13769
0.14928
0.16269
0.17411
0.1862
0.19999
0.21607
0.23253
0.24797
0.26398
0.27949
0.29479
0.31056
0.32599
0.33918
0.35101
0.36255
0.37408
0.38441
0.39378
0.40377
0.41185
0.41824
0.42504
0.43176
0.43774
0.44334
0.44911
0.4545
0.45882
0.46279
0.46576
0.46816
0.47031
0.47232
0.48141
0.49134
0.50081
0
0
0.010371
0.020189
0.030411
0.040403
0.050728
0.060398
0.070299
0.080698
0.091346
0.10075
0.11058
0.12114
0.13087
0.14035
0.15036
0.16131
0.17107
0.18082
0.19198
0.2013
0.21155
0.22188
0.23
0.24044
0.25073
0.26137
0.27162
0.28196
0.29222
0.30005
0.3101
0.32
0.33187
0.34046
0.35051
0.36186
0.37187
0.38083
0.39039
0.40025
0.41094
0.42085
0.43104
0.4405
0.45088
0.46017
0.47037
0.48006
0.49023
0.50022
0
0.012419
0.023148
0.03347
0.041971
0.050103
0.062361
0.070664
0.081038
0.091834
0.10472
0.11117
0.12554
0.13353
0.141
0.15777
0.16592
0.17353
0.18136
0.19015
0.20945
0.2196
0.23049
0.24109
0.25132
0.26201
0.27228
0.28258
0.29273
0.3033
0.31289
0.32314
0.3325
0.34092
0.34899
0.3563
0.36439
0.37212
0.3857
0.39189
0.40495
0.41072
0.4238
0.43292
0.44084
0.45233
0.46109
0.4709
0.48101
0.49002
0.50065
0
0.012419
0.023148
0.03347
0.041971
0.050103
0.062361
0.070664
0.081038
0.091834
0.10472
0.11117
0.12554
0.13353
0.141
0.15777
0.16592
0.17353
0.18136
0.19015
0.20945
0.2196
0.23049
0.24109
0.25132
0.26201
0.27228
0.28258
0.29273
0.3033
0.31289
0.32314
0.3325
0.34092
0.34899
0.3563
0.36439
0.37212
0.3857
0.39189
0.40495
0.41072
0.4238
0.43292
0.44084
0.45233
0.46109
0.4709
0.48101
0.49002
0.50065
0.51095
0.52007
0.53013
0.54019
0.55026
0.56037
0.57054
0.58084
0.59022
0.6008
0.61047
0.62028
0.63028
0.64051
0.651
0.66054
0.67027
0.68019
0.69028
0.70054
0.71099
0.72027
0.73105
0.74063
0.75034
0.76021
0.77023
0.78041
0.79076
0.80127
0.8104
0.82121
0.83059
0.84011
0.85138
0.86117
0.8711
0.88118
0.8914
0.90002
0.9105
0.92113
0.9301
0.94101
0.95022
0.96142
0.97087
0.98044
0.99014
1.0019
0
0.011658
0.020846
0.031151
0.040964
0.050822
0.060924
0.070587
0.080027
0.093055
0.10059
0.11237
0.12093
0.13027
0.14394
0.15413
0.16434
0.17355
0.18308
0.19394
0.20538
0.21184
0.22436
0.23079
0.24323
0.25589
0.26209
0.27439
0.28056
0.29291
0.30548
0.31122
0.32308
0.33423
0.3444
0.35341
0.36272
0.37224
0.3808
0.39217
0.40026
0.41098
0.42142
0.43231
0.44196
0.45108
0.46066
0.47008
0.48044
0.49006
0.50035
0.51028
0.52003
0.5303
0.54055
0.55022
0.56052
0.57028
0.58014
0.59013
0.60026
0.61055
0.62035
0.63033
0.64054
0.65031
0.6603
0.6705
0.68016
0.69076
0.70077
0.71016
0.72049
0.73017
0.74082
0.75081
0.76011
0.77041
0.78088
0.79062
0.80052
0.81055
0.82074
0.83012
0.84059
0.85025
0.86003
0.87095
0.88002
0.89019
0.90046
0.91087
0.92037
0.93106
0.94082
0.9507
0.96072
0.97087
0.98001
0.99042
1.001
0
0.010126
0.020145
0.030367
0.040675
0.051317
0.060437
0.070722
0.081872
0.091034
0.10187
0.11025
0.12235
0.1324
0.1421
0.15273
0.16026
0.17038
0.18035
0.19174
0.20384
0.21274
0.22157
0.23084
0.24418
0.2531
0.26214
0.27093
0.28431
0.29304
0.30209
0.31051
0.32316
0.3312
0.34223
0.35227
0.36211
0.3724
0.38154
0.39234
0.40091
0.41116
0.42051
0.43024
0.44095
0.45067
0.46055
0.4704
0.48023
0.49011
0.50026
0.51003
0.52006
0.53042
0.54033
0.55025
0.5602
0.57022
0.58033
0.59013
0.60007
0.61016
0.62041
0.63038
0.64009
0.65003
0.6602
0.67008
0.68015
0.69041
0.7003
0.71036
0.72
0.73037
0.74032
0.75043
0.76008
0.77051
0.78048
0.7906
0.80024
0.81001
0.8206
0.83067
0.84019
0.85054
0.86034
0.87028
0.88035
0.89057
0.90018
0.91068
0.92055
0.93057
0.94071
0.9502
0.96062
0.97036
0.98023
0.99023
1.0004
0
0.011658
0.020846
0.031151
0.040964
0.050822
0.060924
0.070587
0.080027
0.093055
0.10059
0.11237
0.12093
0.13027
0.14394
0.15413
0.16434
0.17355
0.18308
0.19394
0.20538
0.21184
0.22436
0.23079
0.24323
0.25589
0.26209
0.27439
0.28056
0.29291
0.30548
0.31122
0.32308
0.33423
0.3444
0.35341
0.36272
0.37224
0.3808
0.39217
0.40026
0.41098
0.42142
0.43231
0.44196
0.45108
0.46066
0.47008
0.48044
0.49006
0.50035
0.51028
0.52003
0.5303
0.54055
0.55022
0.56052
0.57028
0.58014
0.59013
0.60026
0.61055
0.62035
0.63033
0.64054
0.65031
0.6603
0.6705
0.68016
0.69076
0.70077
0.71016
0.72049
0.73017
0.74082
0.75081
0.76011
0.77041
0.78088
0.79062
0.80052
0.81055
0.82074
0.83012
0.84059
0.85025
0.86003
0.87095
0.88002
0.89019
0.90046
0.91087
0.92037
0.93106
0.94082
0.9507
0.96072
0.97087
0.98001
0.99042
1.001
0
0.011658
0.020846
0.031151
0.040964
0.050822
0.060924
0.070587
0.080027
0.093055
0.10059
0.11237
0.12093
0.13027
0.14394
0.15413
0.16434
0.17355
0.18308
0.19394
0.20538
0.21184
0.22436
0.23079
0.24323
0.25589
0.26209
0.27439
0.28056
0.29291
0.30548
0.31122
0.32308
0.33423
0.3444
0.35341
0.36272
0.37224
0.3808
0.39217
0.40026
0.41098
0.42142
0.43231
0.44196
0.45108
0.46066
0.47008
0.48044
0.49006
0.50035
0.51028
0.52003
0.5303
0.54055
0.55022
0.56052
0.57028
0.58014
0.59013
0.60026
0.61055
0.62035
0.63033
0.64054
0.65031
0.6603
0.6705
0.68016
0.69076
0.70077
0.71016
0.72049
0.73017
0.74082
0.75081
0.76011
0.77041
0.78088
0.79062
0.80052
0.81055
0.82074
0.83012
0.84059
0.85025
0.86003
0.87095
0.88002
0.89019
0.90046
0.91087
0.92037
0.93106
0.94082
0.9507
0.96072
0.97087
0.98001
0.99042
1.001
0
0.012419
0.023148
0.03347
0.041971
0.050103
0.062361
0.070664
0.081038
0.091834
0.10472
0.11117
0.12554
0.13353
0.141
0.15777
0.16592
0.17353
0.18136
0.19015
0.20945
0.2196
0.23049
0.24109
0.25132
0.26201
0.27228
0.28258
0.29273
0.3033
0.31289
0.32314
0.3325
0.34092
0.34899
0.3563
0.36439
0.37212
0.3857
0.39189
0.40495
0.41072
0.4238
0.43292
0.44084
0.45233
0.46109
0.4709
0.48101
0.49002
0.50065
0.51095
0.52007
0.53013
0.54019
0.55026
0.56037
0.57054
0.58084
0.59022
0.6008
0.61047
0.62028
0.63028
0.64051
0.651
0.66054
0.67027
0.68019
0.69028
0.70054
0.71099
0.72027
0.73105
0.74063
0.75034
0.76021
0.77023
0.78041
0.79076
0.80127
0.8104
0.82121
0.83059
0.84011
0.85138
0.86117
0.8711
0.88118
0.8914
0.90002
0.9105
0.92113
0.9301
0.94101
0.95022
0.96142
0.97087
0.98044
0.99014
1.0019
0
0.012419
0.023148
0.03347
0.041971
0.050103
0.062361
0.070664
0.081038
0.091834
0.10472
0.11117
0.12554
0.13353
0.141
0.15777
0.16592
0.17353
0.18136
0.19015
0.20945
0.2196
0.23049
0.24109
0.25132
0.26201
0.27228
0.28258
0.29273
0.3033
0.31289
0.32314
0.3325
0.34092
0.34899
0.3563
0.36439
0.37212
0.3857
0.39189
0.40495
0.41072
0.4238
0.43292
0.44084
0.45233
0.46109
0.4709
0.48101
0.49002
0.50065
0.51095
0.52007
0.53013
0.54019
0.55026
0.56037
0.57054
0.58084
0.59022
0.6008
0.61047
0.62028
0.63028
0.64051
0.651
0.66054
0.67027
0.68019
0.69028
0.70054
0.71099
0.72027
0.73105
0.74063
0.75034
0.76021
0.77023
0.78041
0.79076
0.80127
0.8104
0.82121
0.83059
0.84011
0.85138
0.86117
0.8711
0.88118
0.8914
0.90002
0.9105
0.92113
0.9301
0.94101
0.95022
0.96142
0.97087
0.98044
0.99014
1.0019
0
0.010475
0.024133
0.040635
0.059871
0.08206
0.10779
0.13809
0.17361
0.21431
0.25788
0.30849
0.37495
0.46351
0.58407
0.75305
0.99915
1.3702
0
0.011607
0.020825
0.031765
0.044549
0.051517
0.066932
0.075296
0.084468
0.093814
0.10364
0.11414
0.12516
0.13675
0.14911
0.16212
0.17571
0.18993
0.20475
0.22012
0.23536
0.25089
0.26709
0.28189
0.29652
0.31088
0.32402
0.33752
0.34969
0.3611
0.37334
0.38443
0.39461
0.40391
0.41239
0.42127
0.4283
0.43524
0.44144
0.44791
0.45285
0.45708
0.46088
0.46464
0.46756
0.46942
0.47111
0.47276
0.48065
0.49133
0.50038
0.51095
0.52006
0.53079
0.5401
0.5511
0.56067
0.57038
0.58023
0.59024
0.6004
0.61074
0.62125
0.63015
0.641
0.65019
0.6614
0.6709
0.68054
0.69033
0.70027
0.71037
0.72062
0.73104
0.74163
0.75022
0.76112
0.77219
0.78118
0.79029
0.80184
0.81122
0.82073
0.83036
0.84012
0.85002
0.86004
0.87021
0.88051
0.89095
0.90154
0.91227
0.92041
0.93141
0.94255
0.95101
0.96243
0.9711
0.9828
0.99168
1.0007
0
0.011607
0.020825
0.031765
0.044549
0.051517
0.066932
0.075296
0.084468
0.093814
0.10364
0.11414
0.12516
0.13675
0.14911
0.16212
0.17571
0.18993
0.20475
0.22012
0.23536
0.25089
0.26709
0.28189
0.29652
0.31088
0.32402
0.33752
0.34969
0.3611
0.37334
0.38443
0.39461
0.40391
0.41239
0.42127
0.4283
0.43524
0.44144
0.44791
0.45285
0.45708
0.46088
0.46464
0.46756
0.46942
0.47111
0.47276
0.48065
0.49133
0.50038
0.51095
0.52006
0.53079
0.5401
0.5511
0.56067
0.57038
0.58023
0.59024
0.6004
0.61074
0.62125
0.63015
0.641
0.65019
0.6614
0.6709
0.68054
0.69033
0.70027
0.71037
0.72062
0.73104
0.74163
0.75022
0.76112
0.77219
0.78118
0.79029
0.80184
0.81122
0.82073
0.83036
0.84012
0.85002
0.86004
0.87021
0.88051
0.89095
0.90154
0.91227
0.92041
0.93141
0.94255
0.95101
0.96243
0.9711
0.9828
0.99168
1.0007
0
0.01266
0.021698
0.03244
0.040671
0.054241
0.0645
0.07535
0.081235
0.093577
0.1
0.11379
0.121
0.1362
0.14422
0.15252
0.16119
0.17006
0.18866
0.19836
0
0.01073
0.021112
0.031224
0.041682
0.051471
0.060811
0.071161
0.082907
0.093033
0.10065
0.11235
0.1214
0.13051
0.14466
0.15455
0.16387
0.17336
0.18334
0.19313
0.20259
0.21246
0.22263
0.23231
0.24212
0.2522
0.26235
0.27227
0.28239
0.29282
0.30327
0.31363
0.32409
0.33466
0.3454
0.3508
0.36157
0.37134
0.38008
0.39273
0.40032
0.41228
0.42035
0.43115
0.44131
0.45027
0.46056
0.47026
0.48038
0.49001
0.50036
0
0.01073
0.021112
0.031224
0.041682
0.051471
0.060811
0.071161
0.082907
0.093033
0.10065
0.11235
0.1214
0.13051
0.14466
0.15455
0.16387
0.17336
0.18334
0.19313
0.20259
0.21246
0.22263
0.23231
0.24212
0.2522
0.26235
0.27227
0.28239
0.29282
0.30327
0.31363
0.32409
0.33466
0.3454
0.3508
0.36157
0.37134
0.38008
0.39273
0.40032
0.41228
0.42035
0.43115
0.44131
0.45027
0.46056
0.47026
0.48038
0.49001
0.50036
0.51032
0.52004
0.53035
0.54011
0.55012
0.56039
0.57007
0.58042
0.59013
0.60009
0.61029
0.62025
0.63044
0.64036
0.65051
0.66036
0.67042
0.68016
0.6901
0.70022
0.71054
0.72046
0.73055
0.74021
0.75002
0.76061
0.77014
0.78048
0.79036
0.80042
0.81065
0.82034
0.83018
0.84016
0.85027
0.86054
0.87019
0.88073
0.89063
0.90066
0.91002
0.92031
0.93071
0.94042
0.95024
0.96017
0.9702
0.98035
0.99062
1.0001
0
0.01194
0.020866
0.031872
0.040813
0.05113
0.06328
0.077274
0.085304
0.093978
0.10391
0.11478
0.12698
0.13987
0.15229
0.1652
0.17783
0.19067
0.20397
0.21683
0.23007
0.24339
0.25674
0.27039
0.28417
0.29813
0.3122
0.32642
0.34098
0.35544
0.36926
0.38121
0.39078
0.39932
0
0.01194
0.020866
0.031872
0.040813
0.05113
0.06328
0.077274
0.085304
0.093978
0.10391
0.11478
0.12698
0.13987
0.15229
0.1652
0.17783
0.19067
0.20397
0.21683
0.23007
0.24339
0.25674
0.27039
0.28417
0.29813
0.3122
0.32642
0.34098
0.35544
0.36926
0.38121
0.39078
0.39932
0.40722
0.4148
0.42105
0.42628
0.43096
0.43546
0.43962
0.44378
0.44779
0.45173
0.45489
0.45739
0.4616
0.47036
0.48099
0.49021
0.50044
0.51082
0.52032
0.53001
0.54104
0.55006
0.56044
0.57108
0.58077
0.59069
0.60083
0.6112
0.62048
0.63132
0.64102
0.65091
0.66101
0.67132
0.68033
0.69104
0.70039
0.71152
0.72124
0.73113
0.74119
0.75142
0.76008
0.77064
0.78138
0.79047
0.80154
0.81091
0.8204
0.83003
0.84176
0.85168
0.86174
0.87194
0.8802
0.89065
0.90125
0.91199
0.9207
0.93171
0.94064
0.95194
0.96109
0.97035
0.98207
0.99157
1.0012
0
0.010466
0.020182
0.030337
0.041369
0.051101
0.061148
0.070321
0.080767
0.092468
0.10061
0.11173
0.12132
0.13107
0.14112
0.15175
0.16183
0.17194
0.18259
0.19305
0.20323
0.21029
0.22113
0.23153
0.24206
0.25289
0.26018
0.27079
0.28163
0.2928
0.30027
0.31138
0.32256
0.33016
0.34162
0.35315
0.36084
0.3713
0.38065
0.39267
0.40058
0.41123
0.42085
0.43055
0.44077
0.4504
0.46091
0.47033
0.48
0.49019
0.50023
0.51024
0.52012
0.5302
0.54024
0.55024
0.56021
0.57013
0.58028
0.59005
0.60005
0.61031
0.62013
0.63017
0.64008
0.65021
0.66019
0.67001
0.68005
0.69029
0.70033
0.71015
0.72014
0.73031
0.74022
0.75029
0.76008
0.77004
0.78018
0.79004
0.80009
0.8103
0.82018
0.83022
0.84039
0.85019
0.86013
0.8702
0.8804
0.89021
0.90012
0.91015
0.9203
0.93002
0.94042
0.95035
0.9604
0.97055
0.98022
0.99061
1.0005
0
0.011521
0.021058
0.030686
0.042346
0.052404
0.060073
0.073215
0.082973
0.094354
0.10076
0.11387
0.1214
0.13665
0.1446
0.15288
0.16078
0.17657
0.18486
0.19304
0.2009
0.21726
0.22574
0.23376
0.24187
0.25021
0.26699
0.27529
0.28372
0.29236
0.30118
0.31844
0.32718
0.33606
0.34504
0.35404
0.36299
0.37116
0.38598
0.39289
0.40505
0.41005
0.42356
0.43264
0.44252
0.45235
0.46221
0.47005
0.48053
0.49013
0.5006
0.51044
0.52042
0.53061
0.5404
0.55044
0.56004
0.57058
0.58067
0.59027
0.60009
0.61015
0.62045
0.63018
0.64012
0.65028
0.66067
0.67041
0.68035
0.69049
0.70083
0.71039
0.72012
0.73002
0.74008
0.75031
0.76072
0.77028
0.78
0.79102
0.80112
0.81024
0.82063
0.83001
0.84071
0.85035
0.86014
0.87005
0.88008
0.89023
0.90051
0.91096
0.92019
0.93085
0.9403
0.95121
0.96087
0.97064
0.98052
0.99052
1.0006
0
0.011068
0.020449
0.031433
0.040072
0.051495
0.062515
0.071822
0.082391
0.093541
0.10257
0.11183
0.12318
0.13053
0.14071
0.15068
0.16242
0.17062
0.18104
0.19142
0.20258
0.21161
0.22121
0.23148
0.24247
0.25017
0.2623
0.27079
0.28311
0.29091
0.30104
0.31145
0.32228
0.33292
0.34349
0.35052
0.36112
0.37178
0.38252
0.39207
0.4001
0.41091
0.42089
0.43064
0.44113
0.45007
0.46067
0.47003
0.48041
0.49046
0.50034
0.51029
0.5205
0.53033
0.54046
0.55021
0.56018
0.57039
0.58003
0.5907
0.60075
0.61015
0.62062
0.63042
0.64044
0.65062
0.66003
0.67059
0.68038
0.69036
0.70051
0.71084
0.72029
0.73096
0.74073
0.75065
0.76073
0.77096
0.78019
0.79075
0.80028
0.81119
0.82104
0.83104
0.84119
0.85019
0.86061
0.87117
0.88053
0.89135
0.90094
0.91065
0.92048
0.93044
0.94051
0.95071
0.96103
0.97147
0.98052
0.99119
1.0004
0
0
0
0
0
0
0.010611
0.020445
0.030161
0.041747
0.050012
0.060816
0.074445
0.08444
0.090246
0.10253
0.11596
0.12347
0.13049
0.14626
0.15388
0.16104
0.17669
0.18534
0.19454
0.20409
0.21434
0.22417
0.23378
0.24412
0.25359
0.26317
0.27266
0.28232
0.29129
0.30065
0.31741
0.32506
0.33184
0.34641
0.35313
0
0
0.010611
0.020445
0.030161
0.041747
0.050012
0.060816
0.074445
0.08444
0.090246
0.10253
0.11596
0.12347
0.13049
0.14626
0.15388
0.16104
0.17669
0.18534
0.19454
0.20409
0.21434
0.22417
0.23378
0
0.010611
0.020445
0.030161
0.041747
0.050012
0.060816
0.074445
0.08444
0.090246
0.10253
0.11596
0.12347
0.13049
0.14626
0.15388
0.16104
0.17669
0.18534
0.19454
0.20409
0.21434
0.22417
0.23378
0.24412
0.25359
0.26317
0.27266
0.28232
0.29129
0.30065
0.31741
0.32506
0.33184
0.34641
0.35313
0.36489
0.37103
0.38221
0.39018
0.40263
0.41341
0.42059
0.43106
0.44008
0.4502
0.46046
0.4703
0.48091
0.49048
0.50004
0.51058
0.5202
0.53085
0.54064
0.55057
0.56065
0.57091
0.5803
0.5909
0.60067
0.61067
0.62093
0.63025
0.64096
0.65068
0.66057
0.67062
0.68084
0.69124
0.70047
0.7112
0.72073
0.73042
0.74025
0.75024
0.76038
0.77068
0.78115
0.79026
0.80102
0.81038
0.82146
0.8311
0.84086
0.85075
0.86077
0.87093
0.88123
0.89168
0.9005
0.91122
0.92028
0.9313
0.94059
0.95001
0.96147
0.97115
0.98094
0.99086
1.0009
0
0.012892
0.02345
0.035805
0.042805
0.050435
0.067663
0.077054
0.08692
0.097328
0.10854
0.1204
0.13305
0.14653
0.16081
0.17614
0.19202
0.20838
0.22497
0.2409
0.25845
0.27474
0.28966
0.30358
0.31775
0.3306
0.34241
0.35383
0.36445
0.3739
0.38307
0.39265
0.39992
0.40695
0.41356
0.4195
0.42443
0.42842
0.43237
0.43544
0.43728
0.43901
0.4407
0.44237
0.44401
0.4505
0.46009
0.47125
0.48086
0.49057
0.5004
0.51036
0.52047
0.53075
0.5412
0.55005
0.56085
0.57001
0.58118
0.59066
0.60029
0.61008
0.62004
0.63017
0.64047
0.65094
0.6616
0.67027
0.68126
0.6902
0.70156
0.71079
0.72015
0.73205
0.74172
0.75153
0.76149
0.77159
0.78185
0.79225
0.80016
0.81084
0.82168
0.83269
0.84105
0.85235
0.86094
0.87254
0.88136
0.89028
0.90233
0.91149
0.92076
0.93014
0.94281
0.95244
0.96219
0.97205
0.98202
0.99211
1.0023
0
0
0
0
0.011521
0.021059
0.030686
0.042346
0.052404
0.060073
0.073215
0.082972
0.094353
0.10076
0.11387
0.1214
0.13665
0.14459
0.15287
0.16078
0.17657
0.18486
0.19304
0.2009
0.21726
0.22574
0.23376
0.24187
0.25021
0.26699
0.27529
0.28371
0.29236
0.30118
0.31843
0.32718
0.33606
0.34504
0.35404
0.36299
0.37116
0.38598
0.39289
0.40505
0.41005
0.42356
0.43264
0.44252
0.45235
0.46221
0.47005
0.48053
0.49013
0.5006
0.51044
0.52042
0.53062
0.5404
0.55044
0.56004
0.57058
0.58067
0.59026
0.60009
0.61015
0.62045
0.63017
0.64011
0.65027
0.66066
0.67039
0.68033
0.69047
0.7008
0.71036
0.72009
0.73099
0.74005
0.75028
0
0
0
0.010584
0.021085
0.030956
0.040458
0.050083
0.061039
0.071757
0.080404
0.090455
0.10143
0.11328
0.12209
0.13059
0.14464
0.15395
0.16257
0.17171
0.1821
0.19284
0.20457
0.21055
0.22253
0.23404
0.24012
0.25154
0.26315
0.27461
0.28039
0.29149
0.30274
0.31314
0.32266
0.33092
0.34411
0.35234
0.36313
0.37029
0.38085
0.39078
0.40076
0.412
0.42049
0.4305
0.44061
0.45026
0.46023
0.47032
0.48019
0.49053
0.50028
0.51005
0.52044
0.5303
0.54026
0.55036
0.56001
0.57045
0.58044
0.5906
0.60033
0.6103
0.62053
0.6303
0.64028
0.65047
0.66009
0.67063
0.68059
0.69071
0.7002
0.71065
0.72044
0.73039
0.7405
0.75078
0.76034
0.77005
0.7808
0.79081
0.80004
0.81033
0.82079
0.83041
0.84012
0.85093
0.8609
0.871
0.88021
0.89058
0.90004
0.91069
0.92041
0.93025
0.94023
0.95033
0.96058
0.97096
0.9803
0.99095
1.0005
0
0.010678
0.020173
0.031465
0.040045
0.05031
0.061317
0.070744
0.081124
0.090737
0.10122
0.11244
0.12182
0.13095
0.14072
0.15115
0.16048
0.17006
0.18112
0.19256
0.20091
0.21365
0.22213
0.2304
0.24309
0.25118
0.26366
0.27186
0.28009
0.29204
0.30004
0.31155
0.32178
0.33074
0.34011
0.35218
0.36012
0.37017
0.38032
0.39119
0.4001
0.41002
0.42057
0.43032
0.44027
0.45026
0.46011
0.47032
0.48028
0.49014
0.50038
0.51023
0.52012
0.53005
0.54009
0.55025
0.56015
0.57022
0.58001
0.59043
0.60014
0.61009
0.6203
0.63025
0.64043
0.65029
0.66033
0.67001
0.6804
0.69041
0.7
0.71033
0.72024
0.7303
0.74054
0.75032
0.76026
0.77035
0.78059
0.79034
0.80024
0.81027
0.82046
0.83009
0.84056
0.85047
0.86051
0.87069
0.88027
0.89073
0.90057
0.91055
0.92066
0.93012
0.9405
0.9502
0.96004
0.97083
0.98008
0.9903
1.0007
0
0.010611
0.020445
0.030161
0.041747
0.050012
0.060816
0.074445
0.08444
0.090246
0.10253
0.11596
0.12347
0.13049
0.14626
0.15388
0.16104
0.17669
0.18534
0.19454
0.20409
0.21434
0.22417
0.23378
0.24412
0.25359
0.26317
0.27266
0.28232
0.29129
0.30065
0.31741
0.32506
0.33184
0.34641
0.35313
0.36489
0.37103
0.38221
0.39018
0.40263
0.41341
0.42059
0.43106
0.44008
0.4502
0.46046
0.4703
0.48091
0.49048
0.50004
0.51058
0.5202
0.53085
0.54064
0.55057
0.56065
0.57091
0.5803
0.5909
0.60067
0.61067
0.62093
0.63025
0.64096
0.65068
0.66057
0.67062
0.68084
0.69124
0.70047
0.7112
0.72073
0.73042
0.74025
0.75024
0.76038
0.77068
0.78115
0.79026
0.80102
0.81038
0.82146
0.8311
0.84086
0.85075
0.86077
0.87093
0.88123
0.89168
0.9005
0.91122
0.92028
0.9313
0.94059
0.95001
0.96147
0.97115
0.98094
0.99086
1.0009
0
0.012892
0.02345
0.035805
0.042805
0.050435
0.067663
0.077054
0.08692
0.097328
0.10854
0.1204
0.13305
0.14653
0.16081
0.17614
0.19202
0.20838
0.22497
0.2409
0.25845
0.27474
0.28966
0.30358
0.31775
0.3306
0.34241
0.35383
0.36445
0.3739
0.38307
0.39265
0.39992
0.40695
0.41356
0.4195
0.42443
0.42842
0.43237
0.43544
0.43728
0.43901
0.4407
0.44237
0.44401
0.4505
0.46009
0.47125
0.48086
0.49057
0.5004
0.51036
0.52047
0.53075
0.5412
0.55005
0.56085
0.57001
0.58118
0.59066
0.60029
0.61008
0.62004
0.63017
0.64047
0.65094
0.6616
0.67027
0.68126
0.6902
0.70156
0.71079
0.72015
0.73205
0.74172
0.75153
0.76149
0.77159
0.78185
0.79225
0.80016
0.81084
0.82168
0.83269
0.84105
0.85235
0.86094
0.87254
0.88136
0.89028
0.90233
0.91149
0.92076
0.93014
0.94281
0.95244
0.96219
0.97205
0.98202
0.99211
1.0023
0
0.012892
0.02345
0.035805
0.042805
0.050435
0.067663
0.077054
0.08692
0.097328
0.10854
0.1204
0.13305
0.14653
0.16081
0.17614
0.19202
0.20838
0.22497
0.2409
0.25845
0.27474
0.28966
0.30358
0.31775
0.3306
0.34241
0.35383
0.36445
0.3739
0.38307
0.39265
0.39992
0.40695
0.41356
0.4195
0.42443
0.42842
0.43237
0.43544
0.43728
0.43901
0.4407
0.44237
0.44401
0.4505
0
0.010346
0.020202
0.030083
0.040663
0.050162
0.060411
0.070345
0.081397
0.091089
0.10097
0.11086
0.12068
0.13013
0.14034
0.15031
0.16047
0
0.010346
0.020202
0.030083
0.040663
0.050162
0.060411
0.070345
0.081397
0.091089
0.10097
0.11086
0.12068
0.13013
0.14034
0.15031
0.16047
0.17107
0.18109
0.19104
0.20043
0.21062
0.22035
0.23085
0.2405
0.25066
0.26132
0.27064
0.28119
0.29118
0.3013
0.31025
0.32112
0.33034
0.34098
0.35008
0.36071
0.37139
0.38061
0.39045
0.40009
0.41006
0.42051
0.43008
0.44032
0.45005
0.46017
0.47011
0.48028
0.49008
0.50026
0.51019
0.52006
0.53026
0.54018
0.55011
0.56029
0.57004
0.58001
0.59018
0.60021
0.61008
0.62013
0.63001
0.64011
0.65004
0.66015
0.67039
0.68041
0.69021
0.7002
0.71037
0.72026
0.7303
0.74003
0.75039
0.76043
0.77013
0.78047
0.79047
0.80012
0.81044
0.82037
0.83042
0.84005
0.85037
0.86028
0.87035
0.88057
0.89038
0.90033
0.91042
0.92005
0.93041
0.94028
0.95027
0.96038
0.97061
0.9803
0.99011
1
0
0
0
0
0.011132
0.020001
0.031153
0.044358
0.053767
0.064552
0.070161
0.081806
0.094928
0.1015
0.11578
0.1234
0.13118
0.14759
0.1564
0.16535
0.17464
0.18411
0.19373
0.20381
0.21322
0.22333
0.23257
0.24239
0.25179
0.26108
0.27005
0.28843
0.29684
0.30558
0.31333
0.32138
0.33597
0.34266
0.35654
0.36265
0.37363
0.38482
0.39007
0.40199
0.41236
0.42145
0.43009
0.44039
0.45011
0.46064
0.47019
0.48075
0
0.011023
0.020162
0.031451
0.040339
0.050744
0.061809
0.071618
0.081646
0.090039
0.10152
0.11054
0.12021
0.13029
0.14066
0.15161
0.16314
0.17113
0.18319
0.19136
0.20412
0.21223
0.22085
0.23297
0.24139
0.25346
0.26159
0.27305
0.28094
0.29236
0.30334
0.31002
0.32037
0.33287
0.34176
0.35042
0.36182
0.37135
0.38084
0.39001
0.4003
0.41036
0.42093
0.43013
0.44003
0.4501
0.46037
0.4702
0.48005
0.4904
0.50002
0
0.011023
0.020162
0.031451
0.040339
0.050744
0.061809
0.071618
0.081646
0.090039
0.10152
0.11054
0.12021
0.13029
0.14066
0.15161
0
0
0.010466
0.020183
0.030339
0.041373
0.051105
0.061154
0.070329
0.080778
0.092484
0.10063
0.11175
0.12135
0.13109
0.14113
0.15175
0
0
0.010285
0.020222
0.030096
0.040293
0.050885
0.060382
0.070337
0.081118
0.090632
0.1002
0.11045
0.1212
0.13145
0.14044
0.15097
0
0.010289
0.020009
0.030881
0.04084
0.050428
0.06038
0.070313
0.080883
0.090451
0.10146
0.11062
0.12107
0.13155
0.14234
0.15017
0.16192
0.17158
0.18054
0.19116
0.20183
0.21054
0.22168
0.23079
0.24006
0.2519
0.2616
0.2715
0.28165
0.29201
0.30264
0.3109
0.32204
0.33028
0.34104
0.35147
0.36169
0.3718
0.38188
0.39198
0.40213
0.41238
0.42014
0.4306
0.44121
0.45196
0.46012
0.47112
0.48224
0.49067
0.50203
0
0.011646
0.022082
0.032775
0.043144
0.051609
0.061831
0.074474
0.081854
0.090335
0.10045
0.11184
0.12495
0.13852
0.15169
0.16505
0.17868
0.19186
0.20547
0.21865
0.23198
0.24568
0.25884
0.27238
0.28557
0.29885
0.31254
0.32567
0.33912
0.35243
0.36566
0.37927
0.39251
0.40596
0.41977
0.43365
0.44252
0.44998
0.45562
0.45954
0.46263
0.46522
0.46753
0.46957
0.47147
0.47319
0.47481
0.47636
0.48054
0.49066
0.50055
0
0.010327
0.021131
0.030764
0.043431
0.051704
0.061824
0.074403
0.082316
0.091204
0.10151
0.11293
0.1255
0.13894
0.1529
0.16624
0.17994
0.19333
0.20678
0.22067
0.23397
0.24759
0.26098
0.27436
0.28815
0.30142
0.31495
0.32839
0.3417
0.35539
0.36861
0.38203
0.39563
0.40885
0.42243
0.43569
0.44902
0.45668
0.4609
0.46407
0.46671
0.46897
0.47098
0.47281
0.47449
0.47606
0.47755
0.47894
0.48028
0.49047
0.50038
0
0
0.010363
0.020096
0.030816
0.040648
0.050776
0.060366
0.070103
0.080101
0.090409
0.10021
0.11034
0.12026
0.13002
0.1401
0.15043
0.16067
0.17041
0.18046
0.1906
0.20044
0.21083
0.22006
0.23077
0.24056
0.25035
0.2601
0.27052
0.28005
0.29035
0.30002
0.31045
0.32001
0.33027
0.34001
0.35046
0.3601
0.37017
0.38031
0.39029
0.40026
0.41027
0.42027
0.43028
0.44018
0.4502
0
0.010114
0.02049
0.030159
0.040195
0.050908
0.061448
0.071028
0.080548
0.090302
0.10181
0.11019
0.12065
0.1303
0.14212
0.15195
0
0.010946
0.020032
0.031298
0.041446
0.050113
0.062515
0.072746
0.083501
0.091523
0.10351
0.11203
0.12111
0.13055
0.14024
0.15042
0.16112
0
0.010946
0.020032
0.031298
0.041446
0.050113
0.062515
0.072746
0.083501
0.091523
0.10351
0.11203
0.12111
0.13055
0.14024
0.15042
0.16112
0.17222
0.18351
0.19499
0.2011
0.21252
0.22459
0.23013
0.24186
0.25308
0.26453
0.27509
0.28069
0.29151
0.30185
0.31128
0.32089
0.33393
0.34228
0.35037
0.36226
0.37221
0.38232
0.39154
0.40098
0.41031
0.42066
0.43021
0.44022
0.45018
0.46053
0
0.011132
0.020001
0.031153
0.044358
0.053767
0.064552
0.070161
0.081806
0.094928
0.1015
0.11578
0.1234
0.13118
0.14759
0.1564
0.16535
0.17464
0.18411
0.19373
0.20381
0.21322
0.22333
0.23257
0.24239
0.25179
0.26108
0.27005
0.28843
0.29684
0.30558
0.31333
0.32138
0.33597
0.34266
0.35654
0.36265
0.37363
0.38482
0.39007
0.402
0.41237
0.42145
0.43009
0.44039
0.45011
0.46064
0
0.011023
0.020162
0.031451
0.040339
0.050744
0.061809
0.071618
0.081646
0.090039
0.10152
0.11054
0.12021
0.13029
0.14066
0.15161
0.16314
0.17113
0.18319
0.19136
0.20412
0.21223
0.22085
0.23297
0.24139
0.25346
0.26159
0.27305
0.28094
0.29236
0.30334
0.31002
0.32038
0.33287
0.34176
0.35042
0.36182
0.37136
0.38085
0.39001
0.4003
0.41036
0.42094
0.43013
0.44003
0.4501
0.46037
0
0.010436
0.023893
0.039404
0.057607
0.078447
0.10194
0.12946
0.16236
0.2009
0.24548
0.29517
0.35847
0.43893
0.5486
0
0.01291
0.023476
0.035696
0.042671
0.050297
0.067592
0.076983
0.086766
0.097152
0.1084
0.12027
0.13292
0.14649
0.16083
0.17612
0.19198
0.20822
0.22461
0.24043
0.25801
0.27477
0.29007
0.30435
0.3184
0.33118
0.343
0.35436
0.36497
0.37445
0.38357
0.39331
0.40074
0.40765
0.41429
0.42014
0.42508
0.42906
0.43301
0.43599
0.43782
0.43954
0.44123
0.4429
0.44455
0.45103
0.46062
0
0.010349
0.020582
0.030526
0.04026
0.050678
0.060402
0.071268
0.080964
0.090257
0.10145
0.11149
0.12047
0.13171
0.14136
0.15152
0.16007
0.17104
0.18217
0.19123
0.20073
0.21209
0.22168
0.2306
0.24227
0.25121
0.26008
0.27087
0.28175
0.29027
0.30048
0.31182
0.32139
0.33014
0.34015
0.35142
0.3609
0.3703
0.38078
0.39085
0.40029
0.41053
0.42007
0.43019
0.44024
0.45004
0.46009
0
0.011926
0.02078
0.031762
0.040662
0.050905
0.062987
0.076949
0.084996
0.093656
0.10357
0.11434
0.12643
0.13926
0.15165
0.16444
0.17712
0.18989
0.20324
0.2161
0.22927
0.24265
0.25595
0.26961
0.2834
0.29737
0.31139
0.32562
0.34
0.35456
0.36839
0.38066
0.39036
0.39901
0.40696
0.41459
0.42087
0.42613
0.43084
0.43535
0.43952
0.44366
0.44769
0.45164
0.45488
0.45739
0.46164
0
0.011521
0.021059
0.030686
0.042346
0.052404
0.060073
0.073215
0.082972
0.094353
0.10076
0.11387
0.1214
0.13665
0.14459
0.15287
0.16078
0.17657
0.18486
0.19304
0.2009
0.21726
0.22574
0.23376
0.24187
0.25021
0.26699
0.27529
0.28371
0.29236
0.30118
0.31843
0.32718
0.33606
0.34504
0.35404
0.36299
0.37116
0.38598
0.39289
0.40505
0.41005
0.42356
0.43264
0.44252
0.45235
0.46221
0
0.01073
0.021113
0.031224
0.041682
0.051471
0.060812
0.071161
0.082907
0.093033
0.10065
0.11235
0.1214
0.13051
0.14466
0.15455
0.16387
0.17336
0.18334
0.19313
0.20259
0.21246
0.22264
0.23231
0.24213
0.2522
0.26235
0.27227
0.2824
0.29282
0.30328
0.31363
0.32409
0.33466
0.3454
0.35081
0.36157
0.37135
0.38008
0.39273
0.40032
0.41228
0.42035
0.43115
0.44131
0.45027
0.46056
0
0.010466
0.020183
0.030337
0.04137
0.051102
0.061149
0.070321
0.080767
0.092468
0.10061
0.11173
0.12132
0.13107
0.14112
0.15175
0.16183
0.17194
0.18259
0.19305
0.20323
0.21029
0.22113
0.23153
0.24206
0.25289
0.26018
0.27079
0.28163
0.2928
0.30027
0.31138
0.32256
0.33016
0.34162
0.35316
0.36084
0.3713
0.38066
0.39267
0.40058
0.41123
0.42085
0.43055
0.44077
0.45039
0.4609
0
0.013227
0.020994
0.039645
0.05087
0.064201
0.080507
0.10094
0.12423
0.14847
0.17232
0.1962
0.22176
0.24686
0.2721
0.29819
0.32469
0.35302
0.38073
0.40961
0.43292
0.4487
0.46081
0.47232
0.47951
0.48494
0.48966
0.49366
0.49691
0.4995
0.50225
0.50435
0.50652
0.50868
0.51083
0.51299
0.51516
0.51733
0.51952
0.52171
0.52392
0.52614
0.52837
0.53061
0.53286
0.53512
0.53739
0.53966
0.54194
0.54423
0.54653
0.54883
0.55113
0.55345
0.55577
0.55809
0.56042
0.57216
0.58165
0.59123
0.60091
0.61069
0.62057
0.63058
0.64073
0.65103
0.66149
0.67212
0.68023
0.69121
0.70241
0.71096
0.72256
0.73143
0.74043
0.75268
0.76204
0.77155
0.78122
0.79105
0.80105
0.8112
0.82153
0.83202
0.84268
0.85351
0.86082
0.87194
0.88323
0.89085
0.90243
0.91025
0.92214
0.93016
0.94234
0.95057
0.96307
0.97151
0.98004
0.99299
1.0017
0
0.011926
0.02078
0.031762
0.040662
0.050905
0.062987
0.076949
0.084996
0.093656
0.10357
0.11434
0.12643
0.13926
0.15165
0.16444
0.17712
0.18989
0.20324
0.2161
0.22927
0.24265
0.25595
0.26961
0.2834
0.29737
0.31139
0.32562
0.34
0.35456
0.36839
0.38066
0.39036
0.39901
0.40696
0.41459
0.42087
0.42613
0.43084
0.43535
0.43952
0.44366
0.44769
0.45164
0.45488
0.45739
0.46164
0.47046
0.48007
0.49033
0.50057
0.51095
0.52046
0.53015
0.54006
0.55019
0.56057
0.57001
0.58088
0.59079
0.60092
0.61128
0.62055
0.63001
0.64106
0.65094
0.66103
0.67133
0.68033
0.69103
0.70038
0.7115
0.72121
0.73109
0.74114
0.75137
0.76003
0.77058
0.78131
0.79039
0.80146
0.81082
0.82032
0.83189
0.84167
0.8516
0.86166
0.87185
0.88011
0.89057
0.90117
0.91192
0.92062
0.93165
0.94058
0.95189
0.96105
0.97031
0.98205
0.99155
1.0012
0
0.011521
0.021059
0.030686
0.042346
0.052404
0.060073
0.073215
0.082972
0.094353
0.10076
0.11387
0.1214
0.13665
0.14459
0.15287
0.16078
0.17657
0.18486
0.19304
0.2009
0.21726
0.22574
0.23376
0.24187
0.25021
0.26699
0.27529
0.28371
0.29236
0.30118
0.31843
0.32718
0.33606
0.34504
0.35404
0.36299
0.37116
0.38598
0.39289
0.40505
0.41005
0.42356
0.43264
0.44252
0.45235
0.46221
0.47005
0.48053
0.49013
0.5006
0.51044
0.52042
0.53062
0.5404
0.55044
0.56004
0.57058
0.58067
0.59026
0.60009
0.61015
0.62045
0.63017
0.64011
0.65027
0.66066
0.67039
0.68033
0.69047
0.7008
0.71036
0.72009
0.73099
0.74005
0.75028
0.76069
0.77024
0.78106
0.79098
0.80108
0.81019
0.82058
0.83114
0.84066
0.85031
0.86009
0.87124
0.88002
0.89018
0.90046
0.9109
0.92013
0.93079
0.94024
0.95115
0.96081
0.97058
0.98046
0.99046
1.0006
0
0.010946
0.020032
0.031298
0.041446
0.050113
0.062515
0.072746
0.083501
0.091523
0.10351
0.11203
0.12111
0.13055
0.14024
0.15042
0.16112
0.17222
0.18351
0.19499
0.2011
0.21252
0.22459
0.23013
0.24186
0.25308
0.26453
0.27509
0.28069
0.29151
0.30185
0.31128
0.32089
0.33393
0.34228
0.35037
0.36226
0.37221
0.38232
0.39154
0.40098
0.41031
0.42066
0.43021
0.44022
0.45018
0.46053
0.47028
0.48006
0.4905
0.50046
0.51053
0.52013
0.53044
0.54028
0.55026
0.5604
0.57005
0.58051
0.59046
0.60056
0.61012
0.62052
0.63039
0.6404
0.65057
0.66014
0.6706
0.68046
0.69047
0.70062
0.71011
0.72053
0.73028
0.74017
0.7502
0.76039
0.77071
0.78031
0.79004
0.80081
0.81082
0.82005
0.83033
0.84071
0.85024
0.86087
0.87065
0.88056
0.89059
0.90074
0.91103
0.9204
0.93094
0.94054
0.95026
0.96008
0.97002
0.98008
0.99026
1.0006
0
0.010436
0.023893
0.039404
0.057607
0.078447
0.10194
0.12946
0.16236
0.2009
0.24548
0.29517
0.35847
0.43893
0.5486
0.69274
0.89558
1.1764
0
0.01291
0.023476
0.035696
0.042671
0.050297
0.067592
0.076983
0.086766
0.097152
0.1084
0.12027
0.13292
0.14649
0.16083
0.17612
0.19198
0.20822
0.22461
0.24043
0.25801
0.27477
0.29007
0.30435
0.3184
0.33118
0.343
0.35436
0.36497
0.37445
0.38357
0.39331
0.40074
0.40765
0.41429
0.42014
0.42508
0.42906
0.43301
0.43599
0.43782
0.43954
0.44123
0.4429
0.44455
0.45103
0.46062
0.47018
0.48139
0.4911
0.50092
0.51088
0.521
0.53127
0.54172
0.55057
0.56137
0.57053
0.5817
0.59118
0.60081
0.61061
0.62057
0.63069
0.641
0.65148
0.66214
0.67081
0.68182
0.69077
0.70213
0.71138
0.72075
0.73026
0.74235
0.75217
0.76215
0.77227
0.78254
0.79034
0.80088
0.81158
0.82244
0.83069
0.84184
0.85031
0.86176
0.87046
0.88222
0.89115
0.90019
0.91241
0.92169
0.93109
0.94059
0.9502
0.9632
0.97308
0.98307
0.99319
1.0034
0
0.011132
0.020001
0.031153
0
0.011132
0.020001
0.031153
0.044358
0.053767
0.064552
0.070161
0.081806
0.094928
0.1015
0.11578
0.1234
0.13118
0.14759
0.1564
0.16535
0.17464
0.18411
0.19373
0.20381
0.21322
0.22333
0.23257
0.24239
0.25179
0.26108
0.27005
0.28843
0.29684
0.30558
0.31333
0.32138
0.33597
0.34266
0.35654
0.36265
0.37363
0.38482
0.39007
0.402
0.41237
0.42145
0.43009
0.44039
0.45011
0.46064
0.4702
0.48076
0.49044
0.50021
0.5101
0.52011
0.53025
0.54052
0.55095
0.5605
0.57018
0.58109
0.59108
0.60008
0.61035
0.62079
0.63021
0.64098
0.6507
0.66055
0.67055
0.6807
0.69101
0.70011
0.71068
0.72005
0.73091
0.74054
0.75033
0.76023
0.77029
0.7805
0.79083
0.80132
0.81044
0.82124
0.83062
0.84012
0.85133
0.86106
0.8709
0.88088
0.891
0.90126
0.91162
0.92035
0.93094
0.94169
0.95076
0.96179
0.97109
0.98049
0.99
1.0015
0
0.011132
0.020001
0.031153
0.044358
0.053767
0.064552
0.070161
0.081806
0.094928
0.1015
0.11578
0.1234
0.13118
0.14759
0.1564
0.16535
0.17464
0.18411
0.19373
0.20381
0.21322
0.22333
0.23257
0.24239
0.25179
0.26108
0.27005
0.28843
0.29684
0.30558
0.31333
0.32138
0.33597
0.34266
0.35654
0.36265
0.37363
0.38482
0.39007
0.402
0.41237
0.42145
0
0
0.011132
0.020001
0.031153
0.044358
0.053767
0.064552
0.070161
0.081806
0.094928
0.1015
0.11578
0.1234
0.13118
0.14759
0.1564
0.16535
0.17464
0.18411
0.19373
0.20381
0.21322
0.22333
0.23257
0.24239
0.25179
0.26108
0.27005
0.28843
0.29684
0.30558
0.31333
0.32138
0.33597
0.34266
0.35654
0.36265
0.37363
0.38482
0.39007
0.402
0.41237
0.42145
0.43009
0.44039
0.45011
0
0
0
0
0
0
0
0
0.010095
0.020337
0.030354
0.040117
0.050312
0.060005
0.070002
0
0.010935
0.02059
0.031346
0.040594
0.05063
0.060063
0.070015
0.080019
0.090145
0.10004
0.11009
0.1205
0.13058
0.14126
0.15015
0.16035
0.17191
0.18171
0.19163
0.20115
0.21055
0.22035
0.23021
0.24014
0.25089
0.26028
0.27026
0.28011
0.29004
0
0
0.011787
0.021317
0.03115
0.041199
0.050592
0.060039
0.070169
0.080342
0.090124
0.10053
0.1107
0.12062
0.13199
0.14031
0.15347
0.16116
0.17369
0.18252
0.1915
0.20011
0.21262
0.22151
0.23213
0.24189
0.25129
0.26069
0.27133
0.28042
0.29004
0.30007
0.31023
0.32008
0.33007
0.34025
0.35022
0.36
0.37034
0.38004
0.39082
0.40004
0.41009
0.42032
0.43026
0.44025
0.45014
0.46001
0.47019
0.48049
0.49047
0.50003
0.51041
0.52056
0.53049
0.54036
0.55063
0.5608
0.57021
0.58066
0.59008
0.60049
0.61072
0.62063
0.63103
0.64037
0.65031
0.66045
0.67043
0.68077
0.69024
0.701
0.71087
0.72112
0.73075
0.74008
0.75012
0.76049
0.7707
0.78001
0.79007
0.80006
0.81007
0.82035
0.83024
0.8403
0.85006
0.86008
0.87018
0.88021
0.89011
0.90004
0.91014
0.92001
0.93003
0.94003
0.95005
0.96005
0.97013
0.98013
0.99005
1.0001
0
0
0
0.011303
0.021572
0.030078
0.0417
0.052375
0.0611
0.070599
0.080234
0.091167
0.10226
0.11008
0.12264
0.1314
0.1404
0.15472
0.16473
0.17504
0.18022
0.19081
0.20185
0.2124
0.22365
0.23404
0.24507
0.25026
0.26056
0.2706
0.28072
0.29075
0.30023
0.31351
0.32247
0.33064
0.34222
0.35378
0.36096
0.37034
0.38264
0.39122
0.40223
0.41071
0.42033
0.43009
0.44053
0.45029
0.46041
0.47049
0.48008
0.49028
0.50004
0.51046
0.52045
0.53
0.54024
0.55006
0.56002
0.57016
0.58044
0.59026
0.60023
0.61034
0.62062
0.6304
0.64034
0.65042
0.66065
0.67034
0.68017
0.69014
0.70025
0.71049
0.72008
0.73055
0.74041
0.75042
0.76057
0.77007
0.78051
0.79028
0.80018
0.81022
0.8204
0.83073
0.84032
0.85003
0.86076
0.87073
0.88083
0.89013
0.90047
0.91096
0.9206
0.93037
0.94025
0.95025
0.96037
0.97061
0.98097
0.9904
1.001
0
0.01018
0.020612
0.030655
0.040158
0.050284
0.060151
0.07007
0.080024
0.090013
0.10005
0.11008
0.1201
0.13001
0.14009
0.15009
0.16008
0.17013
0.18014
0.19002
0.2001
0.21011
0.22023
0.23012
0.24025
0.25002
0.26025
0.27032
0.28015
0.29004
0.30031
0.31024
0.32014
0.33038
0.34014
0.35022
0.36018
0.37044
0.38008
0.39046
0.40016
0.41012
0.42033
0.43028
0.44048
0.45037
0.4605
0.47028
0.48028
0.4905
0.50032
0
0.010149
0.021979
0.031257
0.041211
0.051361
0.061042
0.070209
0.080132
0.090044
0.10021
0.11017
0.12002
0.13001
0.14047
0.15035
0.16048
0.17021
0.18061
0.19039
0.20006
0.21028
0.22028
0.23082
0.24016
0.25083
0.26011
0.27074
0.28081
0.29022
0.30106
0
0.010056
0.020337
0
0.014297
0.026327
0.030688
0.041393
0.052084
0.062062
0.072657
0.083868
0.095282
0.10152
0.11097
0.1231
0.13558
0.1408
0.15266
0.16264
0
0.014297
0.026327
0.030688
0.041393
0.052084
0.062062
0.072657
0.083868
0.095282
0.10152
0.11097
0.1231
0.13558
0.1408
0.15266
0.16264
0
0.010056
0.020337
0
0.010056
0.020337
0.030188
0.040638
0.051507
0.060251
0.070145
0.080064
0.090144
0.10006
0.1102
0.12019
0.13018
0.14002
0.15033
0.16024
0.17029
0.18035
0.19031
0.20008
0.21005
0.22058
0.23054
0.24035
0.25053
0.26053
0.27023
0.28032
0.29078
0.30002
0
0.010187
0.020254
0
0.010056
0.020337
0.030188
0
0.010056
0
0.010056
0
0
0
0
0
0
0.010192
0.020119
0.030054
0.040164
0.050028
0.06013
0
0.010152
0.020315
0.030125
0.04005
0.050094
0.060243
0.070001
0.080023
0.090129
0.10001
0.11008
0.12007
0.13016
0.14014
0.15017
0.16002
0.17
0.18006
0.19003
0.20007
0.21019
0.22005
0.23018
0.24021
0.25018
0.26006
0.27005
0.28002
0.29033
0.30003
0
0.014297
0.026327
0.030688
0.041393
0.052088
0.06238
0.073052
0.084259
0.095476
0.10167
0.1146
0.12065
0.13323
0.14222
0.1536
0.16146
0.17085
0.18089
0.19179
0.20184
0.21195
0.22063
0.23125
0.2431
0.25651
0.26396
0.2719
0.28557
0.29356
0.30314
0.31325
0.32384
0.33494
0.34498
0.35473
0.36388
0.3733
0.38173
0.39461
0.40499
0.41004
0.42033
0.43038
0.44137
0.45078
0.46109
0.47089
0.48173
0.4902
0.50085
0.51028
0.52088
0.53018
0.54153
0.55067
0.56158
0.57118
0.58087
0.5904
0.60009
0.61032
0.62057
0.6309
0.64112
0.65028
0.6608
0.67134
0.68183
0.69139
0.7007
0.71156
0.72079
0.73154
0.74188
0.75106
0.76126
0.77045
0.78135
0.79152
0.80166
0.81037
0.82199
0.83102
0.84127
0.85132
0.86162
0.87158
0.88183
0.89116
0.9001
0.91048
0.921
0.93193
0.94163
0.95032
0.96235
0.97186
0.98057
0.99263
1.0006
0
0.010033
0
0.010102
0.020208
0.031323
0.041218
0.05058
0.061706
0.070901
0.08182
0.091192
0.10112
0.11145
0.12028
0.13232
0.14047
0.15126
0.16071
0.1718
0.18222
0.19038
0.20001
0.21008
0.22007
0.23002
0.24218
0.25073
0.26
0.27049
0.28134
0.29046
0.3005
0.31059
0.32078
0.33
0.34149
0.35246
0.36303
0.3706
0.38166
0.39281
0.40156
0.41048
0.42227
0.43209
0.44203
0.45209
0.46125
0.47286
0.48011
0.49044
0.50021
0.5123
0.5213
0.53063
0.54252
0.55137
0.56096
0.57037
0.58023
0.5901
0.6004
0.61037
0.6205
0.63036
0.64007
0.65035
0.66059
0.67017
0.68038
0.69058
0.70015
0.71039
0.72001
0.73031
0.74002
0.75043
0.76027
0.77019
0.78022
0.79036
0.80062
0.8103
0.82007
0.83064
0.84009
0.85013
0.86031
0.87045
0.88028
0.89052
0.90004
0.91008
0.92004
0.93011
0.94013
0.9504
0.96003
0.97025
0.98026
0.99028
1.0004
0
0
0.013694
0.025051
0.031721
0.047075
0.055216
0.064434
0.074199
0.084654
0.095877
0.10738
0.11938
0.13245
0.14613
0.16043
0.17567
0.19161
0.208
0.22497
0.24264
0.26092
0.28068
0.30055
0.31895
0.34059
0.36036
0.37813
0.39651
0.41416
0.42963
0.44426
0.45822
0.47143
0.48433
0.49546
0.50668
0.5171
0.5289
0.53714
0.54525
0.55269
0.56037
0.56715
0.57287
0.57752
0.58213
0.58673
0.59008
0.5925
0.5948
0.59704
0.59924
0.60141
0.60354
0.60566
0.60775
0.60982
0.61188
0.61393
0.61597
0.61799
0.62001
0.62202
0.63196
0.6418
0.65156
0.6613
0.67102
0.68076
0.69052
0.70031
0.71016
0.72006
0.73002
0.74005
0.75016
0.76035
0.77064
0.78101
0.79149
0.80208
0.81062
0.82141
0.83012
0.84113
0.85002
0.86126
0.87035
0.88184
0.89113
0.90053
0.91001
0.92202
0.93174
0.94157
0.9515
0.96155
0.97172
0.982
0.99241
1.0003
0
0.010007
0.020227
0.030079
0.040024
0.050099
0.060355
0.071021
0.080104
0.091072
0.10215
0.11085
0.12208
0.13074
0.14034
0.15328
0.16059
0.17248
0.1809
0.19432
0.20373
0.21311
0.2225
0.23184
0.24114
0.25043
0.26432
0.27359
0.28279
0.29193
0.30096
0.31013
0.32389
0.33301
0.34197
0.35084
0.36452
0.37361
0.38269
0.39169
0.40059
0.41421
0.42325
0.4323
0.44133
0.45027
0.46384
0.47284
0.48187
0.49087
0.50435
0.51335
0.52232
0.53133
0.54031
0.55379
0.56276
0.57171
0.58069
0.59415
0.60314
0.6121
0.62104
0.63447
0.64346
0.65244
0.66135
0.67027
0.68333
0.69042
0.70253
0.71097
0.72156
0.73014
0.7405
0.75011
0.76011
0.77
0.78004
0.79028
0.80029
0.8102
0.82005
0.83009
0
0.01002
0.020108
0.03044
0.040163
0.050339
0.060428
0.070527
0.080608
0.090664
0.10003
0.11
0.12002
0.13005
0.14004
0.15
0.16003
0.17003
0.18008
0.1901
0.20003
0.21003
0.22006
0.23006
0.24
0.2501
0.26006
0.27013
0.28013
0.29002
0.3001
0.31003
0.32011
0.33015
0.34014
0.35005
0.36006
0
0.01002
0.020108
0.03044
0.040163
0.050339
0.060428
0.070527
0.080608
0.090664
0.10003
0.11
0.12002
0.13005
0.14004
0.15
0.16003
0.17003
0.18008
0.1901
0.20003
0.21003
0.22006
0.23006
0.24
0.2501
0.26006
0.27013
0.28013
0.29002
0.3001
0
0.01002
0.020108
0.03044
0.040163
0.050339
0.060428
0.070527
0.080608
0.090664
0.10003
0.11
0.12002
0.13005
0.14004
0.15
0.16003
0.17003
0.18008
0.1901
0.20003
0.21003
0.22006
0.23006
0.24
0.2501
0.26006
0.27013
0.28013
0.29002
0.3001
0
0.010145
0.020096
0.030132
0.040183
0.050091
0.060227
0.070032
0.080065
0.090246
0.10003
0.11029
0.12024
0.13031
0.14003
0.15026
0.1601
0.17044
0.18038
0.19035
0.20036
0.2104
0.22001
0.2301
0.24023
0.25038
0.26009
0.27028
0.28003
0.29027
0.30005
0
0
0
0
0.011456
0.023494
0.031713
0.040557
0.050258
0.065547
0.071408
0.082395
0.094106
0.10445
0.11021
0.12472
0.13225
0.14011
0.15592
0.16242
0.17617
0.18381
0.19144
0.20512
0.21209
0.22717
0.23406
0.24115
0.25489
0.26261
0.27614
0.283
0.29042
0.30724
0.31617
0.32484
0.33258
0.34728
0.35579
0.36355
0.37076
0.38092
0.39058
0.40065
0.41017
0.42455
0.43494
0.44392
0.45162
0.46263
0.47151
0.48193
0.49099
0.50018
0.51005
0.52067
0.5307
0.54042
0.55114
0.56057
0.57106
0.58034
0.59075
0.60001
0.61044
0.62089
0.63019
0.64066
0.65116
0.66051
0.67106
0.68046
0.69109
0.70058
0.71012
0.72091
0.73055
0.74025
0.75122
0.76104
0.77095
0.78095
0.79107
0.8
0.81031
0.82069
0.83117
0.84041
0.85108
0.8605
0.87135
0.88092
0.89059
0.90033
0.91018
0.92014
0.9302
0.94037
0.95065
0.96106
0.97007
0.98069
0.99143
1.0007
0
0
0.010459
0.020171
0.030638
0.040274
0.050125
0.060591
0.070055
0.08
0.090033
0.10009
0.11003
0.12005
0.13003
0.14019
0.15012
0.16016
0.17018
0.18002
0.19018
0.20006
0.21015
0
0.010528
0.021187
0.030686
0.040851
0.050672
0.060479
0.070163
0.080072
0.090023
0.1001
0.11006
0.12001
0.13001
0.14001
0.15021
0.16004
0.17021
0
0.011511
0.020745
0.033067
0.042441
0.053647
0.064873
0.070987
0.08477
0.091294
0.10571
0.11414
0.12189
0.13821
0.14656
0.15585
0.1644
0.17349
0.18293
0.19198
0.20225
0.21131
0.22108
0.23077
0.24002
0.25042
0.26968
0.27946
0.28873
0.29901
0.3079
0.31816
0.32768
0.33628
0.34537
0.35361
0.36283
0.37225
0.38006
0.39458
0.40219
0.41085
0.42532
0.43122
0.44373
0.45064
0.46197
0.47078
0.48018
0.49094
0.5019
0.51094
0.52129
0.53083
0.54112
0.55096
0.56053
0.57114
0.58052
0.59104
0.60037
0.61086
0.62021
0.63076
0.64018
0.65082
0.66033
0.6711
0.68075
0.69045
0.70023
0.71008
0.72002
0.73005
0.74017
0.75039
0.7607
0.77111
0.78029
0.79087
0.80021
0.81099
0.82051
0.83013
0.84124
0.85108
0.86104
0.87109
0.88125
0.89004
0.90037
0.9108
0.92135
0.93047
0.94122
0.95052
0.96148
0.97097
0.98055
0.99023
1.0016
0
0.010764
0.022456
0.03087
0.043742
0.05503
0.060293
0.071647
0.085344
0.091853
0.10578
0.11285
0.12143
0.13715
0.1454
0.15383
0.16311
0.17218
0.18101
0.19033
0.20934
0.21963
0.22909
0.23921
0.24921
0.25885
0.26978
0.27946
0.29007
0.30034
0.31007
0.32055
0.33019
0.34025
0.35101
0.3604
0.36943
0.3793
0.3883
0.39879
0.4087
0.41682
0.42464
0.43256
0.44077
0.45025
0.46641
0.47325
0.4865
0.49426
0.50181
0.5133
0.52286
0.53329
0.54163
0.55089
0.56124
0.57008
0.58075
0.59058
0.60112
0.61119
0.62097
0.63058
0.64009
0.65068
0.66005
0.67056
0.68106
0.69039
0.70091
0.71028
0.72086
0.7303
0.74098
0.75053
0.76015
0.77106
0.78081
0.79064
0.80052
0.81047
0.82048
0.83058
0.84079
0.85111
0.86022
0.87073
0.88132
0.89068
0.90012
0.91101
0.92062
0.93034
0.94015
0.95006
0.96007
0.97017
0.98036
0.99064
1.001
0
0.013778
0.024749
0.031392
0.045122
0.053705
0.062251
0.07165
0.081303
0.091367
0.10174
0.11355
0.12599
0.13833
0.15135
0.16454
0.17825
0.19301
0.20936
0.22492
0.24018
0.25697
0.27308
0.29008
0.30627
0.3221
0.34128
0.35819
0.37483
0.39157
0.4062
0.42042
0.43372
0.44814
0.46142
0.47453
0.48608
0.49804
0.50899
0.52111
0.53009
0.53872
0.54648
0.55449
0.56275
0.56927
0.57434
0.57892
0.58334
0.58768
0.59169
0.59425
0.59663
0.59894
0.60119
0.60341
0.60558
0.60773
0.60985
0.61195
0.61403
0.61609
0.62018
0.63023
0.64012
0.65186
0.6616
0.67133
0.68106
0.69082
0.70061
0.71045
0.72034
0.7303
0.74033
0.75044
0.76063
0.7709
0.78128
0.79174
0.80019
0.81085
0.82161
0.8303
0.84128
0.85014
0.86133
0.87037
0.8818
0.89103
0.90035
0.91213
0.92165
0.93127
0.94098
0.95078
0.96068
0.97069
0.98079
0.99099
1.0013
0
0.013834
0.025081
0.031798
0.04567
0.054342
0.062776
0.072353
0.082331
0.09244
0.10282
0.11461
0.127
0.13955
0.15298
0.16643
0.18024
0.19437
0.21001
0.22586
0.24127
0.25843
0.27498
0.29128
0.3075
0.32329
0.34239
0.35919
0.37563
0.39233
0.40708
0.42129
0.43441
0.44893
0.46259
0.47558
0.48655
0.49802
0.5089
0.52088
0.52995
0.53846
0.54622
0.55419
0.56241
0.56903
0.57438
0.57906
0.58356
0.58796
0.5921
0.59468
0.59706
0.59937
0.60163
0.60384
0.60602
0.60816
0.61029
0.61239
0.61447
0.61654
0.62063
0.63068
0.64057
0.65037
0.66011
0.67178
0.68152
0.69128
0.70107
0.71092
0.72082
0.73078
0.74082
0.75094
0.76115
0.77144
0.78183
0.79021
0.80078
0.81146
0.82008
0.83096
0.84196
0.85084
0.86206
0.87112
0.88027
0.89182
0.90116
0.91059
0.92011
0.93214
0.94186
0.95169
0.9616
0.97162
0.98174
0.99196
1.0023
0
0.010157
0.021517
0.030795
0.040127
0.052086
0.061012
0.070522
0.081798
0.092858
0.10038
0.11231
0.12148
0.13018
0.14365
0.15312
0.16337
0.17331
0.18338
0.19412
0.20451
0.21003
0.22107
0.23201
0.2431
0.25417
0.26567
0.27144
0.28233
0.29404
0.3052
0.31068
0.32237
0.333
0.34502
0.35053
0.36092
0.37117
0.38154
0.39206
0.40409
0.41362
0.42225
0.43122
0.44034
0.45079
0.46014
0.47199
0.48279
0.491
0.50372
0.51016
0.52077
0.53219
0.54183
0.55045
0.5609
0.57089
0.58026
0.59045
0.60003
0.61057
0.62009
0.63011
0.64001
0.65048
0.66024
0.67062
0.68034
0.69006
0.70044
0.7102
0.72065
0.73048
0.74037
0.75032
0.76034
0.77044
0.78061
0.79015
0.80044
0.81011
0.82055
0.83038
0.84029
0.85031
0.86043
0.87065
0.88021
0.89059
0.90031
0.91009
0.92076
0.93002
0.94015
0.95037
0.96067
0.97029
0.98081
0.99054
1.0004
0
0.010739
0.020413
0.030097
0.041319
0.050536
0.061184
0.070761
0.082277
0.090962
0.10004
0.11206
0.12041
0.1308
0.14159
0.15011
0.16231
0.17119
0.18017
0.19295
0.20236
0.21264
0.22225
0.23227
0.24234
0.25225
0.26303
0.27001
0.28343
0.29033
0.30047
0.31048
0.32127
0.33093
0.34174
0.35134
0.36062
0.37034
0.3827
0.39315
0.40021
0.41144
0.42206
0.43021
0.44178
0.45136
0.46198
0.47111
0.48208
0.49243
0.5023
0.51018
0.52136
0.53007
0.54002
0.55022
0.56028
0.57046
0.5804
0.5904
0.60006
0.61023
0.62028
0.63032
0.64023
0.65001
0.66014
0.67026
0.68037
0.6901
0.70025
0.71003
0.72021
0.73002
0.7403
0.7503
0.76037
0.77038
0.78001
0.79011
0.8003
0.8102
0.8202
0.83037
0.84026
0.85027
0.86038
0.87005
0.88004
0.89008
0.90022
0.91015
0.92019
0.93032
0.9401
0.95005
0.96006
0.97013
0.98032
0.99006
1.0004
0
0.010304
0.020769
0.030734
0.040734
0.051173
0.060088
0.070972
0.080887
0.090434
0.1001
0.11032
0.12019
0.13145
0.14103
0.15128
0.16003
0.17081
0.18158
0.19073
0.20211
0.21187
0.22123
0.23067
0.24024
0.25007
0.26259
0.27038
0.28226
0.29216
0.30195
0.31144
0.32194
0.33116
0.34124
0.35058
0.36177
0.37088
0.3802
0.39146
0.40161
0.41177
0.42114
0.4311
0.44099
0.45047
0.46078
0.47087
0.48027
0.49055
0.50167
0.51104
0.5204
0.53012
0.54052
0.55025
0.56024
0.57027
0.58004
0.59026
0.6
0.61025
0.62016
0.63014
0.64027
0.65005
0.66007
0.67007
0.68007
0.69007
0.70009
0.71014
0.72023
0.73008
0.74027
0.75024
0.76029
0.77012
0.78002
0.79028
0.80029
0.81006
0.82021
0.83014
0.84016
0.85028
0.86017
0.87013
0.88017
0.8903
0.9002
0.91022
0.92003
0.93028
0.94032
0.95011
0.96032
0.97027
0.98029
0.99006
1.0003
0
0.010739
0.020413
0.030097
0.041319
0.050536
0.061184
0.070761
0.082277
0.090962
0.10004
0.11206
0.12041
0.1308
0.14159
0.15011
0.16231
0.17119
0.18017
0.19295
0.20236
0.21264
0.22225
0.23227
0.24234
0.25225
0.26303
0.27001
0.28343
0.29033
0.30047
0.31048
0.32127
0.33093
0.34174
0.35134
0.36062
0.37034
0.3827
0.39315
0.40021
0.41144
0.42206
0.43021
0.44178
0.45136
0.46198
0.47111
0.48208
0.49243
0.5023
0.51018
0.52136
0.53007
0.54002
0.55022
0.56028
0.57046
0.5804
0.5904
0.60006
0.61023
0.62028
0.63032
0.64023
0.65001
0.66014
0.67026
0.68037
0.6901
0.70025
0.71003
0.72021
0.73002
0.7403
0.7503
0.76037
0.77038
0.78001
0.79011
0.8003
0.8102
0.8202
0.83037
0.84026
0.85027
0.86038
0.87005
0.88004
0.89008
0.90022
0.91015
0.92019
0.93032
0.9401
0.95005
0.96006
0.97013
0.98032
0.99006
1.0004
