0
0
0.00029652
0.00057505
0.00087431
0.0012072
0.0015933
0.0020278
0.0024489
0.0028633
0.0032784
0.0037035
0.0041502
0.0046339
0.0051758
0.0058036
0.0064379
0.0070541
0.0076566
0.0082524
0.0088525
0.0094707
0.010125
0.010839
0.011636
0.012507
0.013338
0.014142
0.014929
0.015714
0.016515
0.017354
0.018255
0.019244
0.020342
0.021413
0.022466
0.023491
0.024507
0.025536
0.026601
0.027732
0.028962
0.030226
0.031466
0.032715
0.034009
0.035303
0.036593
0.037907
0.039275
0.040735
0.042182
0.043623
0.045095
0.046641
0.048308
0.049972
0.051635
0.053333
0.055034
0.056748
0.05848
0.060272
0.06218
0.06422
0.066156
0.068047
0.06995
0.071931
0.073989
0.076054
0.078175
0.080377
0.082509
0.084613
0.086737
0.088937
0.091272
0.093794
0.096226
0.09856
0.10087
0.10323
0.10573
0.10834
0.11106
0.11394
0.11691
0.11982
0.12277
0.12585
0.12916
0.13242
0.13565
0.13894
0.14236
0.14594
0.14952
0.15298
0.15632
0.15962
0.16293
0.16625
0.16958
0.17296
0.1764
0.17984
0.18337
0.18687
0.19033
0.19381
0.19726
0.20067
0.20409
0.20754
0.21103
0.21464
0.2181
0.22145
0.22473
0.22803
0.23139
0.23483
0.23833
0.24192
0.2456
0.24933
0.25288
0.25632
0.25972
0.26315
0.26661
0.2701
0.27359
0.27711
0.2806
0.28414
0.28781
0.29143
0.29502
0.29853
0.30195
0.30528
0.30854
0.31182
0.3152
0.31831
0.32133
0.32441
0.32765
0.3307
0.33378
0.33699
0.34004
0.34256
0.34484
0.34703
0.3492
0.3514
0.35363
0.3559
0.35825
0.36062
0.36289
0.36518
0.36755
0.37006
0.37251
0.37465
0.37662
0.37851
0.38036
0.3822
0.38406
0.38593
0.38779
0.38964
0.39149
0.39337
0.39527
0.39719
0.39915
0.40114
0.40292
0.40448
0.40593
0.40731
0.40867
0.41001
0.41137
0.41267
0.41394
0.41523
0.41655
0.41791
0.41933
0.42071
0.42201
0.42328
0.42453
0.42569
0.42669
0.42755
0.42833
0.42904
0.42971
0.43035
0.43097
0.43156
0.43213
0.43266
0.43316
0.43364
0.43409
0.43452
0.43495
0.43536
0.43577
0.43617
0.43656
0.43695
0.43734
0.43773
0.4381
0.43846
0.4388
0.43914
0.43948
0.4398
0.44012
0.44044
0.44076
0.44107
0.44138
0.44168
0.44199
0.44229
0.44259
0.4429
0.44319
0.44349
0.44379
0.44408
0.44438
0.44467
0.44497
0.44526
0.44555
0.44584
0.44613
0.44643
0.44672
0.447
0.44729
0.44758
0.44787
0.44816
0.44845
0.44874
0.44902
0.44931
0.4496
0.44988
0.45017
0.45046
0.45074
0.45103
0.45132
0.4516
0.45189
0.45217
0.45246
0.45275
0.45303
0.45332
0.4536
0.45389
0.45417
0.45446
0.45474
0.45503
0.45531
0.4556
0.45588
0.45617
0.45645
0.45674
0.45703
0.45731
0.4576
0.45788
0.45817
0.45845
0.45874
0.45902
0.45931
0.45959
0.45988
0.46017
