0
0
3.0771e-05
5.9923e-05
8.9068e-05
0.00011889
0.00015013
0.00018356
0.00021977
0.000255
0.00028865
0.0003211
0
3.0771e-05
5.9923e-05
8.9068e-05
0.00011889
0.00015013
0.00018356
0.00021977
0.000255
0.00028865
0.0003211
0.00035262
0.00038362
0.00041449
0.0004457
0.00047774
0.00051117
0.00054656
0.00058439
0.00062496
0.00066357
0.00070054
0.00073632
0.00077129
0.00080576
0.00084021
0.0008751
0.00091094
0.0009483
0.00098771
0.0010295
0.0010741
0.001117
0.0011583
0.0011983
0.0012373
0.0012759
0.0013144
0.0013534
0.0013933
0.0014348
0.0014784
0.0015244
0.0015731
0.0016214
0.0016679
0.0017128
0.0017565
0.0017996
0.0018427
0.0018861
0.0019305
0.0019765
0.0020246
0.0020752
0.0021284
0.0021833
0.002236
0.0022868
0.0023364
0.0023851
0.0024336
0.0024824
0.0025321
0.0025833
0.0026367
0.0026927
0.0027515
0.0028132
0.0028734
0.0029314
0.0029876
0.0030427
0.0030972
0.003152
0.0032075
0.0032646
0.0033239
0.003386
0.003451
0.0035192
0.0035876
0.0036534
0.0037172
0.0037796
0.0038412
0.0039028
0.003965
0.0040286
0.0040942
0.0041626
0.0042341
0.0043089
0.004387
0.0044616
0.0045336
0.0046038
0.0046728
0.0047414
0.0048103
0.0048804
0.0049524
0.005027
0.0051048
0.005186
0.0052709
0.0053566
0.0054391
0.005519
0.0055972
0.0056744
0.0057516
0.0058295
0.0059091
0.0059912
0.0060765
0.0061654
0.0062581
0.0063547
0.0064482
0.0065383
0.006626
0.0067122
0.0067979
0.006884
0.0069715
0.0070613
0.0071542
0.0072509
0.0073516
0.0074565
0.007564
0.0076672
0.0077673
0.007865
0.0079614
0.0080576
0.0081546
0.0082535
0.0083553
0.0084609
0.0085708
0.0086853
0.0088045
0.0089217
0.0090346
0.0091444
0.0092524
0.0093597
0.0094674
0.0095768
0.0096892
0.0098059
0.0099283
0.010057
0.010193
0.010331
0.010462
0.010589
0.010712
0.010834
0.010955
0.011077
0.011202
0.011332
0.011467
0.011608
0.011756
0.011909
0.012057
0.0122
0.012339
0.012477
0.012614
0.012752
0.012892
0.013037
0.013187
0.013343
0.013506
0.013676
0.013847
0.014012
0.014172
0.014328
0.014484
0.014639
0.014796
0.014956
0.015122
0.015294
0.015472
0.015659
0.015847
0.016033
0.016219
0.016401
0.01658
0.016758
0.016936
0.017117
0.017302
0.017494
0.017694
0.017897
0.018098
0.0183
0.018504
0.018711
0.01892
0.019126
0.019331
0.019537
0.019747
0.019959
0.020174
0.020393
0.020616
0.020842
0.021064
0.021285
0.021505
0.021728
0.021955
0.022187
0.022427
0.022665
0.022897
0.023127
0.023357
0.02359
0.023827
0.024071
0.024324
0.024577
0.024823
0.025065
0.025308
0.025552
0.025801
0.026054
0.02631
0.026562
0.026811
0.027061
0.027313
0.027569
0.027825
0.028077
0.028328
0.02858
0.028836
0.029097
0.029359
0.029616
0.02987
0.030126
0.030386
0.030651
0.030923
0.031189
0.031452
0.031713
0.031976
0.032243
0.032517
0.032798
0.033074
0.033345
0.033614
0.033884
0.034158
0.034437
0.034723
0.035018
0.035302
0.035581
0.035858
0.036137
0.03642
0.036705
0.036992
0.037277
0.037559
0.03784
0.038122
0.038407
0.038687
0.038966
0.039245
0.039525
0.03981
0.040094
0.040373
0.040651
0.04093
0.041213
0.0415
0.041788
0.04207
0.04235
0.042629
0.042912
0.043198
0.043492
0.043788
0.044075
0.044359
0.044641
0.044924
0.045211
0.045503
0.045803
0.046111
0.046423
0.046726
0.047024
0.047319
0.047617
0.047918
0.048226
0.048544
0.048859
0.049169
0.049477
0.049786
0.050095
0.050399
0.050701
0.051002
0.051306
0.051614
0.051914
0.052212
0.052509
0.052807
0.053109
0.053416
0.05373
0.054037
0.054341
0.054645
0.054951
0.055263
0.05558
0.055906
0.056228
0.056544
0.056855
0.057167
0.057481
0.057801
0.058128
0.058464
0.058792
0.059113
0.059431
0.059749
0.06007
0.060397
0.060732
0.061077
0.06143
0.06177
0.062102
0.062431
0.06276
0.063094
0.063436
0.063783
0.064129
0.064477
0.06483
0.065179
0.065526
0.065872
0.066219
0.066572
0.066927
0.067276
0.067623
0.06797
0.068321
0.068677
0.069036
0.069387
0.069734
0.07008
0.07043
0.070784
0.071146
0.071511
0.071867
0.072218
0.072569
0.072922
0.073281
0.073648
0.074024
0.074403
0.074769
0.07513
0.075489
0.075852
0.076221
0.076599
0.076989
0.077394
0.077793
0.078176
0.07855
0.078921
0.079292
0.079668
0.080053
0.080449
0.080859
0.081277
0.081686
0.082089
0.082491
0.082894
0.083301
0.083703
0.084098
0.08449
0.084884
0.085282
0.085686
0.086083
0.086474
0.086862
0.087252
0.087645
0.088046
0.088457
0.088881
0.089298
0.089712
0.090129
0.090553
0.090987
0.091435
0.091899
0.092381
0.092847
0.093306
0.093765
0.09423
0.094707
0.095201
0.095715
0.096255
0.096818
0.097363
0.097895
0.098423
0.098955
0.099499
0.10006
0.10063
0.1012
0.10178
0.10238
0.10297
0.10355
0.10412
0.10467
0.10522
0.10575
0.10627
0.10677
0.10727
0.10775
0.10824
0.10871
0.10919
0.10967
0.11016
0.11067
0.11119
0.11174
0.1123
0.11286
0.11345
0.11404
0.11462
0.11521
0.11577
0.11632
0.11687
0.11741
0.11794
0.11846
0.11898
0.11949
0.11999
0.12049
0.12098
0.12147
0.12196
0.12245
0.12296
0.12349
0.12402
0.12456
0.12511
0.12568
0.12626
0.12684
0.12743
0.12804
0.12867
0.12933
0.13001
0.13069
0.13137
0.13207
0.13275
0.13344
0.13413
0.13485
0.13557
0.1363
0.13705
0.1378
0.13855
0.13931
0.14011
0.14088
0.14166
0.14245
0.14327
0.14413
0.14497
0.14581
0.14666
0.14755
0.1485
0.14955
0.15053
0.15148
0.15239
0.15327
0.15414
0.155
0.15586
0.15672
0.15759
0.15847
0.15937
0.1603
0.1612
0.16206
0.16289
0.1637
0.1645
0.16528
0.16607
0.16686
0.16764
0.16843
0.16924
0.17007
0.17092
0.17179
0.17265
0.17348
0.17428
0.17507
0.17585
0.17663
0.17736
0.17804
0.17865
0.17923
0.17978
0.18033
0.18087
0.18142
0.18197
0.18249
0.18299
0.18349
0.18399
0.1845
0.18501
0.1855
0.18598
0.18645
0.18693
0.18742
0.1879
0.18837
0.18884
0.18931
0.18978
0.19026
0.19072
0.19118
0.19164
0.19211
0.19256
0.19301
0.19345
0.19391
0.19437
0.19481
0.19525
0.19568
0.19612
0.19656
0.19699
0.19743
0.19788
0.19832
0.19875
0.19917
0.19959
0.20001
0.20045
0.20088
0.2013
0.20171
0.20213
0.20255
0.20298
0.2034
0.20381
0.20422
0.20463
0.20505
0.20547
0.20589
0.20634
0.20678
0.20723
0.20767
0.20811
0.20856
0.20902
0.20949
0.20998
0.21046
0.21095
0.21142
0.2119
0.21238
0.21284
0.21331
0.21379
0.21427
0.21477
0.21527
0.21577
0.21626
0.21675
0.21726
0.21778
0.21831
0.21883
0.21934
0.21986
0.22038
0.22092
0.22147
0.22204
0.2226
0.22314
0.22368
0.22423
0.22479
0.22537
0.22597
0.2266
0.22722
0.22782
0.22841
0.229
0.22961
0.23023
0.23088
0.23156
0.23223
0.23291
0.23359
0.23427
0.23494
0.23561
0.23628
0.23697
0.23768
0.23841
0.23916
0.23991
0.24064
0.24136
0.24208
0.2428
0.24351
0.24423
0.24498
0.24574
0.24654
0.24734
0.24813
0.24894
0.24978
0.25061
0.25143
0.25224
0.25306
0.2539
0.25475
0.25563
0.25651
0.25741
0.25827
0.25908
0.25985
0.2606
0.26132
0.26202
0.26271
0.26341
0.26413
0.26485
0.26557
0.26632
0.26708
0.26784
0.2686
0.26935
0.27008
0.27079
0.27148
0.27214
0.27279
0.27343
0.27404
0.27465
0.27523
0.27582
0.2764
0.27698
0.27758
0.2782
0.27883
0.27948
0.28014
0.2808
0.28148
0.28217
0.28287
0.28357
0.28429
0.28502
0.28574
0.28646
0.28717
0.28786
0.28854
0.28921
0.28988
0.29056
0.29126
0.29198
0.2927
0.29344
0.2942
0.29495
0.29572
0.29651
0.29728
0.29807
0.29887
0.29968
0.30047
0.30126
0.30207
0.3029
0.3037
0.30451
0.30535
0.30622
0.3071
0.30796
0.30885
0.30976
0.31068
0.31158
0.31248
0.31337
0.31428
0.31519
0.31611
0.31706
0.31803
0.31897
0.31986
0.32073
0.32156
0.32238
0.3232
0.32401
0.32482
0.32563
0.32645
0.32728
0.32814
0.32901
0.32991
0.33076
0.33159
0.3324
0.33319
0.33398
0.33476
0.33554
0.33632
0.33711
0.33791
0.33866
0.33938
0.3401
0.34082
0.3415
0.34215
0.34279
0.34344
0.34408
0.34469
0.34529
0.3459
0.34652
0.34712
0.34771
0.34828
0.34885
0.34942
0.34997
0.35049
0.35102
0.35154
0.35207
0.35258
0.35307
0.35355
0.35403
0.35451
0.355
0.35547
0.35593
0.35638
0.35683
0.35728
0.35774
0.35818
0.35861
0.35904
0.35947
0.3599
0.36034
0.36076
0.36118
0.36159
0.36201
0.36242
0.36285
0.36326
0.36367
0.36407
0.36446
0.36486
0.36527
0.36567
0.36606
0.36644
0.36682
0.3672
0.36757
0.36796
0.36833
0.36869
0.36905
0.3694
0.36976
0.37012
0.37048
0.37083
0.37117
0.3715
0.37184
0.37217
0.37251
0.37286
0.37321
0.37357
0.37393
0.37428
0.37462
0.37498
0.37533
0.3757
0.37608
0.37644
0.37681
0.37716
0.37751
0.37786
0.37821
0.37855
0.37889
0.37922
0.37955
0.37988
0.38021
0.38054
0.38087
0.3812
0.38153
0.38185
0.38218
0.38251
0.38285
0.38318
0.38351
0.38384
0.38416
0.38449
0.38482
0.38515
0.3855
0.38584
0.38617
0.3865
0.38683
0.38715
0.38749
0.38782
0.38817
0.38852
0.38888
0.38924
0.38958
0.38992
0.39026
0.3906
0.39094
0.39129
0.39164
0.39198
0.39233
0.39267
0.39302
0.39336
0.39369
0.39403
0.39437
0.39471
0.39505
0.39538
0.39571
0.39603
0.39636
0.39669
0.39703
0.39737
0.3977
0.39802
0.39834
0.39865
0.39897
0.39929
0.39962
0.39995
0.40029
0.40063
0.40095
0.40127
0.40158
0.4019
0.40221
0.40253
0.40286
0.4032
0.40354
0.40389
0.40423
0.40456
0.40488
0.40519
0.40551
0.40582
0.40614
0.40647
0.40681
0.40715
0.40748
0.40782
0.40815
0.40848
0.40882
0.40915
0.40947
0.40979
0.41011
0.41043
0.41075
0.41108
0.41141
0.41175
0.41207
0.41239
0.41271
0.41303
0.41335
0.41367
0.41401
0.41434
0.41469
0.41503
0.41536
0.41568
0.416
0.41632
0.41664
0.41697
0.4173
0.41764
0.41799
0.41835
0.41871
0.41905
0.41939
0.41972
0.42005
0.42038
0.42071
0.42106
0.4214
0.42175
0.42211
0.42247
0.42282
0.42316
0.42349
0.42383
0.42417
0.42451
0.42486
0.42521
0.42557
0.42592
0.42625
0.42658
0.42691
0.42724
0.42758
0.42792
0.42827
0.42862
0.42899
0.42935
0.42969
0.43003
0.43036
0.43069
0.43102
0.43135
0.43168
0.43201
0.43234
0.43267
0.433
0.43333
0.43365
0.43396
0.43427
0.43458
0.43489
0.43521
0.43554
0.43587
0.43619
0.4365
0.4368
0.43711
0.43741
0.43772
0.43803
0.43834
0.43864
0.43892
0.43919
0.43944
0.43969
0.43993
0.44017
0.4404
0.44063
0.44086
0.44108
0.44129
0.44151
0.44172
0.44192
0.44213
0.44234
0.44255
0.44275
0.44295
0.44314
0.44334
0.44353
0.44373
0.44392
0.44412
0.44432
0.44452
0.44471
0.4449
0.44509
0.44527
0.44546
0.44564
0.44583
0.44602
0.44621
0.4464
0.44659
0.44679
0.44697
0.44716
0.44733
0.44751
0.44769
0.44786
0.44803
0.4482
0.44836
0.44851
0.44865
0.4488
0.44894
0.44907
0.44919
0.44931
0.44943
0.44955
0.44966
0.44977
0.44988
0.44998
0.45009
0.45019
0.45029
0.45039
0.45048
0.45058
0.45067
0.45076
0.45084
0.45093
0.45101
0.4511
0.45118
0.45126
0.45134
0.45142
0.4515
0.45158
0.45166
0.45173
0.45181
0.45189
0.45196
0.45204
0.45211
0.45218
0.45225
0.45232
0.45239
0.45246
0.45253
0.4526
0.45267
0.45273
0.4528
0.45287
0.45293
0.453
0.45307
0.45313
0.4532
0.45326
0.45333
0.45339
0.45345
0.45351
0.45357
0.45363
0.45369
0.45375
0.45381
0.45387
0.45393
0.45399
0.45405
0.45411
0.45417
0.45423
0.45429
0.45435
0.4544
0.45446
0.45452
0.45457
0.45463
0.45468
0.45474
0.45479
0.45485
0.4549
0.45496
0.45501
0.45507
0.45512
0.45517
0.45523
0.45528
0.45533
0.45539
0.45544
0.45549
0.45554
0.45559
0.45564
0.45569
0.45574
0.45579
0.45584
0.45589
0.45594
0.45599
0.45604
0.45609
0.45614
0.45619
0.45624
0.45628
0.45633
0.45638
0.45643
0.45647
0.45652
0.45656
0.45661
0.45666
0.4567
0.45675
0.45679
0.45684
0.45688
0.45693
0.45697
0.45702
0.45706
0.4571
0.45715
0.45719
0.45723
0.45727
0.45732
0.45736
0.4574
0.45744
0.45748
0.45753
0.45757
0.45761
0.45765
0.45769
0.45773
0.45777
0.45781
0.45785
0.45789
0.45793
0.45797
0.45801
0.45805
0.45809
0.45813
0.45817
0.45821
0.45824
0.45828
0.45832
0.45836
0.4584
0.45844
0.45847
0.45851
0.45855
0.45859
0.45862
0.45866
0.45869
0.45873
0.45877
0.4588
0.45884
0.45887
0.45891
0.45894
0.45898
0.45902
0.45905
0.45909
0.45912
0.45916
0.45919
0.45923
0.45926
0.4593
0.45933
0.45937
0.4594
0.45944
0.45947
0.4595
0.45954
0.45957
0.4596
0.45964
0.45967
0.45971
0.45974
0.45977
0.4598
0.45984
0.45987
0.4599
0.45994
0.45997
0.46
0.46003
0.46007
0.4601
0.46013
0.46017
0.4602
0.46023
0.46026
0.46029
0.46033
0.46036
0.46039
0.46042
0.46046
0.46049
0.46052
0.46055
0.46058
0.46062
0.46065
0.46068
0.46071
0.46074
0.46077
0.46081
0.46084
0.46087
0.4609
0.46093
0.46096
0.46099
0.46103
0.46106
0.46109
0.46112
0.46115
0.46118
0.46121
0.46124
0.46127
0.46131
0.46134
0.46137
0.4614
0.46143
0.46146
0.46149
0.46152
0.46155
0.46159
0.46162
0.46165
0.46168
0.46171
0.46174
0.46177
0.4618
0.46183
0.46186
0.46189
0.46193
0.46196
0.46199
0.46202
0.46205
0.46208
0.46211
0.46214
0.46217
0.4622
0.46223
0.46226
0.46229
0.46232
0.46236
0.46239
0.46242
0.46245
0.46248
0.46251
0.46254
0.46257
0.4626
0.46263
0.46266
0.46269
0.46272
0.46275
0.46278
0.46281
0.46284
0.46287
0.4629
0.46293
0.46296
0.46299
0.46302
0.46305
0.46308
0.46311
0.46314
0.46317
0.4632
0.46323
0.46326
0.46329
0.46332
0.46335
0.46338
0.46341
0.46344
0.46347
0.4635
0.46353
0.46357
0.4636
0.46363
0.46366
0.46369
0.46372
0.46375
0.46378
0.46381
0.46384
0.46387
0.4639
0.46393
0.46395
0.46398
0.46401
0.46404
0.46407
0.4641
0.46413
0.46416
0.46419
0.46422
0.46425
0.46428
0.46431
0.46434
0.46437
0.4644
0.46443
0.46446
0.46449
0.46452
0.46455
0.46458
0.46461
0.46464
0.46467
0.4647
0.46473
0.46476
0.46479
0.46482
0.46485
0.46488
0.46491
0.46494
0.46497
0.465
0.46503
0.46505
0.46508
0.46511
0.46514
0.46517
0.4652
0.46523
0.46526
0.46529
0.46532
0.46535
0.46538
0.46541
0.46543
0.46546
0.46549
0.46552
0.46555
0.46558
0.46561
0.46564
0.46567
0.4657
0.46573
0.46575
0.46578
0.46581
0.46584
0.46587
0.4659
0.46593
0.46596
0.46599
0.46602
0.46604
0.46607
0.4661
0.46613
0.46616
0.46619
0.46622
0.46625
0.46628
0.46631
0.46633
0.46636
0.46639
0.46642
0.46645
0.46648
0.46651
0.46654
0.46657
0.4666
0.46662
0.46665
0.46668
0.46671
0.46674
0.46677
0.4668
0.46683
0.46686
0.46688
0.46691
0.46694
0.46697
0.467
0.46703
0.46706
0.46709
0.46711
0.46714
0.46717
0.4672
0.46723
0.46726
0.46729
0.46732
0.46734
0.46737
0.4674
0.46743
0.46746
0.46749
0.46752
0.46754
0.46757
0.4676
0.46763
0.46766
0.46769
0.46772
0.46774
0.46777
0.4678
0.46783
0.46786
0.46789
0.46792
0.46794
0.46797
0.468
0.46803
0.46806
0.46809
0.46812
0.46814
0.46817
0.4682
0.46823
0.46826
0.46829
0.46832
0.46834
0.46837
0.4684
0.46843
0.46846
0.46849
0.46851
0.46854
0.46857
0.4686
0.46863
0.46866
0.46869
0.46871
0.46874
0.46877
0.4688
0.46883
0.46886
0.46888
0.46891
0.46894
0.46897
0.469
0.46903
0.46906
0.46908
0.46911
0.46914
0.46917
0.4692
0.46923
0.46925
0.46928
0.46931
0.46934
0.46937
0.4694
0.46942
0.46945
0.46948
0.46951
0.46954
0.46957
0.46959
0.46962
0.46965
0.46968
0.46971
0.46974
0.46976
0.46979
0.46982
0.46985
0.46988
0.46991
0.46993
0.46996
0.46999
0.47002
0.47005
0.47008
0.4701
0.47013
0.47016
0.47019
0.47022
0.47024
0.47027
0.4703
0.47033
0.47036
0.47039
0.47041
0.47044
0.47047
0.4705
0.47053
0.47055
0.47058
0.47061
0.47064
0.47067
0.4707
0.47072
0.47075
0.47078
0.47081
0.47084
0.47086
0.47089
0.47092
0.47095
0.47098
0.471
0.47103
0.47106
0.47109
0.47112
0.47115
0.47117
0.4712
0.47123
0.47126
0.47129
0.47131
0.47134
0.47137
0.4714
0.47143
0.47145
0.47148
0.47151
0.47154
0.47157
0.4716
0.47162
0.47165
0.47168
0.47171
0.47174
0.47176
0.47179
0.47182
0.47185
0.47188
0.4719
0.47193
0.47196
0.47199
0.47202
0.47205
0.47207
0.4721
0.47213
0.47216
0.47219
0.47221
0.47224
0.47227
0.4723
0.47233
0.47235
0.47238
0.47241
0.47244
0.47247
0.47249
0.47252
0.47255
0.47258
0.47261
0.47264
0.47266
0.47269
0.47272
0.47275
0.47278
0.4728
0.47283
0.47286
0.47289
0.47292
0.47294
0.47297
0.473
0.47303
0.47306
0.47308
0.47311
0.47314
0.47317
0.4732
0.47322
0.47325
0.47328
0.47331
0.47334
0.47336
0.47339
0.47342
0.47345
0.47348
0.4735
0.47353
0.47356
0.47359
0.47362
0.47364
0.47367
0.4737
0.47373
0.47376
0.47378
0.47381
0.47384
0.47387
0.4739
0.47392
0.47395
0.47398
0.47401
0.47404
0.47406
0.47409
0.47412
0.47415
0.47418
0.4742
0.47423
0.47426
0.47429
0.47432
0.47434
0.47437
0.4744
0.47443
0.47446
0.47448
0.47451
0.47454
0.47457
0.4746
0.47462
0.47465
0.47468
0.47471
0.47473
0.47476
0.47479
0.47482
0.47485
0.47487
0.4749
0.47493
0.47496
0.47499
0.47501
0.47504
0.47507
0.4751
0.47513
0.47515
0.47518
0.47521
0.47524
0.47527
0.47529
0.47532
0.47535
0.47538
0.47541
0.47543
0.47546
0.47549
0.47552
0.47555
0.47557
0.4756
0.47563
0.47566
0.47568
0.47571
0.47574
0.47577
0.4758
0.47582
0.47585
0.47588
0.47591
0.47594
0.47596
0.47599
0.47602
0.47605
0.47608
0.4761
0.47613
0.47616
0.47619
0.47622
0.47624
0.47627
0.4763
0.47633
0.47636
0.47638
0.47641
0.47644
0.47647
0.47649
0.47652
0.47655
0.47658
0.47661
0.47663
0.47666
0.47669
0.47672
0.47675
0.47677
0.4768
0.47683
0.47686
0.47689
0.47691
0.47694
0.47697
0.477
0.47703
0.47705
0.47708
0.47711
0.47714
0.47716
0.47719
0.47722
0.47725
0.47728
0.4773
0.47733
0.47736
0.47739
0.47742
0.47744
0.47747
0.4775
0.47753
0.47756
0.47758
0.47761
0.47764
0.47767
0.47769
0.47772
0.47775
0.47778
0.47781
0.47783
0.47786
0.47789
0.47792
0.47795
0.47797
0.478
0.47803
0.47806
0.47809
0.47811
0.47814
0.47817
0.4782
0.47823
0.47825
0.47828
0.47831
0.47834
0.47836
0.47839
0.47842
0.47845
0.47848
0.4785
0.47853
0.47856
0.47859
0.47862
0.47864
0.47867
0.4787
0.47873
0.47876
0.47878
0.47881
0.47884
0.47887
0.4789
0.47892
0.47895
0.47898
0.47901
0.47903
0.47906
0.47909
0.47912
0.47915
0.47917
0.4792
0.47923
0.47926
0.47929
0.47931
0.47934
0.47937
0.4794
0.47943
0.47945
0.47948
0.47951
0.47954
0.47957
0.47959
0.47962
0.47965
0.47968
0.4797
0.47973
0.47976
0.47979
0.47982
0.47984
0.47987
0.4799
0.47993
0.47996
0.47998
0.48001
0.48004
0.48007
0.4801
0.48012
0.48015
0.48018
0.48021
0.48024
0.48026
0.48029
0.48032
0.48035
0.48038
0.4804
0.48043
0.48046
0.48049
0.48052
0.48054
0.48057
0.4806
0.48063
0.48066
0.48068
0.48071
0.48074
0.48077
0.4808
0.48082
0.48085
0.48088
0.48091
0.48094
0.48096
0.48099
0.48102
0.48105
0.48108
0.4811
0.48113
0.48116
0.48119
0.48122
0.48124
0.48127
0.4813
0.48133
0.48136
0.48138
0.48141
0.48144
0.48147
0.4815
0.48152
0.48155
0.48158
0.48161
0.48164
0.48166
0.48169
0.48172
0.48175
0.48178
0.48181
0.48183
0.48186
0.48189
0.48192
0.48195
0.48197
0.482
0.48203
0.48206
0.48209
0.48211
0.48214
0.48217
0.4822
0.48223
0.48225
0.48228
0.48231
0.48234
0.48237
0.48239
0.48242
0.48245
0.48248
0.48251
0.48253
0.48256
0.48259
0.48262
0.48265
0.48267
0.4827
0.48273
0.48276
0.48279
0.48281
0.48284
0.48287
0.4829
0.48293
0.48296
0.48298
0.48301
0.48304
0.48307
0.4831
0.48312
0.48315
0.48318
0.48321
0.48324
0.48326
0.48329
0.48332
0.48335
0.48338
0.4834
0.48343
0.48346
0.48349
0.48352
0.48354
0.48357
0.4836
0.48363
0.48366
0.48368
0.48371
0.48374
0.48377
0.4838
0.48382
0.48385
0.48388
0.48391
0.48394
0.48397
0.48399
0.48402
0.48405
0.48408
0.48411
0.48413
0.48416
0.48419
0.48422
0.48425
0.48427
0.4843
0.48433
0.48436
0.48439
0.48441
0.48444
0.48447
0.4845
0.48453
0.48455
0.48458
0.48461
0.48464
0.48467
0.48469
0.48472
0.48475
0.48478
0.48481
0.48484
0.48486
0.48489
0.48492
0.48495
0.48498
0.485
0.48503
0.48506
0.48509
0.48512
0.48514
0.48517
0.4852
0.48523
0.48526
0.48528
0.48531
0.48534
0.48537
0.4854
0.48542
0.48545
0.48548
0.48551
0.48554
0.48557
0.48559
0.48562
0.48565
0.48568
0.48571
0.48573
0.48576
0.48579
0.48582
0.48585
0.48587
0.4859
0.48593
0.48596
0.48599
0.48601
0.48604
0.48607
0.4861
0.48613
0.48616
0.48618
0.48621
0.48624
0.48627
0.4863
0.48632
0.48635
0.48638
0.48641
0.48644
0.48646
0.48649
0.48652
0.48655
0.48658
0.4866
0.48663
0.48666
0.48669
0.48672
0.48675
0.48677
0.4868
0.48683
0.48686
0.48689
0.48691
0.48694
0.48697
0.487
0.48703
0.48705
0.48708
0.48711
0.48714
0.48717
0.4872
0.48722
0.48725
0.48728
0.48731
0.48734
0.48736
0.48739
0.48742
0.48745
0.48748
0.48751
0.48753
0.48756
0.48759
0.48762
0.48765
0.48767
0.4877
0.48773
0.48776
0.48779
0.48782
0.48784
0.48787
0.4879
0.48793
0.48796
0.48799
0.48801
0.48804
0.48807
0.4881
0.48813
0.48815
0.48818
0.48821
0.48824
0.48827
0.4883
0.48832
0.48835
0.48838
0.48841
0.48844
0.48847
0.48849
0.48852
0.48855
0.48858
0.48861
0.48863
0.48866
0.48869
0.48872
0.48875
0.48878
0.4888
0.48883
0.48886
0.48889
0.48892
0.48895
0.48897
0.489
0.48903
0.48906
0.48909
0.48911
0.48914
0.48917
0.4892
0.48923
0.48926
0.48928
0.48931
0.48934
0.48937
0.4894
0.48943
0.48945
0.48948
0.48951
0.48954
0.48957
0.4896
0.48962
0.48965
0.48968
0.48971
0.48974
0.48977
0.48979
0.48982
0.48985
0.48988
0.48991
0.48994
0.48996
0.48999
0.49002
0.49005
0.49008
0.49011
0.49013
0.49016
0.49019
0.49022
0.49025
0.49028
0.4903
0.49033
0.49036
0.49039
0.49042
0.49045
0.49047
0.4905
0.49053
0.49056
0.49059
0.49062
0.49064
0.49067
0.4907
0.49073
0.49076
0.49079
0.49081
0.49084
0.49087
0.4909
0.49093
0.49096
0.49098
0.49101
0.49104
0.49107
0.4911
0.49113
0.49115
0.49118
0.49121
0.49124
0.49127
0.4913
0.49132
0.49135
0.49138
0.49141
0.49144
0.49147
0.49149
0.49152
0.49155
0.49158
0.49161
0.49164
0.49166
0.49169
0.49172
0.49175
0.49178
0.49181
0.49183
0.49186
0.49189
0.49192
0.49195
0.49198
0.49201
0.49203
0.49206
0.49209
0.49212
0.49215
0.49218
0.4922
0.49223
0.49226
0.49229
0.49232
0.49235
0.49237
0.4924
0.49243
0.49246
0.49249
0.49252
0.49254
0.49257
0.4926
0.49263
0.49266
0.49269
0.49271
0.49274
0.49277
0.4928
0.49283
0.49286
0.49288
0.49291
0.49294
0.49297
0.493
0.49303
0.49306
0.49308
0.49311
0.49314
0.49317
0.4932
0.49323
0.49326
0.49328
0.49331
0.49334
0.49337
0.4934
0.49343
0.49346
0.49348
0.49351
0.49354
0.49357
0.4936
0.49363
0.49366
0.49368
0.49371
0.49374
0.49377
0.4938
0.49383
0.49385
0.49388
0.49391
0.49394
0.49397
0.494
0.49403
0.49406
0.49408
0.49411
0.49414
0.49417
0.4942
0.49423
0.49426
0.49428
0.49431
0.49434
0.49437
0.4944
0.49443
0.49446
0.49448
0.49451
0.49454
0.49457
0.4946
0.49463
0.49466
0.49468
0.49471
0.49474
0.49477
0.4948
0.49483
0.49486
0.49488
0.49491
0.49494
0.49497
0.495
0.49503
0.49506
0.49509
0.49511
0.49514
0.49517
0.4952
0.49523
0.49526
0.49529
0.49531
0.49534
0.49537
0.4954
0.49543
0.49546
0.49549
0.49552
0.49554
0.49557
0.4956
0.49563
0.49566
0.49569
0.49572
0.49574
0.49577
0.4958
0.49583
0.49586
0.49589
0.49592
0.49594
0.49597
0.496
0.49603
0.49606
0.49609
0.49612
0.49615
0.49617
0.4962
0.49623
0.49626
0.49629
0.49632
0.49635
0.49638
0.49641
0.49644
0.49646
0.49649
0.49652
0.49655
0.49658
0.49661
0.49664
0.49667
0.4967
0.49672
0.49675
0.49678
0.49681
0.49684
0.49687
0.4969
0.49693
0.49695
0.49698
0.49701
0.49704
0.49707
0.4971
0.49713
0.49716
0.49718
0.49721
0.49724
0.49727
0.4973
0.49733
0.49736
0.49739
0.49742
0.49744
0.49747
0.4975
0.49753
0.49756
0.49759
0.49762
0.49765
0.49768
0.4977
0.49773
0.49776
0.49779
0.49782
0.49785
0.49788
0.49791
0.49793
0.49796
0.49799
0.49802
0.49805
0.49808
0.49811
0.49814
0.49817
0.49819
0.49822
0.49825
0.49828
0.49831
0.49834
0.49837
0.4984
0.49842
0.49845
0.49848
0.49851
0.49854
0.49857
0.4986
0.49863
0.49866
0.49868
0.49871
0.49874
0.49877
0.4988
0.49883
0.49886
0.49889
0.49892
0.49894
0.49897
0.499
0.49903
0.49906
0.49909
0.49912
0.49915
0.49918
0.49921
0.49923
0.49926
0.49929
0.49932
0.49935
0.49938
0.49941
0.49944
0.49947
0.4995
0.49952
0.49955
0.49958
0.49961
0.49964
0.49967
0.4997
0.49973
0.49976
0.49979
0.49982
0.49984
0.49987
0.4999
0.49993
0.49996
0.49999
0.50002
0.50005
0.50008
0.50011
0.50013
0.50016
0.50019
0.50022
0.50025
0.50028
0.50031
0.50034
0.50037
0.5004
0.50043
0.50045
0.50048
0.50051
0.50054
0.50057
0.5006
0.50063
0.50066
0.50069
0.50072
0.50075
0.50077
0.5008
0.50083
0.50086
0.50089
0.50092
0.50095
0.50098
0.50101
0.50104
0.50107
0.50109
0.50112
0.50115
0.50118
0.50121
0.50124
0.50127
0.5013
0.50133
0.50136
0.50138
0.50141
0.50144
0.50147
0.5015
0.50153
0.50156
0.50159
0.50162
0.50165
0.50168
0.5017
0.50173
0.50176
0.50179
0.50182
0.50185
0.50188
0.50191
0.50194
0.50197
0.502
0.50203
0.50205
0.50208
0.50211
0.50214
0.50217
0.5022
0.50223
0.50226
0.50229
0.50232
0.50235
0.50238
0.50241
0.50243
0.50246
0.50249
0.50252
0.50255
0.50258
0.50261
0.50264
0.50267
0.5027
0.50273
0.50275
0.50278
0.50281
0.50284
0.50287
0.5029
0.50293
0.50296
0.50299
0.50302
0.50305
0.50308
0.5031
0.50313
0.50316
0.50319
0.50322
0.50325
0.50328
0.50331
0.50334
0.50337
0.5034
0.50343
0.50345
0.50348
0.50351
0.50354
0.50357
0.5036
0.50363
0.50366
0.50369
0.50372
0.50375
0.50378
0.50381
0.50383
0.50386
0.50389
0.50392
0.50395
0.50398
0.50401
0.50404
0.50407
0.5041
0.50413
0.50416
0.50419
0.50421
0.50424
0.50427
0.5043
0.50433
0.50436
0.50439
0.50442
0.50445
0.50448
0.50451
0.50454
0.50457
0.5046
0.50463
0.50465
0.50468
0.50471
0.50474
0.50477
0.5048
0.50483
0.50486
0.50489
0.50492
0.50495
0.50498
0.50501
0.50503
0.50506
0.50509
0.50512
0.50515
0.50518
0.50521
0.50524
0.50527
0.5053
0.50533
0.50536
0.50539
0.50542
0.50545
0.50548
0.50551
0.50553
0.50556
0.50559
0.50562
0.50565
0.50568
0.50571
0.50574
0.50577
0.5058
0.50583
0.50586
0.50589
0.50592
0.50595
0.50598
0.50601
0.50604
0.50607
0.50609
0.50612
0.50615
0.50618
0.50621
0.50624
0.50627
0.5063
0.50633
0.50636
0.50639
0.50642
0.50645
0.50648
0.50651
0.50654
0.50657
0.50659
0.50662
0.50665
0.50668
0.50671
0.50674
0.50677
0.5068
0.50683
0.50686
0.50689
0.50692
0.50695
0.50698
0.50701
0.50704
0.50707
0.5071
0.50713
0.50716
0.50719
0.50721
0.50724
0.50727
0.5073
0.50733
0.50736
0.50739
0.50742
0.50745
0.50748
0.50751
0.50754
0.50757
0.5076
0.50763
0.50766
0.50769
0.50772
0.50775
0.50778
0.50781
0.50784
0.50787
0.50789
0.50792
0.50795
0.50798
0.50801
0.50804
0.50807
0.5081
0.50813
0.50816
0.50819
0.50822
0.50825
0.50828
0.50831
0.50834
0.50837
0.5084
0.50843
0.50846
0.50849
0.50852
0.50854
0.50857
0.5086
0.50863
0.50866
0.50869
0.50872
0.50875
0.50878
0.50881
0.50884
0.50887
0.5089
0.50893
0.50896
0.50899
0.50902
0.50905
0.50908
0.50911
0.50914
0.50917
0.5092
0.50923
0.50926
0.50929
0.50932
0.50935
0.50938
0.50941
0.50944
0.50946
0.50949
0.50952
0.50955
0.50958
0.50961
0.50964
0.50967
0.5097
0.50973
0.50976
0.50979
0.50982
0.50985
0.50988
0.50991
0.50994
0.50997
0.51
0.51003
0.51006
0.51009
0.51012
0.51015
0.51018
0.51021
0.51024
0.51027
0.5103
0.51033
0.51036
0.51038
0.51041
0.51044
0.51047
0.5105
0.51053
0.51056
0.51059
0.51062
0.51065
0.51068
0.51071
0.51074
0.51077
0.5108
0.51083
0.51086
0.51089
0.51092
0.51095
0.51098
0.51101
0.51104
0.51107
0.5111
0.51113
0.51116
0.51119
0.51122
0.51125
0.51128
0.51131
0.51134
0.51137
0.5114
0.51143
0.51146
0.51149
0.51152
0.51155
0.51158
0.51161
0.51164
0.51167
0.5117
0.51173
0.51176
0.51179
0.51182
0.51185
0.51188
0.51191
0.51194
0.51197
0.51199
0.51202
0.51205
0.51208
0.51211
0.51214
0.51217
0.5122
0.51223
0.51226
0.51229
0.51232
0.51235
0.51238
0.51241
0.51244
0.51247
0.5125
0.51253
0.51256
0.51259
0.51262
0.51265
0.51268
0.51271
0.51274
0.51277
0.5128
0.51283
0.51286
0.51289
0.51292
0.51295
0.51298
0.51301
0.51304
0.51307
0.5131
0.51313
0.51316
0.51319
0.51322
0.51325
0.51328
0.51331
0.51334
0.51337
0.5134
0.51343
0.51346
0.51349
0.51352
0.51355
0.51358
0.51361
0.51364
0.51367
0.5137
0.51373
0.51376
0.51379
0.51382
0.51385
0.51388
0.51391
0.51394
0.51397
0.514
0.51403
0.51406
0.51409
0.51412
0.51415
0.51418
0.51421
0.51424
0.51427
0.5143
0.51433
0.51436
0.51439
0.51442
0.51445
0.51448
0.51451
0.51454
0.51457
0.5146
0.51463
0.51466
0.51469
0.51472
0.51475
0.51478
0.51481
0.51484
0.51487
0.5149
0.51493
0.51496
0.51499
0.51502
0.51505
0.51508
0.51511
0.51514
0.51517
0.5152
0.51523
0.51526
0.51529
0.51531
0.51534
0.51537
0.5154
0.51544
0.51547
0.5155
0.51553
0.51556
0.51559
0.51562
0.51565
0.51568
0.51571
0.51574
0.51577
0.5158
0.51583
0.51586
0.51589
0.51592
0.51595
0.51598
0.51601
0.51604
0.51607
0.5161
0.51613
0.51616
0.51619
0.51622
0.51625
0.51628
0.51631
0.51634
0.51637
0.5164
0.51643
0.51646
0.51649
0.51652
0.51655
0.51658
0.51661
0.51664
0.51667
0.5167
0.51673
0.51676
0.51679
0.51682
0.51685
0.51688
0.51691
0.51694
0.51697
0.517
0.51703
0.51706
0.51709
0.51712
0.51715
0.51718
0.51721
0.51724
0.51727
0.5173
0.51733
0.51736
0.51739
0.51742
0.51745
0.51748
0.51751
0.51754
0.51757
0.5176
0.51763
0.51766
0.51769
0.51772
0.51775
0.51778
0.51781
0.51784
0.51787
0.5179
0.51793
0.51796
0.51799
0.51802
0.51805
0.51809
0.51812
0.51815
0.51818
0.51821
0.51824
0.51827
0.5183
0.51833
0.51836
0.51839
0.51842
0.51845
0.51848
0.51851
0.51854
0.51857
0.5186
0.51863
0.51866
0.51869
0.51872
0.51875
0.51878
0.51881
0.51884
0.51887
0.5189
0.51893
0.51896
0.51899
0.51903
0.51906
0.51909
0.51912
0.51915
0.51918
0.51921
0.51924
0.51927
0.5193
0.51933
0.51936
0.51939
0.51942
0.51945
0.51948
0.51951
0.51954
0.51957
0.5196
0.51963
0.51966
0.51969
0.51972
0.51975
0.51978
0.51981
0.51984
0.51987
0.5199
0.51993
0.51996
0.51999
0.52002
0.52005
0.52008
0.52011
0.52014
0.52017
0.5202
0.52023
0.52026
0.52029
0.52032
0.52035
0.52039
0.52042
0.52045
0.52048
0.52051
0.52054
0.52057
0.5206
0.52063
0.52066
0.52069
0.52072
0.52075
0.52078
0.52081
0.52084
0.52087
0.5209
0.52093
0.52096
0.52099
0.52102
0.52105
0.52108
0.52111
0.52114
0.52117
0.5212
0.52123
0.52126
0.52129
0.52132
0.52135
0.52138
0.52141
0.52145
0.52148
0.52151
0.52154
0.52157
0.5216
0.52163
0.52166
0.52169
0.52172
0.52175
0.52178
0.52181
0.52184
0.52187
0.5219
0.52193
0.52196
0.52199
0.52202
0.52205
0.52208
0.52211
0.52214
0.52217
0.5222
0.52223
0.52226
0.52229
0.52232
0.52235
0.52238
0.52241
0.52244
0.52247
0.5225
0.52253
0.52256
0.52259
0.52262
0.52265
0.52268
0.52271
0.52274
0.52277
0.5228
0.52283
0.52286
0.52289
0.52292
0.52295
0.52299
0.52302
0.52305
0.52308
0.52311
0.52314
0.52317
0.5232
0.52323
0.52326
0.52329
0.52332
0.52335
0.52338
0.52341
0.52344
0.52347
0.5235
0.52353
0.52356
0.52359
0.52362
0.52365
0.52368
0.52371
0.52374
0.52378
0.52381
0.52384
0.52387
0.5239
0.52393
0.52396
0.52399
0.52402
0.52405
0.52408
0.52411
0.52414
0.52417
0.5242
0.52423
0.52426
0.52429
0.52432
0.52435
0.52438
0.52441
0.52444
0.52447
0.5245
0.52453
0.52456
0.52459
0.52462
0.52465
0.52468
0.52471
0.52474
0.52477
0.52481
0.52484
0.52487
0.5249
0.52493
0.52496
0.52499
0.52502
0.52505
0.52508
0.52511
0.52514
0.52517
0.5252
0.52523
0.52526
0.52529
0.52532
0.52535
0.52538
0.52541
0.52544
0.52547
0.5255
0.52553
0.52556
0.52559
0.52562
0.52565
0.52568
0.52571
0.52574
0.52577
0.5258
0.52584
0.52587
0.5259
0.52593
0.52596
0.52599
0.52602
0.52605
0.52608
0.52611
0.52614
0.52617
0.5262
0.52623
0.52626
0.52629
0.52632
0.52635
0.52638
0.52641
0.52644
0.52647
0.5265
0.52653
0.52656
0.52659
0.52662
0.52665
0.52668
0.52671
0.52674
0.52677
0.5268
0.52683
0.52686
0.52689
0.52692
0.52695
0.52698
0.52701
0.52704
0.52707
0.5271
0.52713
0.52716
0.5272
0.52723
0.52726
0.52729
0.52732
0.52735
0.52738
0.52741
0.52744
0.52747
0.5275
0.52753
0.52756
0.52759
0.52762
0.52765
0.52768
0.52771
0.52774
0.52777
0.5278
0.52783
0.52786
0.52789
0.52792
0.52795
0.52798
0.52801
0.52804
0.52807
0.5281
0.52813
0.52816
0.52819
0.52822
0.52826
0.52829
0.52832
0.52835
0.52838
0.52841
0.52844
0.52847
0.5285
0.52853
0.52856
0.52859
0.52862
0.52865
0.52868
0.52871
0.52874
0.52877
0.5288
0.52883
0.52886
0.52889
0.52892
0.52895
0.52898
0.52901
0.52904
0.52907
0.5291
0.52913
0.52916
0.52919
0.52922
0.52925
0.52928
0.52931
0.52934
0.52937
0.5294
0.52943
0.52946
0.52949
0.52952
0.52955
0.52958
0.52961
0.52964
0.52967
0.5297
0.52973
0.52976
0.52979
0.52982
0.52985
0.52988
0.52991
0.52994
0.52997
0.53
0.53003
0.53006
0.53009
0.53012
0.53015
0.53018
0.53021
0.53024
0.53027
0.5303
0.53033
0.53036
0.53039
0.53042
0.53045
0.53049
0.53052
0.53055
0.53058
0.53061
0.53064
0.53067
0.5307
0.53073
0.53076
0.53079
0.53082
0.53085
0.53088
0.53091
0.53094
0.53097
0.531
0.53103
0.53106
0.53109
0.53112
0.53115
0.53118
0.53121
0.53124
0.53127
0.5313
0.53133
0.53136
0.53139
0.53142
0.53145
0.53148
0.53151
0.53154
0.53157
0.5316
0.53163
0.53166
0.53169
0.53172
0.53175
0.53178
0.53181
0.53184
0.53187
0.5319
0.53193
0.53196
0.53199
0.53202
0.53205
0.53208
0.53211
0.53214
0.53217
0.5322
0.53223
0.53226
0.53229
0.53232
0.53235
0.53238
0.53241
0.53244
0.53247
0.5325
0.53253
0.53256
0.53259
0.53262
0.53265
0.53268
0.53271
0.53274
0.53277
0.5328
0.53283
0.53286
0.53289
0.53292
0.53295
0.53298
0.53301
0.53304
0.53307
0.5331
0.53313
0.53316
0.53319
0.53322
0.53325
0.53328
0.53331
0.53334
0.53337
0.5334
0.53343
0.53346
0.53349
0.53352
0.53355
0.53358
0.53361
0.53364
0.53367
0.5337
0.53373
0.53376
0.53379
0.53382
0.53385
0.53388
0.53391
0.53394
0.53397
0.534
0.53403
0.53406
0.53409
0.53412
0.53415
0.53418
0.53421
0.53424
0.53427
0.5343
0.53433
0.53436
0.53439
0.53442
0.53445
0.53448
0.53451
0.53454
0.53457
0.5346
0.53463
0.53466
0.53469
0.53472
0.53475
0.53478
0.53481
0.53484
0.53487
0.5349
0.53493
0.53496
0.53499
0.53502
0.53505
0.53508
0.53511
0.53514
0.53517
0.5352
0.53523
0.53526
0.53529
0.53532
0.53535
0.53538
0.53541
0.53544
0.53547
0.5355
0.53553
0.53555
0.53558
0.53561
0.53564
0.53567
0.5357
0.53573
0.53576
0.53579
0.53582
0.53585
0.53588
0.53591
0.53594
0.53597
0.536
0.53603
0.53606
0.53609
0.53612
0.53615
0.53618
0.53621
0.53624
0.53627
0.5363
0.53633
0.53636
0.53639
0.53642
0.53645
0.53648
0.53651
0.53654
0.53657
0.5366
0.53663
0.53666
0.53669
0.53672
0.53675
0.53678
0.53681
0.53684
0.53687
0.5369
0.53693
0.53696
0.53699
0.53702
0.53705
0.53708
0.53711
0.53714
0.53717
0.5372
0.53723
0.53726
0.53729
0.53732
0.53735
0.53738
0.53741
0.53744
0.53747
0.5375
0.53753
0.53755
0.53758
0.53761
0.53764
0.53767
0.5377
0.53773
0.53776
0.53779
0.53782
0.53785
0.53788
0.53791
0.53794
0.53797
0.538
0.53803
0.53806
0.53809
0.53812
0.53815
0.53818
0.53821
0.53824
0.53827
0.5383
0.53833
0.53836
0.53839
0.53841
0.53844
0.53847
0.5385
0.53853
0.53856
0.53859
0.53862
0.53865
0.53868
0.53871
0.53874
0.53877
0.5388
0.53883
0.53886
0.53889
0.53892
0.53895
0.53898
0.53901
0.53904
0.53907
0.5391
0.53913
0.53916
0.53919
0.53922
0.53925
0.53928
0.5393
0.53933
0.53936
0.53939
0.53942
0.53945
0.53948
0.53951
0.53954
0.53957
0.5396
0.53963
0.53966
0.53969
0.53972
0.53975
0.53978
0.53981
0.53984
0.53987
0.5399
0.53993
0.53995
0.53998
0.54001
0.54004
0.54007
0.5401
0.54013
0.54016
0.54019
0.54022
0.54025
0.54028
0.54031
0.54034
0.54037
0.5404
0.54043
0.54046
0.54049
0.54052
0.54055
0.54057
0.5406
0.54063
0.54066
0.54069
0.54072
0.54075
0.54078
0.54081
0.54084
0.54087
0.5409
0.54093
0.54096
0.54099
0.54102
0.54105
0.54108
0.54111
0.54114
0.54117
0.54119
0.54122
0.54125
0.54128
0.54131
0.54134
0.54137
0.5414
0.54143
0.54146
0.54149
0.54152
0.54155
0.54158
0.54161
0.54164
0.54166
0.54169
0.54172
0.54175
0.54178
0.54181
0.54184
0.54187
0.5419
0.54193
0.54196
0.54199
0.54202
0.54205
0.54208
0.54211
0.54214
0.54217
0.5422
0.54223
0.54226
0.54228
0.54231
0.54234
0.54237
0.5424
0.54243
0.54246
0.54249
0.54252
0.54255
0.54258
0.54261
0.54264
0.54267
0.5427
0.54273
0.54275
0.54278
0.54281
0.54284
0.54287
0.5429
0.54293
0.54296
0.54299
0.54302
0.54305
0.54308
0.54311
0.54314
0.54317
0.5432
0.54322
0.54325
0.54328
0.54331
0.54334
0.54337
0.5434
0.54343
0.54346
0.54349
0.54352
0.54355
0.54358
0.54361
0.54363
0.54366
0.54369
0.54372
0.54375
0.54378
0.54381
0.54384
0.54387
0.5439
0.54393
0.54396
0.54399
0.54402
0.54404
0.54407
0.5441
0.54413
0.54416
0.54419
0.54422
0.54425
0.54428
0.54431
0.54434
0.54437
0.5444
0.54442
0.54445
0.54448
0.54451
0.54454
0.54457
0.5446
0.54463
0.54466
0.54469
0.54472
0.54475
0.54478
0.5448
0.54483
0.54486
0.54489
0.54492
0.54495
0.54498
0.54501
0.54504
0.54507
0.5451
0.54512
0.54515
0.54518
0.54521
0.54524
0.54527
0.5453
0.54533
0.54536
0.54539
0.54542
0.54544
0.54547
0.5455
0.54553
0.54556
0.54559
0.54562
0.54565
0.54568
0.54571
0.54574
0.54577
0.54579
0.54582
0.54585
0.54588
0.54591
0.54594
0.54597
0.546
0.54603
0.54606
0.54609
0.54612
0.54614
0.54617
0.5462
0.54623
0.54626
0.54629
0.54632
0.54635
0.54638
0.54641
0.54644
0.54646
0.54649
0.54652
0.54655
0.54658
0.54661
0.54664
0.54667
0.5467
0.54673
0.54676
0.54678
0.54681
0.54684
0.54687
0.5469
0.54693
0.54696
0.54699
0.54702
0.54705
0.54708
0.5471
0.54713
0.54716
0.54719
0.54722
0.54725
0.54728
0.54731
0.54734
0.54736
0.54739
0.54742
0.54745
0.54748
0.54751
0.54754
0.54757
0.5476
0.54762
0.54765
0.54768
0.54771
0.54774
0.54777
0.5478
0.54783
0.54786
0.54788
0.54791
0.54794
0.54797
0.548
0.54803
0.54806
0.54809
0.54812
0.54814
0.54817
0.5482
0.54823
0.54826
0.54829
0.54832
0.54835
0.54837
0.5484
0.54843
0.54846
0.54849
0.54852
0.54855
0.54858
0.54861
0.54863
0.54866
0.54869
0.54872
0.54875
0.54878
0.54881
0.54884
0.54886
0.54889
0.54892
0.54895
0.54898
0.54901
0.54904
0.54907
0.5491
0.54912
0.54915
0.54918
0.54921
0.54924
0.54927
0.5493
0.54932
0.54935
0.54938
0.54941
0.54944
0.54947
0.5495
0.54953
0.54955
0.54958
0.54961
0.54964
0.54967
0.5497
0.54973
0.54976
0.54978
0.54981
0.54984
0.54987
0.5499
0.54993
0.54996
0.54999
0.55001
0.55004
0.55007
0.5501
0.55013
0.55016
0.55019
0.55022
0.55024
0.55027
0.5503
0.55033
0.55036
0.55039
0.55042
0.55044
0.55047
0.5505
0.55053
0.55056
0.55059
0.55062
0.55065
0.55067
0.5507
0.55073
0.55076
0.55079
0.55082
0.55085
0.55088
0.55091
0.55093
0.55096
0.55099
0.55102
0.55105
0.55108
0.55111
0.55114
0.55117
0.55119
0.55122
0.55125
0.55128
0.55131
0.55134
0.55137
0.5514
0.55142
0.55145
0.55148
0.55151
0.55154
0.55157
0.5516
0.55163
0.55165
0.55168
0.55171
0.55174
0.55177
0.5518
0.55183
0.55186
0.55189
0.55191
0.55194
0.55197
0.552
0.55203
0.55206
0.55209
0.55212
0.55214
0.55217
0.5522
0.55223
0.55226
0.55229
0.55232
0.55235
0.55237
0.5524
0.55243
0.55246
0.55249
0.55252
0.55255
0.55258
0.5526
0.55263
0.55266
0.55269
0.55272
0.55275
0.55278
0.55281
0.55283
0.55286
0.55289
0.55292
0.55295
0.55298
0.55301
0.55304
0.55306
0.55309
0.55312
0.55315
0.55318
0.55321
0.55324
0.55327
0.55329
0.55332
0.55335
0.55338
0.55341
0.55344
0.55347
0.55349
0.55352
0.55355
0.55358
0.55361
0.55364
0.55367
0.5537
0.55372
0.55375
0.55378
0.55381
0.55384
0.55387
0.5539
0.55393
0.55395
0.55398
0.55401
0.55404
0.55407
0.5541
0.55413
0.55416
0.55418
0.55421
0.55424
0.55427
0.5543
0.55433
0.55436
0.55438
0.55441
0.55444
0.55447
0.5545
0.55453
0.55456
0.55458
0.55461
0.55464
0.55467
0.5547
0.55473
0.55476
0.55478
0.55481
0.55484
0.55487
0.5549
0.55493
0.55496
0.55498
0.55501
0.55504
0.55507
0.5551
0.55513
0.55516
0.55518
0.55521
0.55524
0.55527
0.5553
0.55533
0.55535
0.55538
0.55541
0.55544
0.55547
0.5555
0.55552
0.55555
0.55558
0.55561
0.55564
0.55567
0.5557
0.55572
0.55575
0.55578
0.55581
0.55584
0.55587
0.5559
0.55592
0.55595
0.55598
0.55601
0.55604
0.55607
0.5561
0.55612
0.55615
0.55618
0.55621
0.55624
0.55627
0.5563
0.55632
0.55635
0.55638
0.55641
0.55644
0.55647
0.5565
0.55652
0.55655
0.55658
0.55661
0.55664
0.55667
0.55669
0.55672
0.55675
0.55678
0.55681
0.55684
0.55687
0.55689
0.55692
0.55695
0.55698
0.55701
0.55704
0.55706
0.55709
0.55712
0.55715
0.55718
0.55721
0.55723
0.55726
0.55729
0.55732
0.55735
0.55738
0.5574
0.55743
0.55746
0.55749
0.55752
0.55755
0.55757
0.5576
0.55763
0.55766
0.55769
0.55772
0.55774
0.55777
0.5578
0.55783
0.55786
0.55789
0.55791
0.55794
0.55797
0.558
0.55803
0.55806
0.55808
0.55811
0.55814
0.55817
0.5582
0.55823
0.55825
0.55828
0.55831
0.55834
0.55837
0.5584
0.55843
0.55845
0.55848
0.55851
0.55854
0.55857
0.5586
0.55862
0.55865
0.55868
0.55871
0.55874
0.55877
0.55879
0.55882
0.55885
0.55888
0.55891
0.55894
0.55896
0.55899
0.55902
0.55905
0.55908
0.55911
0.55913
0.55916
0.55919
0.55922
0.55925
0.55928
0.5593
0.55933
0.55936
0.55939
0.55942
0.55945
0.55947
0.5595
0.55953
0.55956
0.55959
0.55961
0.55964
0.55967
0.5597
0.55973
0.55976
0.55978
0.55981
0.55984
0.55987
0.5599
0.55993
0.55995
0.55998
0.56001
0.56004
0.56007
0.56009
0.56012
0.56015
0.56018
0.56021
0.56024
0.56026
0.56029
0.56032
0.56035
0.56038
0.56041
0.56043
0.56046
0.56049
0.56052
0.56055
0.56057
0.5606
0.56063
0.56066
0.56069
0.56072
0.56074
0.56077
0.5608
0.56083
0.56086
0.56089
0.56091
0.56094
0.56097
0.561
0.56103
0.56106
0.56108
0.56111
0.56114
0.56117
0.5612
0.56122
0.56125
0.56128
0.56131
0.56134
0.56137
0.56139
0.56142
0.56145
0.56148
0.56151
0.56153
0.56156
0.56159
0.56162
0.56165
0.56168
0.5617
0.56173
0.56176
0.56179
0.56182
0.56184
0.56187
0.5619
0.56193
0.56196
0.56198
0.56201
0.56204
0.56207
0.5621
0.56213
0.56215
0.56218
0.56221
0.56224
0.56227
0.56229
0.56232
0.56235
0.56238
0.56241
0.56244
0.56246
0.56249
0.56252
0.56255
0.56258
0.5626
0.56263
0.56266
0.56269
0.56272
0.56274
0.56277
0.5628
0.56283
0.56286
0.56289
0.56291
0.56294
0.56297
0.563
0.56303
0.56305
0.56308
0.56311
0.56314
0.56317
0.56319
0.56322
0.56325
0.56328
0.56331
0.56333
0.56336
0.56339
0.56342
0.56345
0.56348
0.5635
0.56353
0.56356
0.56359
0.56362
0.56364
0.56367
0.5637
0.56373
0.56376
0.56379
0.56381
0.56384
0.56387
0.5639
0.56393
0.56395
0.56398
0.56401
0.56404
0.56407
0.5641
0.56412
0.56415
0.56418
0.56421
0.56424
0.56426
0.56429
0.56432
0.56435
0.56438
0.5644
0.56443
0.56446
0.56449
0.56452
0.56454
0.56457
0.5646
0.56463
0.56466
0.56468
0.56471
0.56474
0.56477
0.5648
0.56482
0.56485
0.56488
0.56491
0.56494
0.56497
0.56499
0.56502
0.56505
0.56508
0.56511
0.56513
0.56516
0.56519
0.56522
0.56525
0.56527
0.5653
0.56533
0.56536
0.56539
0.56542
0.56544
0.56547
0.5655
0.56553
0.56556
0.56558
0.56561
0.56564
0.56567
0.5657
0.56572
0.56575
0.56578
0.56581
0.56584
0.56586
0.56589
0.56592
0.56595
0.56598
0.566
0.56603
0.56606
0.56609
0.56611
0.56614
0.56617
0.5662
0.56623
0.56625
0.56628
0.56631
0.56634
0.56637
0.56639
0.56642
0.56645
0.56648
0.56651
0.56653
0.56656
0.56659
0.56662
0.56664
0.56667
0.5667
0.56673
0.56676
0.56678
0.56681
0.56684
0.56687
0.5669
0.56692
0.56695
0.56698
0.56701
0.56704
0.56706
0.56709
0.56712
0.56715
0.56717
0.5672
0.56723
0.56726
0.56729
0.56731
0.56734
0.56737
0.5674
0.56743
0.56745
0.56748
0.56751
0.56754
0.56757
0.56759
0.56762
0.56765
0.56768
0.5677
0.56773
0.56776
0.56779
0.56782
0.56784
0.56787
0.5679
0.56793
0.56796
0.56798
0.56801
0.56804
0.56807
0.5681
0.56812
0.56815
0.56818
0.56821
0.56824
0.56826
0.56829
0.56832
0.56835
0.56837
0.5684
0.56843
0.56846
0.56849
0.56851
0.56854
0.56857
0.5686
0.56863
0.56865
0.56868
0.56871
0.56874
0.56877
0.56879
0.56882
0.56885
0.56888
0.56891
0.56893
0.56896
0.56899
0.56902
0.56904
0.56907
0.5691
0.56913
0.56916
0.56918
0.56921
0.56924
0.56927
0.5693
0.56932
0.56935
0.56938
0.56941
0.56944
0.56946
0.56949
0.56952
0.56955
0.56957
0.5696
0.56963
0.56966
0.56969
0.56971
0.56974
0.56977
0.5698
0.56983
0.56985
0.56988
0.56991
0.56994
0.56996
0.56999
0.57002
0.57005
0.57008
0.5701
0.57013
0.57016
0.57019
0.57022
0.57024
0.57027
0.5703
0.57033
0.57036
0.57038
0.57041
0.57044
0.57047
0.57049
0.57052
0.57055
0.57058
0.57061
0.57063
0.57066
0.57069
0.57072
0.57075
0.57077
0.5708
0.57083
0.57086
0.57088
0.57091
0.57094
0.57097
0.571
0.57102
0.57105
0.57108
0.57111
0.57114
0.57116
0.57119
0.57122
