0
0
0.00055984
0.0010491
0.0015145
0.0019671
0.0024157
0.0028673
0.0033289
0.0038091
0.0043183
0.0048687
0.0054749
0.0061546
0.0069293
0.0078265
0.008884
0.010157
0.011697
0.013219
0.014766
0.016345
0.01793
0.01961
0.021517
0.023841
0.026106
0.028441
0.030795
0.033059
0.035313
0.03766
0.040127
0.042688
0.045541
0.048978
0.052086
0.05513
0.058077
0.061012
0.064057
0.067264
0.070522
0.073891
0.077637
0.081798
0.085643
0.089291
0.092858
0.096497
0.10038
0.10441
0.10829
0.11231
0.11682
0.12148
0.12586
0.13018
0.13456
0.13901
0.14365
0.14842
0.15312
0.15809
0.16337
0.16844
0.17331
0.17822
0.18338
0.18858
0.19412
0.19935
0.20451
0.21003
0.21576
0.22107
0.22635
0.23201
0.23763
0.2431
0.24879
0.25417
0.25965
0.26567
0.27144
0.2768
0.28233
0.2882
0.29404
0.29978
0.3052
0.31068
0.31645
0.32237
0.32768
0.333
0.33878
0.34502
0.35053
0.35574
0.36092
0.36592
0.37117
0.37657
0.38154
0.38658
0.39206
0.39824
0.40409
0.40901
0.41362
0.41792
0.42225
0.42685
0.43122
0.43564
0.44034
0.44545
0.45079
0.45557
0.46014
0.46435
0.46823
0.47199
0.47552
0.47907
0.48279
0.48676
0.491
0.49541
0.49961
0.50372
0.50724
0.51016
0.51286
0.51548
0.51811
0.52077
0.5235
0.52631
0.52922
0.53219
0.53522
0.53777
0.5399
0.54183
0.54365
0.54539
0.54711
0.54879
0.55045
0.55209
0.5537
0.5553
0.55689
0.55835
0.55967
0.5609
0.56205
0.56315
0.5642
0.56522
0.56622
0.56719
0.56814
0.56907
0.56999
0.57089
0.57179
0.57267
0.57354
0.57441
0.57526
0.57611
0.57696
0.57779
0.57862
0.57944
0.58026
0.58107
0.58188
0.58268
0.58348
0.58427
0.58506
0.58584
0.58662
0.58739
0.58816
0.58893
0.58969
0.59045
0.59121
0.59196
0.59271
0.59345
0.5942
0.59493
0.59567
0.5964
0.59713
0.59786
0.59859
0.59931
0.60003
0.60075
0.60146
0.60217
0.60288
0.60359
0.6043
0.605
0.6057
0.6064
0.6071
0.6078
0.60849
0.60918
0.60988
0.61057
0.61125
0.61194
0.61263
0.61331
0.61399
0.61467
0.61536
0.61604
0.61671
0.61739
0.61807
0.61874
0.61942
0.62009
0.62076
0.62144
0.62211
0.62278
0.62345
0.62412
0.62479
0.62545
0.62612
0.62679
0.62745
0.62812
0.62878
0.62945
0.63011
0.63078
0.63144
0.6321
0.63276
0.63342
0.63409
0.63475
0.63541
0.63607
0.63672
0.63738
0.63804
0.6387
0.63936
0.64001
0.64067
0.64133
0.64198
0.64264
0.64329
0.64395
0.6446
0.64526
0.64591
0.64656
0.64722
0.64787
0.64852
0.64918
0.64983
0.65048
0.65113
0.65178
0.65243
0.65309
0.65374
0.65439
0.65504
0.65569
0.65634
0.65699
0.65764
0.65829
0.65894
0.65959
0.66024
0.66089
0.66154
0.66219
0.66283
0.66348
0.66413
0.66478
0.66543
0.66608
0.66673
0.66738
0.66802
0.66867
0.66932
0.66997
0.67062
0.67126
0.67191
0.67256
0.67321
0.67386
0.67451
0.67515
0.6758
0.67645
0.6771
0.67774
0.67839
0.67904
0.67969
0.68034
0.68098
0.68163
0.68228
0.68293
0.68358
0.68422
0.68487
0.68552
0.68617
0.68682
0.68747
0.68811
0.68876
0.68941
0.69006
0.69071
0.69136
0.692
0.69265
0.6933
0.69395
0.6946
0.69525
0.6959
0.69655
0.6972
0.69785
0.6985
0.69915
0.6998
0.70044
0.70109
0.70174
0.70239
0.70305
0.7037
0.70435
0.705
0.70565
0.7063
0.70695
0.7076
0.70825
0.7089
0.70955
0.7102
0.71086
0.71151
0.71216
0.71281
0.71346
0.71412
0.71477
0.71542
0.71607
0.71673
0.71738
0.71803
0.71869
0.71934
0.71999
0.72065
0.7213
0.72196
0.72261
0.72327
0.72392
0.72458
0.72523
0.72589
0.72654
0.7272
0.72786
0.72851
0.72917
0.72983
0.73048
0.73114
0.7318
0.73246
0.73311
0.73377
0.73443
0.73509
0.73575
0.73641
0.73707
0.73773
0.73839
0.73905
0.73971
0.74037
0.74103
0.74169
0.74236
0.74302
0.74368
0.74434
0.74501
0.74567
0.74633
0.747
0.74766
0.74833
0.74899
0.74966
0.75032
0.75099
0.75165
0.75232
0.75299
0.75365
0.75432
0.75499
0.75566
0.75633
0.757
0.75766
0.75833
0.759
0.75967
0.76034
0.76102
0.76169
0.76236
0.76303
0.7637
0.76437
0.76505
0.76572
0.76639
0.76707
0.76774
0.76842
0.76909
0.76977
0.77044
0.77112
0.77179
0.77247
0.77315
0.77382
0.7745
0.77518
0.77585
0.77653
0.77721
0.77789
0.77857
0.77925
0.77993
0.78061
0.78129
0.78197
0.78265
0.78333
0.78401
0.78469
0.78537
0.78605
0.78674
0.78742
0.7881
0.78879
0.78947
0.79015
0.79084
0.79152
0.79221
0.79289
0.79358
0.79426
0.79495
0.79563
0.79632
0.79701
0.79769
0.79838
0.79907
0.79976
0.80044
0.80113
0.80182
0.80251
0.8032
0.80389
0.80458
0.80527
0.80596
0.80665
0.80734
0.80804
0.80873
0.80942
0.81011
0.81081
0.8115
0.81219
0.81289
0.81358
0.81428
0.81497
0.81567
0.81636
0.81706
0.81776
0.81845
0.81915
0.81985
0.82055
0.82125
0.82195
0.82265
0.82335
0.82405
0.82475
0.82546
0.82616
0.82686
0.82756
0.82827
0.82897
0.82967
0.83038
0.83108
0.83179
0.83249
0.8332
0.8339
0.83461
0.83532
0.83603
0.83674
0.83744
0.83815
0.83886
0.83958
0.84029
0.841
0.84171
0.84243
0.84314
0.84385
0.84457
0.84528
0.846
0.84672
0.84743
0.84815
0.84887
0.84959
0.85031
0.85103
0.85175
0.85247
0.85319
0.85391
0.85463
0.85536
0.85608
0.8568
0.85753
0.85825
0.85898
0.8597
0.86043
0.86115
0.86188
0.86261
0.86334
0.86406
0.86479
0.86552
0.86625
0.86698
0.86772
0.86845
0.86918
0.86991
0.87065
0.87138
0.87212
0.87285
0.87359
0.87432
0.87506
0.87579
0.87653
0.87726
0.878
0.87874
0.87947
0.88021
0.88095
0.88169
0.88243
0.88316
0.8839
0.88464
0.88538
0.88613
0.88687
0.88761
0.88835
0.8891
0.88984
0.89059
0.89133
0.89208
0.89282
0.89357
0.89432
0.89507
0.89582
0.89657
0.89732
0.89807
0.89881
0.89956
0.90031
0.90106
0.90181
0.90256
0.90332
0.90407
0.90482
0.90557
0.90632
0.90707
0.90783
0.90858
0.90934
0.91009
0.91085
0.91161
0.91237
0.91313
0.91389
0.91465
0.91541
0.91617
0.91694
0.9177
0.91847
0.91923
0.92
0.92076
0.92153
0.9223
0.92307
0.92384
0.92461
0.92538
0.92615
0.92692
0.9277
0.92847
0.92924
0.93002
0.93079
0.93157
0.93234
0.93312
0.9339
0.93468
0.93546
0.93624
0.93702
0.93781
0.93859
0.93937
0.94015
0.94094
0.94172
0.9425
0.94329
0.94407
0.94486
0.94564
0.94643
0.94722
0.948
0.94879
0.94958
0.95037
0.95116
0.95195
0.95274
0.95353
0.95432
0.95511
0.9559
0.9567
0.95749
0.95829
0.95908
0.95988
0.96067
0.96147
0.96227
0.96307
0.96387
0.96467
0.96547
0.96627
0.96708
0.96788
0.96868
0.96949
0.97029
0.9711
0.97191
0.97272
0.97352
0.97433
0.97514
0.97595
0.97676
0.97757
0.97838
0.97919
0.98
0.98081
0.98161
0.98242
0.98323
0.98404
0.98485
0.98567
0.98648
0.98729
0.9881
0.98891
0.98973
0.99054
0.99136
0.99217
0.99299
0.99381
0.99462
0.99544
0.99626
0.99708
0.9979
0.99872
0.99955
1.0004
