0
0
0.010157
0.021517
0.030795
0.040127
0.052086
0.061012
0.070522
0.081798
0.092858
0.10038
0.11231
0.12148
0.13018
0.14365
0.15312
0.16337
0.17331
0.18338
0.19412
0.20451
0.21003
0.22107
0.23201
0.2431
0.25417
0.26567
0.27144
0.28233
0.29404
0.3052
0.31068
0.32237
0.333
0.34502
0.35053
0.36092
0.37117
0.38154
0.39206
0.40409
0.41362
0.42225
0.43122
0.44034
0.45079
0.46014
0.47199
0.48279
0.491
0.50372
0.51016
0.52077
0.53219
0.54183
0.55045
0.5609
0.57089
0.58026
0.59045
0.60003
0.61057
0.62009
0.63011
0.64001
0.65048
0.66024
0.67062
0.68034
0.69006
0.70044
0.7102
0.72065
0.73048
0.74037
0.75032
0.76034
0.77044
0.78061
0.79015
0.80044
0.81011
0.82055
0.83038
0.84029
0.85031
0.86043
0.87065
0.88021
0.89059
0.90031
0.91009
0.92076
0.93002
0.94015
0.95037
0.96067
0.97029
0.98081
0.99054
1.0004
