0
0.00036541
0.00068379
0.00097925
0.0012592
0.0015291
0.0017937
0.0020576
0.0023251
0.0026005
0.0028873
0.0031888
0.0035079
0.0038474
0.0042104
0.0046003
0.0050216
0.0054795
0.0059809
0.0065165
0.0070658
0.0076433
0.0082671
0.0089597
0.0097483
0.010664
0.011679
0.01255
0.013365
0.014165
0.014979
0.015833
0.016751
0.017762
0.018896
0.019993
0.021087
0.022224
0.02345
0.024674
0.025781
0.026815
0.02781
0.028796
0.029807
0.030878
0.032044
0.033324
0.034724
0.035997
0.037186
0.038328
0.039451
0.040587
0.041774
0.043052
0.044461
0.046025
0.047753
0.049334
0.050814
0.05223
0.053613
0.055011
0.056463
0.057991
0.059598
0.061283
0.062988
0.064597
0.066145
0.067656
0.069156
0.070677
0.072243
0.073872
0.075572
0.077351
0.079194
0.081132
0.083166
0.085301
0.087416
0.089352
0.09112
0.092804
0.094457
0.096125
0.097846
0.099651
0.10137
0.10307
0.1048
0.10658
0.10845
0.11044
0.11238
0.11429
0.11621
0.11819
0.12027
0.1225
0.12498
0.12778
0.13062
0.13345
0.13619
0.13855
0.14078
0.14295
0.14511
0.14735
0.14965
0.15182
0.15393
0.15603
0.15813
0.16027
0.16246
0.16474
0.16714
0.16973
0.17255
0.17512
0.17751
0.17979
0.18203
0.18427
0.18653
0.18884
0.19124
0.1938
0.19647
0.19903
0.20161
0.20431
0.20722
0.21045
0.21415
0.21848
0.22338
0.22773
0.23188
0.23588
0.23986
0.24399
0.24838
0.25309
0.25687
0.2601
0.26306
0.26592
0.26881
0.27193
0.27553
0.27965
0.28373
0.28784
0.29199
0.29617
0.30042
0.30409
0.30724
0.31019
0.31279
0.31526
0.31771
0.32025
0.32304
0.3259
0.32882
0.33179
0.33483
0.33793
0.3411
0.34437
0.34779
0.35128
0.35427
0.35701
0.35967
0.36234
0.36511
0.36782
0.37063
0.37375
0.37739
0.3811
0.38482
0.38817
0.39095
0.39336
0.39557
0.39767
0.39974
0.40184
0.40403
0.40637
0.40888
0.41162
0.41466
0.41807
0.42165
0.42547
0.42962
0.43408
0.43871
0.44305
0.44735
0.45174
0.45625
0.46086
0.46568
0.47056
0.4746
0.47794
0.48094
0.48383
0.48679
0.49003
0.49365
0.49687
0.49989
0.50285
0.50588
0.50913
0.51278
0.51677
0.51985
0.52267
0.52552
0.52866
0.5315
0.53423
0.53608
0.53616
0.53618
0.53619
0.5362
0.53623
0.53624
0.53626
0.53626
0.53626
0.53626
0.53626
0.53626
0.53626
0.53626
0.53626
0.53627
0.53627
0.53627
0.53626
0.53626
0.53626
0.53626
0.53626
0.53626
0.53626
0.53626
0.53625
0.53625
0.53625
0.53624
0.53624
0.53624
0.53623
0.53623
0.53623
0.53623
0.53622
0.53622
0.53623
0.53623
0.53624
0.53624
0.53625
0.53626
0.53627
0.53627
0.53628
0.53629
0.53629
0.5363
0.53631
0.53633
0.53637
0.53648
0.53686
0.53781
0.53921
0.54066
0.54204
0.54288
0.54361
0.54423
0.54484
0.54544
0.54627
0.54702
0.54751
0.54782
0.54802
0.54816
0.54827
0.54836
0.54845
0.54852
0.54859
0.54864
0.5487
0.54875
0.54881
0.54886
0.5489
0.54894
0.54896
0.54899
0.54901
0.54903
0.54905
0.54911
0.54918
0.54923
0.54926
0.54928
0.54928
0.54929
0.54929
0.54929
0.54929
0.54929
0.54928
0.54928
0.54928
0.54929
0.54929
0.5493
0.5493
0.54931
0.54931
0.54932
0.54932
0.54932
0.54933
0.54933
0.54933
0.54932
0.54932
0.54933
0.54933
0.54933
0.54933
0.54934
0.54934
0.54934
0.54934
0.54934
0.54934
0.54935
0.54935
0.54935
0.54935
0.54935
0.54935
0.54935
0.54935
0.54936
0.54936
0.54936
0.54936
0.54937
0.54937
0.54937
0.54937
0.54937
0.54937
0.54938
0.54938
0.54938
0.54938
0.54938
0.54939
0.54939
0.54939
0.5494
0.5494
0.54941
0.54941
0.54942
0.54942
0.54942
0.54943
0.54943
0.54943
0.54944
0.54944
0.54944
0.54945
0.54945
0.54945
0.54946
0.54946
0.54947
0.54947
0.54947
0.54948
0.54948
0.54948
0.54949
0.54949
0.54949
0.5495
0.5495
0.5495
0.54951
0.54951
0.54951
0.54951
0.54952
0.54952
0.54952
0.54953
0.54953
0.54953
0.54954
0.54954
0.54954
0.54955
0.54955
0.54956
0.54956
0.54956
0.54957
0.54957
0.54958
0.54958
0.54958
0.54959
0.54959
0.54959
0.5496
0.5496
0.54961
0.54961
0.54961
0.54962
0.54962
0.54963
0.54963
0.54964
0.54964
0.54965
0.54965
0.54966
0.54966
0.54967
0.54967
0.54968
0.54968
0.54969
0.54969
0.5497
0.54971
0.54971
0.54972
0.54973
0.54974
0.54975
0.54976
0.54978
0.5498
0.54981
0.54983
0.54984
0.54986
0.54988
0.5499
0.54992
0.54993
0.54993
0.54993
0.54993
0.54993
0.54992
0.54992
0.54991
0.54991
0.54991
0.5499
0.5499
0.54989
0.54989
0.54988
0.54988
0.54988
0.54988
0.54988
0.54987
0.54987
0.54987
0.54987
0.54987
0.54987
0.54987
0.54987
0.54987
0.54987
0.54987
0.54987
0.54987
0.54987
0.54987
0.54987
0.54987
0.54987
0.54987
0.54987
0.54987
0.54987
0.54986
0.54986
0.54986
0.54986
0.54986
0.54986
0.54986
0.54985
0.54985
0.54985
0.54985
0.54985
0.54985
0.54985
0.54985
0.54985
0.54985
0.54985
0.54985
0.54985
0.54985
0.54985
0.54985
0.54985
0.54985
0.54985
0.54985
0.54986
0.54986
0.54986
0.54986
0.54986
0.54986
0.54986
0.54986
0.54986
0.54986
0.54986
0.54986
0.54986
0.54986
0.54986
0.54987
0.54987
0.54987
0.54987
0.54987
0.54987
0.54987
0.54987
0.54987
0.54987
0.54987
0.54987
0.54987
0.54987
0.54987
0.54987
0.54987
0.54987
0.54987
0.54987
0.54987
0.54987
0.54987
0.54987
0.54987
0.54988
0.54988
0.54988
0.54988
0.54988
0.54988
0.54988
0.54988
0.54988
0.54988
0.54988
0.54988
0.54989
0.54989
0.54989
0.54989
0.54989
0.54989
0.54989
0.5499
0.5499
0.5499
0.5499
0.5499
0.54991
0.54991
0.54991
0.54992
0.54992
0.54992
0.54993
0.54993
0.54994
0.54994
0.54995
0.54996
0.54996
0.54997
0.54998
0.54999
0.55
0.55002
0.55003
0.55005
0.55007
0.55008
0.5501
0.55012
0.55014
0.55016
0.55018
0.5502
0.55023
0.55025
0.55027
0.55029
0.55031
0.55033
0.55035
0.55037
0.55039
0.55041
0.55043
0.55045
0.55047
0.55049
0.55051
0.55053
0.55055
0.55057
0.55059
0.55061
0.55062
0.55063
0.55063
0.55064
0.55064
0.55065
0.55065
0.55065
0.55065
0.55065
0.55066
0.55066
0.55066
0.55066
0.55066
0.55066
0.55066
0.55067
0.55067
0.55067
0.55067
0.55067
0.55067
0.55068
0.55068
0.55068
0.55068
0.55069
0.55069
0.55069
0.5507
0.5507
0.55071
0.55072
0.55073
0.55074
0.55076
0.55078
0.55079
0.55082
0.55084
0.55087
0.55091
0.55095
0.55098
0.55101
0.55104
0.55106
0.55109
0.55112
0.55115
0.55118
0.55121
0.55124
0.55127
0.55131
0.55135
0.55138
0.55141
0.55144
0.55147
0.55149
0.55151
0.55154
0.55156
0.55158
0.5516
0.55163
0.55165
0.55167
0.5517
0.55172
0.55175
0.55178
0.5518
0.55183
0.55185
0.55188
0.55191
0.55193
0.55196
0.55198
0.552
0.55203
0.55205
0.55207
0.55209
0.55212
0.55214
0.55216
0.55218
0.5522
0.55222
0.55224
0.55226
0.55228
0.5523
0.55231
0.55233
0.55234
0.55236
0.55237
0.55238
0.55239
0.5524
0.55241
0.55241
0.55242
0.55243
0.55243
0.55244
0.55245
0.55245
0.55246
0.55246
0.55247
0.55247
0.55247
0.55248
0.55248
0.55248
0.55249
0.55249
0.55249
0.5525
0.5525
0.5525
0.5525
0.5525
0.5525
0.55251
0.55251
0.55251
0.55251
0.55251
0.55251
0.55251
0.55251
0.55251
0.55251
0.55252
0.55252
0.55252
0.55252
0.55252
0.55252
0.55252
0.55252
0.55252
0.55252
0.55253
0.55253
0.55253
0.55253
0.55253
0.55253
0.55253
0.55253
0.55254
0.55254
0.55254
0.55254
0.55254
0.55255
0.55255
0.55255
0.55255
0.55255
0.55256
0.55256
0.55256
0.55256
0.55256
0.55257
0.55257
0.55257
0.55257
0.55258
0.55258
0.55258
0.55258
0.55259
0.55259
0.55259
0.5526
0.5526
0.5526
0.55261
0.55261
0.55261
0.55262
0.55262
0.55262
0.55263
0.55263
0.55264
0.55264
0.55265
0.55265
0.55265
0.55266
0.55266
0.55267
0.55267
0.55268
0.55268
0.55269
0.55269
0.5527
0.5527
0.5527
0.55271
0.55271
0.55271
0.55272
0.55272
0.55272
0.55273
0.55273
0.55273
0.55273
0.55273
0.55273
0.55274
0.55274
0.55274
0.55274
0.55274
0.55275
0.55275
0.55275
0.55276
0.55277
0.55277
0.55278
0.55279
0.55281
0.55283
0.55285
0.55288
0.55291
0.55296
0.55301
0.55309
0.55318
0.55329
0.55355
0.55386
0.55428
0.55474
0.55526
0.55582
0.55642
0.5571
0.55789
0.55872
0.5596
0.56052
0.56148
0.56248
0.5635
0.56454
0.56561
0.56671
0.56782
0.56895
0.57011
0.57128
0.57248
0.57366
0.57483
0.57592
0.57707
0.57785
0.57866
0.57918
0.57975
0.58033
0.58064
0.58085
0.58101
0.58114
0.58124
0.58133
0.58141
0.58148
0.58155
0.58161
0.58168
0.58176
0.58186
0.582
0.58221
0.58258
0.58313
0.58447
0.58602
0.58767
0.58936
0.5911
0.59287
0.59468
0.59653
0.59841
0.60032
0.60225
0.6042
0.60618
0.60819
0.61021
0.61156
0.61246
0.61312
0.61364
0.61408
0.61448
0.61489
0.6154
0.61607
0.61759
0.6198
0.62206
0.62436
0.62668
0.62903
0.6314
0.63377
0.63615
0.6384
0.64
0.64128
0.64241
0.64348
0.64465
0.64606
0.64781
0.64985
0.65194
0.65384
0.65548
0.65698
0.65864
0.65995
0.66042
0.66063
0.66073
0.66084
0.66105
0.66155
0.66318
0.66579
0.66831
0.67068
0.67279
0.67472
0.67653
0.67825
0.67978
0.68117
0.68246
0.68367
0.68481
0.6859
0.68695
0.68795
0.68893
0.68976
0.69015
0.69033
0.69045
0.6905
0.69054
0.69055
0.69055
0.69055
0.69055
0.69055
0.69055
0.69055
0.69055
0.69055
0.69055
0.6906
0.69081
0.69164
0.69245
0.69325
0.69404
0.6948
0.69555
0.69627
0.69697
0.69766
0.69834
0.699
0.69965
0.70028
0.70091
0.70153
0.70214
0.70274
0.70333
0.70392
0.70449
0.70506
0.70563
0.70619
0.70675
0.7073
0.70786
0.70841
0.70897
0.70934
0.70955
0.70965
0.7097
0.70973
0.70974
0.70975
0.70975
0.70975
0.70976
0.70976
0.70976
0.70976
0.70977
0.70977
0.70977
0.70977
0.70977
0.70977
0.70977
0.70977
0.70976
0.70976
0.70976
0.70976
0.70975
0.70975
0.70974
0.70974
0.70974
0.70974
0.70974
0.70975
0.70975
0.70975
0.70975
0.70975
0.70975
0.70974
0.70974
0.70974
0.70973
0.70972
0.70972
0.70972
0.70972
0.70971
0.70971
0.70971
0.7097
0.7097
0.70969
0.70968
0.70968
0.70967
0.70967
0.70966
0.70966
0.70966
0.70965
0.70965
0.70965
0.70964
0.70964
0.70964
0.70963
0.70963
0.70963
0.70962
0.70962
0.70961
0.70961
0.70961
0.7096
0.7096
0.7096
0.70959
0.70959
0.70959
0.70959
0.70958
0.70958
0.70958
0.70957
0.70957
0.70957
0.70956
0.70956
0.70956
0.70955
0.70955
0.70955
0.70954
0.70954
0.70954
0.70953
0.70953
0.70953
0.70952
0.70952
0.70952
0.70952
0.70951
0.70951
0.70951
0.7095
0.7095
0.7095
0.70949
0.70949
0.70949
0.70948
0.70948
0.70948
0.70948
0.70947
0.70947
0.70947
0.70946
0.70946
0.70946
0.70945
0.70945
0.70945
0.70945
0.70944
0.70944
0.70944
0.70943
0.70943
0.70943
0.70942
0.70942
0.70942
0.70942
0.70941
0.70941
0.70941
0.7094
0.7094
0.7094
0.70939
0.70939
0.70939
0.70939
0.70938
0.70938
0.70938
0.70937
0.70937
0.70937
0.70937
0.70936
0.70936
0.70936
0.70935
0.70935
0.70935
0.70934
0.70934
0.70934
0.70934
0.70933
0.70933
0.70933
0.70932
0.70932
0.70932
0.70932
0.70931
0.70931
0.70931
0.7093
0.7093
0.7093
0.7093
0.70929
0.70929
0.70929
0.70928
0.70928
0.70928
0.70928
0.70927
0.70927
0.70927
0.70926
0.70926
0.70926
0.70926
0.70925
0.70925
0.70925
0.70924
0.70924
0.70924
0.70924
0.70923
0.70923
0.70923
0.70922
0.70922
0.70922
0.70922
0.70921
0.70921
0.70921
0.7092
0.7092
0.7092
0.7092
0.70919
0.70919
0.70919
0.70918
0.70918
0.70918
0.70918
0.70917
0.70917
0.70917
0.70916
0.70916
0.70916
0.70916
0.70915
0.70915
0.70915
0.70914
0.70914
0.70914
0.70914
0.70913
0.70913
0.70913
0.70913
0.70912
0.70912
0.70912
0.70911
0.70911
0.70911
0.70911
0.7091
0.7091
0.7091
0.70909
0.70909
0.70909
0.70909
0.70908
0.70908
0.70908
0.70907
0.70907
0.70907
0.70907
0.70906
0.70906
0.70906
0.70905
0.70905
0.70905
0.70905
0.70904
0.70904
0.70904
0.70903
0.70903
0.70903
0.70903
0.70902
0.70902
0.70902
0.70901
0.70901
0.70901
0.70901
0.709
0.709
0.709
0.70899
0.70899
0.70899
0.70899
0.70898
0.70898
0.70898
0.70897
0.70897
0.70897
0.70897
0.70896
0.70896
0.70896
0.70895
0.70895
0.70895
0.70895
0.70894
0.70894
0.70894
0.70893
0.70893
0.70893
0.70892
0.70892
0.70892
0.70892
0.70891
0.70891
0.70891
0.7089
0.7089
0.7089
0.7089
0.70889
0.70889
0.70889
0.70888
0.70888
0.70888
0.70888
0.70887
0.70887
0.70887
0.70886
0.70886
0.70886
0.70886
0.70885
0.70885
0.70885
0.70884
0.70884
0.70884
0.70883
0.70883
0.70883
0.70882
0.70882
0.70882
0.70882
0.70881
0.70881
0.70881
0.7088
0.7088
0.7088
0.70879
0.70879
0.70879
0.70878
0.70878
0.70878
0.70877
0.70877
0.70877
0.70877
0.70876
0.70876
0.70876
0.70875
0.70875
0.70875
0.70874
0.70874
0.70874
0.70873
0.70873
0.70873
0.70873
0.70872
0.70872
0.70872
0.70871
0.70871
0.70871
0.7087
0.7087
0.7087
0.70869
0.70869
0.70869
0.70868
0.70868
0.70868
0.70868
0.70867
0.70867
0.70867
0.70866
0.70866
0.70866
0.70865
0.70865
0.70865
0.70864
0.70864
0.70864
0.70864
0.70863
0.70863
0.70863
0.70862
0.70862
0.70862
0.70861
0.70861
0.70861
0.7086
0.7086
0.7086
0.7086
0.70859
0.70859
0.70859
0.70858
0.70858
0.70858
0.70857
0.70857
0.70857
0.70856
0.70856
0.70856
0.70856
0.70855
0.70855
0.70855
0.70854
0.70854
0.70854
0.70853
0.70853
0.70853
0.70852
0.70852
0.70852
0.70852
0.70851
0.70851
0.70851
0.7085
0.7085
0.7085
0.70849
0.70849
0.70849
0.70849
0.70848
0.70848
0.70848
0.70847
0.70847
0.70847
0.70846
0.70846
0.70846
0.70845
0.70845
0.70845
0.70845
0.70844
0.70844
0.70844
0.70843
0.70843
0.70843
0.70842
0.70842
0.70842
0.70841
0.70841
0.70841
0.70841
0.7084
0.7084
0.7084
0.70839
0.70839
0.70839
0.70838
0.70838
0.70838
0.70838
0.70837
0.70837
0.70837
0.70836
0.70836
0.70836
0.70835
0.70835
0.70835
0.70834
0.70834
0.70834
0.70834
0.70833
0.70833
0.70833
0.70832
0.70832
0.70832
0.70831
0.70831
0.70831
0.7083
0.7083
0.7083
0.7083
0.70829
0.70829
0.70829
0.70828
0.70828
0.70828
0.70827
0.70827
0.70827
0.70826
0.70826
0.70826
0.70826
0.70825
0.70825
0.70825
0.70824
0.70824
0.70824
0.70823
0.70823
0.70823
0.70822
0.70822
0.70822
0.70821
0.70821
0.7082
0.7082
0.70819
0.70819
0.70819
0.70818
0.70818
0.70817
0.70817
0.70816
0.70816
0.70816
0.70815
0.70815
0.70814
0.70814
0.70813
0.70813
0.70813
0.70812
0.70812
0.70811
0.70811
0.7081
0.7081
0.7081
0.70809
0.70809
0.70808
0.70808
0.70807
0.70807
0.70806
0.70806
0.70806
0.70805
0.70805
0.70804
0.70804
0.70803
0.70803
0.70803
0.70802
0.70802
0.70801
0.70801
0.708
0.708
0.70799
0.70799
0.70799
0.70798
0.70798
0.70797
0.70797
0.70796
0.70796
0.70795
0.70795
0.70795
0.70794
0.70794
0.70793
0.70793
0.70792
0.70792
0.70791
0.70791
0.70791
0.7079
0.7079
0.70789
0.70789
0.70788
0.70788
0.70787
0.70787
0.70787
0.70786
0.70786
0.70785
0.70785
0.70784
0.70784
0.70783
0.70783
0.70783
0.70782
0.70782
0.70781
0.70781
0.7078
0.7078
0.70779
0.70779
0.70778
0.70778
0.70778
0.70777
0.70777
0.70776
0.70776
0.70775
0.70775
0.70774
0.70774
0.70773
0.70773
0.70773
0.70772
0.70772
0.70771
0.70771
0.7077
0.7077
0.70769
0.70769
0.70768
0.70768
0.70767
0.70767
0.70767
0.70766
0.70766
0.70765
0.70765
0.70764
0.70764
0.70763
0.70763
0.70762
0.70762
0.70761
0.70761
0.7076
0.7076
0.70759
0.70759
0.70759
0.70758
0.70758
0.70757
0.70757
0.70756
0.70756
0.70755
0.70755
0.70754
0.70754
0.70753
0.70753
0.70752
0.70752
0.70751
0.70751
0.7075
0.7075
0.70749
0.70749
0.70748
0.70748
0.70748
0.70747
0.70747
0.70746
0.70746
0.70745
0.70745
0.70744
0.70744
0.70743
0.70743
0.70742
0.70742
0.70741
0.70741
0.7074
0.7074
0.70739
0.70739
0.70738
0.70738
0.70737
0.70737
0.70736
0.70736
0.70735
0.70735
0.70734
0.70734
0.70733
0.70733
0.70732
0.70732
0.70731
0.70731
0.7073
0.7073
0.70729
0.70729
0.70728
0.70728
0.70727
0.70727
0.70726
0.70726
0.70725
0.70725
0.70724
0.70724
0.70723
0.70722
0.70722
0.70721
0.70721
0.7072
0.7072
0.70719
0.70719
0.70718
0.70718
0.70717
0.70717
0.70716
0.70716
0.70715
0.70715
0.70714
0.70714
0.70713
0.70713
0.70712
0.70712
0.70711
0.7071
0.7071
0.70709
0.70709
0.70708
0.70708
0.70707
0.70707
0.70706
0.70706
0.70705
0.70705
0.70704
0.70703
0.70703
0.70702
0.70702
0.70701
0.70701
0.707
0.707
0.70699
0.70699
0.70698
0.70698
0.70697
0.70696
0.70696
0.70695
0.70695
0.70694
0.70694
0.70693
0.70693
0.70692
0.70691
0.70691
0.7069
0.7069
0.70689
0.70689
0.70688
0.70688
0.70687
0.70686
0.70686
0.70685
0.70685
0.70684
0.70684
0.70683
0.70682
0.70682
0.70681
0.70681
0.7068
0.7068
0.70679
0.70679
0.70678
0.70677
0.70677
0.70676
0.70676
0.70675
0.70675
0.70674
0.70673
0.70673
0.70672
0.70672
0.70671
0.7067
0.7067
0.70669
0.70669
0.70668
0.70668
0.70667
0.70666
0.70666
0.70665
0.70665
0.70664
0.70663
0.70663
0.70662
0.70662
0.70661
0.7066
0.7066
0.70659
0.70659
0.70658
0.70657
0.70657
0.70656
0.70656
0.70655
0.70654
0.70654
0.70653
0.70653
0.70652
0.70651
0.70651
0.7065
0.7065
0.70649
0.70648
0.70648
0.70647
0.70647
0.70646
0.70645
0.70645
0.70644
0.70644
0.70643
0.70642
0.70642
0.70641
0.7064
0.7064
0.70639
0.70639
0.70638
0.70637
0.70637
0.70636
0.70636
0.70635
0.70634
0.70634
0.70633
0.70632
0.70632
0.70631
0.70631
0.7063
0.70629
0.70629
0.70628
0.70628
0.70627
0.70626
0.70626
0.70625
0.70624
0.70624
0.70623
0.70623
0.70622
0.70621
0.70621
0.7062
0.70619
0.70619
0.70618
0.70618
0.70617
0.70616
0.70616
0.70615
0.70614
0.70614
0.70613
0.70613
0.70612
0.70611
0.70611
0.7061
0.70609
0.70609
0.70608
0.70607
0.70607
0.70606
0.70606
0.70605
0.70604
0.70604
0.70603
0.70602
0.70602
0.70601
0.706
0.706
0.70599
0.70599
0.70598
0.70597
0.70597
0.70596
0.70595
0.70595
0.70594
0.70593
0.70593
0.70592
0.70592
0.70591
0.7059
0.7059
0.70589
0.70588
0.70588
0.70587
0.70586
0.70586
0.70585
0.70585
0.70584
0.70583
0.70583
0.70582
0.70581
0.70581
0.7058
0.70579
0.70579
0.70578
0.70577
0.70577
0.70576
0.70576
0.70575
0.70574
0.70574
0.70573
0.70572
0.70572
0.70571
0.7057
0.7057
0.70569
0.70568
0.70568
0.70567
0.70567
0.70566
0.70565
0.70565
0.70564
0.70563
0.70563
0.70562
0.70561
0.70561
0.7056
0.7056
0.70559
0.70558
0.70558
0.70557
0.70556
0.70556
0.70555
0.70554
0.70554
0.70553
0.70552
0.70552
0.70551
0.7055
0.7055
0.70549
0.70549
0.70548
0.70547
0.70547
0.70546
0.70545
0.70545
0.70544
0.70543
0.70543
0.70542
0.70541
0.70541
0.7054
0.70539
0.70539
0.70538
0.70538
0.70537
0.70536
0.70536
0.70535
0.70534
0.70534
0.70533
0.70532
0.70532
0.70531
0.7053
0.7053
0.70529
0.70528
0.70528
0.70527
0.70526
0.70526
0.70525
0.70524
0.70524
0.70523
0.70523
0.70522
0.70521
0.70521
0.7052
0.70519
0.70519
0.70518
0.70517
0.70517
0.70516
0.70515
0.70515
0.70514
0.70513
0.70513
0.70512
0.70511
0.70511
0.7051
0.70509
0.70509
0.70508
0.70507
0.70507
0.70506
0.70506
0.70505
0.70504
0.70504
0.70503
0.70502
0.70502
0.70501
0.705
0.705
0.70499
0.70498
0.70498
0.70497
0.70496
0.70496
0.70495
0.70494
0.70494
0.70493
0.70492
0.70492
0.70491
0.7049
0.7049
0.70489
0.70489
0.70488
0.70487
0.70487
0.70486
0.70485
0.70485
0.70484
0.70483
0.70483
0.70482
0.70481
0.70481
0.7048
0.70479
0.70479
0.70478
0.70477
0.70477
0.70476
0.70475
0.70475
0.70474
0.70473
0.70473
0.70472
0.70472
0.70471
0.7047
0.7047
0.70469
0.70468
0.70468
0.70467
0.70466
0.70466
0.70465
0.70464
0.70464
0.70463
0.70462
0.70462
0.70461
0.70461
0.7046
0.70459
0.70459
0.70458
0.70457
0.70457
0.70456
0.70455
0.70455
0.70454
0.70453
0.70453
0.70452
0.70451
0.70451
0.7045
0.7045
0.70449
0.70448
0.70448
0.70447
0.70446
0.70446
0.70445
0.70444
0.70444
0.70443
0.70442
0.70442
0.70441
0.7044
0.7044
0.70439
0.70439
0.70438
0.70437
0.70437
0.70436
0.70435
0.70435
0.70434
0.70433
0.70433
0.70432
0.70431
0.70431
0.7043
0.7043
0.70429
0.70428
0.70428
0.70427
0.70426
0.70426
0.70425
0.70424
0.70424
0.70423
0.70423
0.70422
0.70421
0.70421
0.7042
0.70419
0.70419
0.70418
0.70417
0.70417
0.70416
0.70416
0.70415
0.70414
0.70414
0.70413
0.70412
0.70412
0.70411
0.70411
0.7041
0.70409
0.70409
0.70408
0.70407
0.70407
0.70406
0.70405
0.70405
0.70404
0.70404
0.70403
0.70402
0.70402
0.70401
0.704
0.704
0.70399
0.70399
0.70398
0.70397
0.70397
0.70396
0.70395
0.70395
0.70394
0.70394
0.70393
0.70392
0.70392
0.70391
0.7039
0.7039
0.70389
0.70389
0.70388
0.70387
0.70387
0.70386
0.70385
0.70385
0.70384
0.70384
0.70383
0.70382
0.70382
0.70381
0.70381
0.7038
0.70379
0.70379
0.70378
0.70377
0.70377
0.70376
0.70376
0.70375
0.70374
0.70374
0.70373
0.70373
0.70372
0.70371
0.70371
0.7037
0.70369
0.70369
0.70368
0.70368
0.70367
0.70366
0.70366
0.70365
0.70365
0.70364
0.70363
0.70363
0.70362
0.70362
0.70361
0.7036
0.7036
0.70359
0.70359
0.70358
0.70357
0.70357
0.70356
0.70356
0.70355
0.70354
0.70354
0.70353
0.70353
0.70352
0.70351
0.70351
0.7035
0.7035
0.70349
0.70348
0.70348
0.70347
0.70347
0.70346
0.70345
0.70345
0.70344
0.70344
0.70343
0.70342
0.70342
0.70341
0.70341
0.7034
0.70339
0.70339
0.70338
0.70338
0.70337
0.70336
0.70336
0.70335
0.70335
0.70334
0.70333
0.70333
0.70332
0.70332
0.70331
0.70331
0.7033
0.70329
0.70329
0.70328
0.70328
0.70327
0.70326
0.70326
0.70325
0.70325
0.70324
0.70323
0.70323
0.70322
0.70322
0.70321
0.70321
0.7032
0.70319
0.70319
0.70318
0.70318
0.70317
0.70316
0.70316
0.70315
0.70315
0.70314
0.70314
0.70313
0.70312
0.70312
0.70311
0.70311
0.7031
0.70309
0.70309
0.70308
0.70308
0.70307
0.70307
0.70306
0.70305
0.70305
0.70304
0.70304
0.70303
0.70303
0.70302
0.70301
0.70301
0.703
0.703
0.70299
0.70298
0.70298
0.70297
0.70297
0.70296
0.70296
0.70295
0.70294
0.70294
0.70293
0.70293
0.70292
0.70292
0.70291
0.7029
0.7029
0.70289
0.70289
0.70288
0.70288
0.70287
0.70286
0.70286
0.70285
0.70285
0.70284
0.70284
0.70283
0.70283
0.70282
0.70281
0.70281
0.7028
0.7028
0.70279
0.70279
0.70278
0.70277
0.70277
0.70276
0.70276
0.70275
0.70275
0.70274
0.70273
0.70273
0.70272
0.70272
0.70271
0.70271
0.7027
0.70269
0.70269
0.70268
0.70268
0.70267
0.70267
0.70266
0.70266
0.70265
0.70264
0.70264
0.70263
0.70263
0.70262
0.70262
0.70261
0.7026
0.7026
0.70259
0.70259
0.70258
0.70258
0.70257
0.70256
0.70256
0.70255
0.70255
0.70254
0.70254
0.70253
0.70253
0.70252
0.70251
0.70251
0.7025
0.7025
0.70249
0.70249
0.70248
0.70247
0.70247
0.70246
0.70246
0.70245
0.70245
0.70244
0.70244
0.70243
0.70242
0.70242
0.70241
0.70241
0.7024
0.7024
0.70239
0.70238
0.70238
0.70237
0.70237
0.70236
0.70236
0.70235
0.70235
0.70234
0.70233
0.70233
0.70232
0.70232
0.70231
0.70231
0.7023
0.70229
0.70229
0.70228
0.70228
0.70227
0.70227
0.70226
0.70226
0.70225
0.70224
0.70224
0.70223
0.70223
0.70222
0.70222
0.70221
0.70221
0.7022
0.70219
0.70219
0.70218
0.70218
0.70217
0.70217
0.70216
0.70215
0.70215
0.70214
0.70214
0.70213
0.70213
0.70212
0.70212
0.70211
0.7021
0.7021
0.70209
0.70209
0.70208
0.70208
0.70207
0.70206
0.70206
0.70205
0.70205
0.70204
0.70204
0.70203
0.70203
0.70202
0.70201
0.70201
0.702
0.702
0.70199
0.70199
0.70198
0.70198
0.70197
0.70196
0.70196
0.70195
0.70195
0.70194
0.70194
0.70193
0.70193
0.70192
0.70192
0.70191
0.7019
0.7019
0.70189
0.70189
0.70188
0.70188
0.70187
0.70187
0.70186
0.70185
0.70185
0.70184
0.70184
0.70183
0.70183
0.70182
0.70182
0.70181
0.7018
0.7018
0.70179
0.70179
0.70178
0.70178
0.70177
0.70177
0.70176
0.70176
0.70175
0.70174
0.70174
0.70173
0.70173
0.70172
0.70172
0.70171
0.70171
0.7017
0.70169
0.70169
0.70168
0.70168
0.70167
0.70167
0.70166
0.70166
0.70165
0.70165
0.70164
0.70163
0.70163
0.70162
0.70162
0.70161
0.70161
0.7016
0.7016
0.70159
0.70158
0.70158
0.70157
0.70157
0.70156
0.70156
0.70155
0.70155
0.70154
0.70153
0.70153
0.70152
0.70152
0.70151
0.70151
0.7015
0.7015
0.70149
0.70148
0.70148
0.70147
0.70147
0.70146
0.70146
0.70145
0.70145
0.70144
0.70143
0.70143
0.70142
0.70142
0.70141
0.70141
0.7014
0.7014
0.70139
0.70138
0.70138
0.70137
0.70137
0.70136
0.70136
0.70135
0.70135
0.70134
0.70133
0.70133
0.70132
0.70132
0.70131
0.70131
0.7013
0.7013
0.70129
0.70128
0.70128
0.70127
0.70127
0.70126
0.70126
0.70125
0.70124
0.70124
0.70123
0.70123
0.70122
0.70122
0.70121
0.70121
0.7012
0.70119
0.70119
0.70118
0.70118
0.70117
0.70117
0.70116
0.70116
0.70115
0.70114
0.70114
0.70113
0.70113
0.70112
0.70112
0.70111
0.70111
0.7011
0.70109
0.70109
0.70108
0.70108
0.70107
0.70107
0.70106
0.70106
0.70105
0.70105
0.70104
0.70103
0.70103
0.70102
0.70102
0.70101
0.70101
0.701
0.701
0.70099
0.70098
0.70098
0.70097
0.70097
0.70096
0.70096
0.70095
0.70095
0.70094
0.70094
0.70093
0.70092
0.70092
0.70091
0.70091
0.7009
0.7009
0.70089
0.70089
0.70088
0.70088
0.70087
0.70086
0.70086
0.70085
0.70085
0.70084
0.70084
0.70083
0.70083
0.70082
0.70082
0.70081
0.70081
0.7008
0.70079
0.70079
0.70078
0.70078
0.70077
0.70077
0.70076
0.70076
0.70075
0.70075
0.70074
0.70073
0.70073
0.70072
0.70072
0.70071
0.70071
0.7007
0.7007
0.70069
0.70069
0.70068
0.70067
0.70067
0.70066
0.70066
0.70065
0.70065
0.70064
0.70064
0.70063
0.70063
0.70062
0.70062
0.70061
0.7006
0.7006
0.70059
0.70059
0.70058
0.70058
0.70057
0.70057
0.70056
0.70056
0.70055
0.70054
0.70054
0.70053
0.70053
0.70052
0.70052
0.70051
0.70051
0.7005
0.7005
0.70049
0.70049
0.70048
0.70047
0.70047
0.70046
0.70046
0.70045
0.70045
0.70044
0.70044
0.70043
0.70043
0.70042
0.70041
0.70041
0.7004
0.7004
0.70039
0.70039
0.70038
0.70038
0.70037
0.70037
0.70036
0.70036
0.70035
0.70035
0.70034
0.70033
0.70033
0.70032
0.70032
0.70031
0.70031
0.7003
0.7003
0.70029
0.70029
0.70028
0.70028
0.70027
0.70027
0.70026
0.70025
0.70025
0.70024
0.70024
0.70023
0.70023
0.70022
0.70022
0.70021
0.70021
0.7002
0.7002
0.70019
0.70019
0.70018
0.70018
0.70017
0.70017
0.70016
0.70016
0.70015
0.70015
0.70014
0.70013
0.70013
0.70012
0.70012
0.70011
0.70011
0.7001
0.7001
0.70009
0.70009
0.70008
0.70008
0.70007
0.70007
0.70006
0.70006
0.70005
0.70005
0.70004
0.70004
0.70003
0.70003
0.70002
0.70002
0.70001
0.70001
0.7
0.7
0.69999
0.69999
0.69998
0.69997
0.69997
0.69996
0.69996
0.69995
0.69995
0.69994
0.69994
0.69993
0.69993
0.69992
0.69992
0.69991
0.69991
0.6999
0.6999
0.69989
0.69989
0.69988
0.69988
0.69987
0.69987
0.69986
0.69986
0.69985
0.69985
0.69984
0.69984
0.69983
0.69983
0.69982
0.69982
0.69981
0.69981
0.6998
0.6998
0.69979
0.69979
0.69978
0.69978
0.69977
0.69977
0.69976
0.69976
0.69975
0.69975
0.69974
0.69974
0.69973
0.69973
0.69972
0.69972
0.69971
0.69971
0.6997
0.6997
0.69969
0.69969
0.69968
0.69968
0.69968
0.69967
0.69967
0.69966
0.69966
0.69965
0.69965
0.69964
0.69964
0.69963
0.69963
0.69962
0.69962
0.69961
0.69961
0.6996
0.6996
0.69959
0.69959
0.69958
0.69958
0.69957
0.69957
0.69957
0.69956
0.69956
0.69955
0.69955
0.69954
0.69954
0.69953
0.69953
0.69952
0.69952
0.69951
0.69951
0.6995
0.6995
0.6995
0.69949
0.69949
0.69948
0.69948
0.69947
0.69947
0.69946
0.69946
0.69945
0.69945
0.69945
0.69944
0.69944
0.69943
0.69943
0.69942
0.69942
0.69941
0.69941
0.6994
0.6994
0.6994
0.69939
0.69939
0.69938
0.69938
0.69937
0.69937
0.69936
0.69936
0.69936
0.69935
0.69935
0.69934
0.69934
0.69933
0.69933
0.69933
0.69932
0.69932
0.69931
0.69931
0.6993
0.6993
0.6993
0.69929
0.69929
0.69928
0.69928
0.69927
0.69927
0.69927
0.69926
0.69926
0.69925
0.69925
0.69925
0.69924
0.69924
0.69923
0.69923
0.69923
0.69922
0.69922
0.69921
0.69921
0.69921
0.6992
0.6992
0.69919
0.69919
0.69919
0.69918
0.69918
0.69917
0.69917
0.69917
0.69916
0.69916
0.69916
0.69915
0.69915
0.69915
0.69914
0.69914
0.69914
0.69913
0.69913
0.69913
0.69912
0.69912
0.69912
0.69911
0.69911
0.69911
0.69911
0.6991
0.6991
0.6991
0.6991
0.69909
0.69909
0.69909
0.69909
0.69908
0.69908
0.69908
0.69908
0.69908
0.69908
0.69907
0.69907
0.69907
0.69907
0.69907
0.69907
0.69908
0.69909
0.69912
0.69919
0.69932
0.69957
0.70004
0.70053
0.70103
0.70153
0.70203
0.70252
0.70302
0.70352
0.70402
0.70452
0.70502
0.70552
0.70602
0.70652
0.70703
0.70753
0.70803
0.70853
0.70904
0.70954
0.71004
0.71055
0.71105
0.71156
0.71206
0.71257
0.71307
0.71358
0.71409
0.71459
0.7151
0.71561
0.71611
0.71662
0.71713
0.71764
0.71815
0.71866
0.71917
0.71968
0.72019
0.7207
0.72121
0.72173
0.72224
0.72276
0.72328
0.7238
0.72432
0.72484
0.72536
0.72589
0.72641
0.72694
0.72746
0.72799
0.72852
0.72905
0.72958
0.73011
0.73065
0.73118
0.73172
0.73225
0.73279
0.73332
0.73386
0.7344
0.73493
0.73547
0.73601
0.73654
0.73708
0.73761
0.73815
0.73869
0.73923
0.73976
0.7403
0.74084
0.74138
0.74191
0.74245
0.74299
0.74353
0.74407
0.74461
0.74515
0.74569
0.74623
0.74677
0.74731
0.74786
0.7484
0.74894
0.74948
0.75002
0.75056
0.7511
0.75164
0.75218
0.75272
0.75326
0.7538
0.75434
0.75488
0.75543
0.75597
0.75651
0.75705
0.75759
0.75813
0.75867
0.75921
0.75975
0.76029
0.76083
0.76137
0.76191
0.76245
0.76299
0.76353
0.76407
0.76461
0.76515
0.76569
0.76623
0.76677
0.76731
0.76784
0.76838
0.76892
0.76946
0.77
0.77054
0.77108
0.77162
0.77216
0.7727
0.77323
0.77377
0.77431
0.77485
0.77538
0.77592
0.77645
0.77699
0.77753
0.77806
0.7786
0.77913
0.77967
0.7802
0.78074
0.78127
0.78181
0.78235
0.78288
0.78342
0.78395
0.78449
0.78503
0.78556
0.7861
0.78663
0.78717
0.7877
0.78824
0.78877
0.78931
0.78985
0.79039
0.79093
0.79146
0.792
0.79254
0.79308
0.79362
0.79416
0.7947
0.79524
0.79578
0.79632
0.79686
0.7974
0.79793
0.79847
0.79901
0.79955
0.80008
0.80062
0.80115
0.80169
0.80222
0.80276
0.80329
0.80383
0.80436
0.80489
0.80542
0.80596
0.80649
0.80702
0.80754
0.80807
0.8086
0.80912
0.80965
0.81017
0.81069
0.81121
0.81173
0.81225
0.81277
0.81328
0.8138
0.81431
0.81482
0.81533
0.81583
0.81634
0.81684
0.81734
0.81784
0.81834
0.81884
0.81933
0.81983
0.82032
0.82081
0.8213
0.82179
0.82227
0.82276
0.82324
0.82372
0.8242
0.82468
0.82516
0.82563
0.82611
0.82658
0.82705
0.82752
0.82799
0.82846
0.82892
0.82939
0.82985
0.83031
0.83077
0.83123
0.83169
0.83215
0.8326
0.83306
0.83351
0.83396
0.83441
0.83486
0.83531
0.83576
0.8362
0.83665
0.83709
0.83753
0.83797
0.83841
0.83885
0.83929
0.83973
0.84016
0.8406
0.84104
0.84147
0.8419
0.84234
0.84277
0.8432
0.84363
0.84406
0.84449
0.84492
0.84535
0.84578
0.8462
0.84663
0.84706
0.84748
0.84791
0.84833
0.84876
0.84918
0.84961
0.85003
0.85045
0.85088
0.8513
0.85172
0.85214
0.85256
0.85298
0.85341
0.85383
0.85425
0.85467
0.85509
0.85551
0.85593
0.85635
0.85677
0.85718
0.8576
0.85802
0.85844
0.85886
0.85928
0.8597
0.86012
0.86053
0.86095
0.86137
0.86179
0.86221
0.86262
0.86304
0.86346
0.86388
0.86429
0.86471
0.86513
0.86555
0.86597
0.86638
0.8668
0.86722
0.86764
0.86805
0.86847
0.86889
0.86931
0.86973
0.87014
0.87056
0.87098
0.8714
0.87182
0.87223
0.87265
0.87307
0.87349
0.87391
0.87433
0.87475
0.87516
0.87558
0.876
0.87642
0.87684
0.87726
0.87768
0.8781
0.87852
0.87894
0.87936
0.87978
0.8802
0.88062
0.88104
0.88146
0.88188
0.8823
0.88272
0.88314
0.88357
0.88399
0.88441
0.88483
0.88525
0.88567
0.8861
0.88652
0.88694
0.88736
0.88779
0.88821
0.88863
0.88906
0.88948
0.8899
0.89033
0.89075
0.89118
0.8916
0.89203
0.89245
0.89288
0.8933
0.89373
0.89415
0.89458
0.895
0.89543
0.89586
0.89628
0.89671
0.89714
0.89756
0.89799
0.89842
0.89885
0.89927
0.8997
0.90013
0.90056
0.90099
0.90142
0.90185
0.90227
0.9027
0.90313
0.90356
0.90399
0.90442
0.90485
0.90529
0.90572
0.90615
0.90658
0.90701
0.90744
0.90788
0.90831
0.90874
0.90917
0.90961
0.91004
0.91047
0.91091
0.91134
0.91178
0.91221
0.91265
0.91308
0.91352
0.91395
0.91439
0.91482
0.91526
0.9157
0.91614
0.91657
0.91701
0.91745
0.91789
0.91832
0.91876
0.9192
0.91964
0.92008
0.92052
0.92096
0.9214
0.92184
0.92228
0.92272
0.92316
0.9236
0.92404
0.92449
0.92493
0.92537
0.92581
0.92626
0.9267
0.92714
0.92759
0.92803
0.92847
0.92892
0.92936
0.92981
0.93025
0.9307
0.93115
0.93159
0.93204
0.93248
0.93293
0.93338
0.93383
0.93427
0.93472
0.93517
0.93562
0.93607
0.93652
0.93697
0.93742
0.93787
0.93832
0.93877
0.93922
0.93967
0.94012
0.94058
0.94103
0.94148
0.94193
0.94239
0.94284
0.94329
0.94375
0.9442
0.94466
0.94511
0.94557
0.94602
0.94648
0.94693
0.94739
0.94785
0.9483
0.94876
0.94922
0.94967
0.95013
0.95059
0.95104
0.9515
0.95196
0.95242
0.95288
0.95333
0.95379
0.95425
0.95471
0.95517
0.95563
0.95609
0.95655
0.95701
0.95747
0.95793
0.95839
0.95885
0.95932
0.95978
0.96024
0.9607
0.96117
0.96163
0.96209
0.96256
0.96302
0.96348
0.96395
0.96441
0.96488
0.96534
0.96581
0.96627
0.96674
0.96721
0.96767
0.96814
0.96861
0.96907
0.96954
0.97001
0.97048
0.97095
0.97142
0.97188
0.97235
0.97282
0.97329
0.97376
0.97423
0.9747
0.97517
0.97565
0.97612
0.97659
0.97706
0.97753
0.97801
0.97848
0.97895
0.97942
0.9799
0.98037
0.98085
0.98132
0.9818
0.98227
0.98275
0.98322
0.9837
0.98418
0.98465
0.98513
0.98561
0.98609
0.98656
0.98704
0.98752
0.988
0.98848
0.98896
0.98944
0.98992
0.9904
0.99088
0.99136
0.99184
0.99233
0.99281
0.99329
0.99377
0.99426
0.99474
0.99523
0.99571
0.9962
0.99668
0.99717
0.99765
0.99814
0.99863
0.99911
0.9996
1.0001
