0
0.010664
0.021087
0.030878
0.040587
0.050814
0.061283
0.070677
0.081132
0.09112
0.10137
0.11044
0.12027
0.13062
0.14078
0.15182
0.16027
0.17255
0.18203
0.19124
0.20161
0.21045
0.22338
0.23188
0.24399
0.25309
0.2601
0.27193
0.28373
0.29199
0.30042
0.31019
0.32025
0.33179
0.3411
0.35128
0.36234
0.37063
0.3811
0.39095
0.40184
0.41162
0.42165
0.43408
0.44305
0.45174
0.46086
0.47056
0.48094
0.49003
0.50285
0.51278
0.52267
0.5315
0.54066
0.55
0.56052
0.57011
0.58033
0.5911
0.60032
0.61021
0.62206
0.6314
0.64128
0.65194
0.66042
0.67068
0.68117
0.69015
0.70028
0.71004
0.72019
0.73011
0.7403
0.75002
0.76029
0.77
0.7802
0.79039
0.80008
0.81017
0.82032
0.83031
0.84016
0.85003
0.86012
0.87014
0.8802
0.89033
0.90013
0.91004
0.92008
0.93025
0.94012
0.95013
0.96024
0.97001
0.98037
0.9904
1.0001
