0
0
0.0014733
0.002631
0.00379
0.0051279
0.0065295
0.0078512
0.00925
0.010827
0.012489
0.014111
0.01584
0.01778
0.0199
0.021984
0.024203
0.026671
0.029201
0.031715
0.034386
0.037322
0.040265
0.04326
0.046502
0.050032
0.05345
0.057046
0.060981
0.065051
0.069081
0.073329
0.077947
0.082397
0.086966
0.091881
0.097261
0.10241
0.10778
0.11361
0.11977
0.12615
0.13311
0.14053
0.14804
0.1555
0.16293
0.17034
0.17777
0.18522
0.19273
0.2003
0.20796
0.21571
0.22319
0.23072
0.23851
0.24657
0.25427
0.26195
0.26973
0.27764
0.28558
0.29348
0.30131
0.30893
0.31672
0.32484
0.33291
0.33978
0.346
0.35218
0.35846
0.36481
0.37104
0.3768
0.38233
0.38775
0.39315
0.39854
0.40407
0.40929
0.41394
0.41839
0.42251
0.42649
0.43045
0.43428
0.43802
0.4413
0.44392
0.44623
0.44838
0.45035
0.4521
0.45373
0.4553
0.45681
0.45817
0.45944
0.46067
0
0.00097031
0.0017318
0.0023835
0.0029973
0.003609
0.0042456
0.0049296
0.0056809
0.0064532
0.0071844
0.0079058
0.0086398
0.0094035
0.010212
0.011076
0.012002
0.012893
0.013778
0.01468
0.015617
0.016604
0.017655
0.018782
0.019931
0.021068
0.022224
0.023419
0.024671
0.025995
0.027404
0.028783
0.030152
0.031539
0.032967
0.034455
0.036017
0.037667
0.039283
0.040897
0.042544
0.04425
0.046036
0.047917
0.049808
0.051681
0.053578
0.055532
0.057566
0.059698
0.061942
0.064152
0.066351
0.068579
0.070868
0.073243
0.075722
0.078216
0.080667
0.083133
0.085654
0.088261
0.090976
0.093815
0.096736
0.099595
0.10247
0.10541
0.10846
0.11164
0.11497
0.11836
0.12181
0.12537
0.12909
0.13299
0.13707
0.1412
0.14536
0.1495
0.15363
0.15775
0.16187
0.16598
0.17009
0.17421
0.17833
0.18246
0.18661
0.19077
0.19495
0.19915
0.20338
0.20763
0.21191
0.2161
0.22024
0.22437
0.22853
0.23276
0.23708
0.24149
0.24585
0.25012
0.25436
0.25862
0.26292
0.26723
0.2716
0.27596
0.28033
0.28475
0.28913
0.29346
0.29778
0.30202
0.30624
0.3105
0.31482
0.31923
0.32373
0.32822
0.33237
0.33614
0.33972
0.34322
0.34669
0.35017
0.35368
0.35721
0.36075
0.36435
0.36778
0.37107
0.37428
0.37742
0.38049
0.38354
0.38659
0.38962
0.39264
0.39566
0.39871
0.4018
0.40474
0.40749
0.41011
0.41266
0.41514
0.4175
0.41979
0.42203
0.42425
0.42646
0.42866
0.4308
0.43291
0.43499
0.43687
0.43853
0.44003
0.44143
0.44275
0.44402
0.44524
0.4464
0.44747
0.44849
0.44946
0.4504
0.45131
0.45221
0.45308
0.45392
0.45471
0.45547
0.45621
0.45693
0.45763
0.45832
0.45899
0.45966
0.4603
0
0.00097031
0.0017318
0.0023835
0.0029973
0.003609
0.0042456
0.0049296
0.0056809
0.0064532
0.0071844
0.0079058
0.0086398
0.0094035
0.010212
0.011076
0.012002
0.012893
0.013778
0.01468
0.015617
0.016604
0.017655
0.018782
0.019931
0.021068
0.022224
0.023419
0.024671
0.025995
0.027404
0.028783
0.030152
0.031539
0.032967
0.034455
0.036017
0.037667
0.039283
0.040897
0.042544
0.04425
0.046036
0.047917
0.049808
0.051681
0.053578
0.055532
0.057566
0.059698
0.061942
0.064152
0.066351
0.068579
0.070868
0.073243
0.075722
0.078216
0.080667
0.083133
0.085654
0.088261
0.090976
0.093815
0.096736
0.099595
0.10247
0.10541
0.10846
0.11164
0.11497
0.11836
0.12181
0.12537
0.12909
0.13299
0.13707
0.1412
0.14536
0.1495
0.15363
0.15775
0.16187
0.16598
0.17009
0.17421
0.17833
0.18246
0.18661
0.19077
0.19495
0.19915
0.20338
0.20763
0.21191
0.2161
0.22024
0.22437
0.22853
0
0.0014733
0.002631
0.00379
0.0051279
0.0065295
0.0078512
0.00925
0.010827
0.012489
0.014111
0.01584
0.01778
0.0199
0.021984
0.024203
0.026671
0.029201
0.031715
0.034386
0.037322
0.040265
0.04326
0.046502
0.050032
0.05345
0.057046
0.060981
0.065051
0.069081
0.073329
0.077947
0.082397
0.086966
0.091881
0.097261
0.10241
0.10778
0.11361
0.11977
0.12615
0.13311
0.14053
0
0.00077291
0.0013614
0.0019285
0.0025528
0.0031338
0.0036684
0.0042133
0.0048001
0.0053477
0
0.00057324
0.00097886
0.0013604
0.0017565
0.0022058
0.0026106
0.0029894
0.0033762
0.0037928
0.0042117
0.004593
0.0049745
0.0053833
0.0058281
0.006287
0.0067342
0.0071992
0.0077037
0.0082559
0.0088404
0.0094414
0.010054
0.010692
0.011364
0.012068
0.012809
0.013601
0.01443
0.015254
0.016068
0.016895
0.017741
0.018602
0.019468
0.020336
0.021131
0.021843
0.022436
0.022968
0.023468
0.023955
0.024437
0.024919
0.025403
0.025889
0.026379
0.02687
0.027361
0.027851
0
0.0010458
0.0018583
0.0026566
0.0035555
0.0044489
0.0052787
0.0061402
0.007091
0.0080481
0.0089678
0.0099246
0.010963
0.012037
0.013075
0.014149
0.015303
0.016534
0.017721
0.018941
0.02024
0.021646
0.023022
0.024424
0.025907
0.027503
0.029129
0.030766
0.032486
0.034329
0.036299
0.038256
0.040294
0.042472
0.044827
0.047237
0.049721
0.052367
0.055227
0.05833
0.061484
0.064825
0.068441
0.072389
0.07663
0.081081
0.085897
0.091183
0.097009
0.10343
0.11036
0.11789
0.12579
0.13386
0.14185
0.14968
0.15758
0.16561
0.17367
0.18149
0.18936
0.19736
0.2055
0.21333
0.22117
0.22913
0.23724
0.2451
0.25292
0.26084
0.26889
0.27682
0.28462
0.2925
0.3005
0.30852
0.31633
0.32417
0.33212
0.34022
0.34806
0.35589
0.36381
0.37185
0.37983
0.3877
0.39564
0.40368
0.41184
0.4201
0.42724
0.43293
0.43789
0.4425
0.44622
0.44914
0.45161
0.45374
0.45566
0.45738
0.45896
0.46044
