0
0
0.010827
0.021984
0.031715
0.040265
0.050032
0.060981
0.073329
0.082397
0.091881
0.10241
0.11361
0.12615
0.13311
0.14053
0.1555
0.16293
0.17034
0.18522
0.19273
0.2003
0.21571
0.22319
0.23072
0.24657
0.25427
0.26195
0.27764
0.28558
0.29348
0.30131
0.31672
0.32484
0.33291
0.346
0.35218
0.36481
0.37104
0.38233
0.39315
0.40407
0.41394
0.42251
0.43045
0.4413
0.45035
0.46067
0
0.010212
0.021068
0.030152
0.040897
0.051681
0.061942
0.070868
0.080667
0.090976
0.10247
0.11164
0.12181
0.13299
0.1412
0.15363
0.16187
0.17009
0.18246
0.19077
0.20338
0.21191
0.22024
0.23276
0.24149
0.25012
0.26292
0.2716
0.28033
0.29346
0.30202
0.3105
0.32373
0.33237
0.34322
0.35017
0.36075
0.37107
0.38049
0.39264
0.4018
0.41011
0.42203
0.4308
0.44003
0.4504
0.4603
0
0.010212
0.021068
0.030152
0.040897
0.051681
0.061942
0.070868
0.080667
0.090976
0.10247
0.11164
0.12181
0.13299
0.1412
0.15363
0.16187
0.17009
0.18246
0.19077
0.20338
0.21191
0.22024
0
0.010827
0.021984
0.031715
0.040265
0.050032
0.060981
0.073329
0.082397
0.091881
0.10241
0.11361
0.12615
0.13311
0.14053
0
0
0.010054
0.020336
0
0.010963
0.02024
0.030766
0.040294
0.052367
0.061484
0.072389
0.081081
0.091183
0.10343
0.11036
0.12579
0.13386
0.14185
0.15758
0.16561
0.17367
0.18149
0.19736
0.2055
0.21333
0.22117
0.23724
0.2451
0.25292
0.26084
0.27682
0.28462
0.2925
0.3005
0.31633
0.32417
0.33212
0.34022
0.35589
0.36381
0.37185
0.3877
0.39564
0.40368
0.41184
0.4201
0.43293
0.4425
0.45161
0.46044
