1 0.06018 0.03962 21 0.67025 0.92613
2 0.33745 0.02573 22 0.51256 0.92821
3 0.29532 0.09682 23 0.81006 0.92724
4 0.51338 0.03944 24 0.97193 0.93648
5 0.98229 0.00573 25 0.99667 0.96861
6 0.01467 0.22609 26 0.45101 0.81827
7 0.13862 0.23962 27 0.72480 0.54037
8 0.00517 0.46858 28 0.73380 0.58614
9 0.13844 0.50653 29 0.75604 0.51306
10 0.06018 0.03962 30 0.95022 0.40503
11 0.27925 0.42609 31 0.89267 0.42674
12 0.27943 0.30335 32 0.92285 0.38729
13 0.57375 0.15583 33 0.92842 0.44185
14 0.47727 0.35446 34 0.88750 0.24644
15 0.46690 0.33195 35 0.88950 0.20167
16 0.56287 0.23862 36 0.33980 0.65287
17 0.58190 0.21840 37 0.33012 0.72934
18 0.09196 0.86258 38 0.27307 0.72277
19 0.88750 0.72277 39 0.65754 0.47811
20 0.49867 0.67829 40 0.60988 0.58296