0
0
0.010085
0.020045
0.030121
0.040137
0.050162
0.060052
0.070007
0.080006
0.090011
0.10002
0.11001
0.12002
0.13001
0.14001
0.15
0.16001
0.17
0.18002
0.19003
0.20001
0.21002
0.22002
0.23001
0.24001
0.25003
0.26001
0.27001
0.28
0.29004
0.30005
0
0.010151
0.02012
0.030256
0.040108
0.050075
0.060092
0
0
0
0
0.010063
0
0.010063
0.020022
0
0.010006
0.020037
0.030363
0.040677
0.050253
0.060326
0.070995
0.080772
0.091223
0.10027
0.1119
0.12152
0.13164
0.14252
0.15171
0.16201
0.17311
0.18509
0.19142
0.20484
0.21171
0.2249
0.23106
0.24336
0.25647
0.26285
0.2747
0.28053
0.29311
0.30561
0.31149
0.32286
0.33519
0.34168
0.35377
0.36482
0.37035
0.38238
0.39492
0.40078
0.4118
0.42306
0.43513
0.44119
0.45266
0.46396
0.47572
0.48185
0.49376
0.50492
0.51053
0.52257
0.53541
0.54163
0.55348
0.56498
0.57073
0.58274
0.59454
0.60036
0.61207
0.62324
0.63492
0.6406
0.65204
0.66383
0.67512
0.68097
0.69231
0.70382
0.71583
0.72158
0.73291
0.74431
0.7501
0.76226
0.77258
0.7804
0.79225
0.80076
0.8107
0.82029
0.8303
0.84017
0.85024
0.86012
0.87001
0.88039
0.89007
0.90027
0.91008
0.92038
0.93014
0.94031
0.95034
0.96017
0.97033
0.9802
0.99035
1.0001
0
0.010546
0.020411
0.030927
0.04066
0.050891
0.061646
0.070811
0.080557
0.090044
0.10328
0.11095
0.12398
0.13234
0.14101
0.15399
0.1619
0.17423
0.1824
0.19315
0.20002
0.21075
0.22318
0.23211
0.24149
0.25105
0.26392
0.27213
0.28065
0.29356
0.30205
0.31058
0.32134
0.33105
0.34023
0.35152
0.36254
0.37025
0.3829
0.39199
0.40085
0.41027
0.42439
0.43367
0.44106
0.451
0.46207
0.47064
0.48032
0.49012
0.50005
0.51007
0.52006
0.53025
0.54012
0.55029
0.56012
0.57022
0.58026
0.59021
0.60033
0.61027
0.62002
0.63034
0.64006
0.65033
0.66034
0.67009
0.68036
0.69037
0.70012
0.71004
0.72009
0.73026
0.74008
0.75011
0.76038
0.77042
0.78019
0.79015
0.8003
0.81012
0.82012
0.83032
0.84012
0.85005
0.86012
0.87026
0.88052
0.89036
0.90035
0.91047
0.9201
0.93048
0.94041
0.95053
0.96018
0.97065
0.9806
0.99002
1.0002
0
0.010303
0.020439
0.030665
0.041069
0.051177
0.060997
0.071017
0.081594
0.092006
0.10073
0.11006
0.12067
0.13086
0.14137
0.15236
0.16013
0.1706
0.1819
0.19004
0.20065
0.2117
0.22025
0.23094
0.24196
0.25044
0.26167
0.27253
0.28083
0.2922
0.30068
0.31151
0.32255
0.33109
0.34175
0.35039
0.36104
0.37161
0.38047
0.39096
0.40052
0.41068
0.42005
0.43033
0.44008
0.45019
0.46012
0.47013
0.48018
0.49012
0.50002
0.51004
0.52005
0.53007
0.54003
0.55023
0.5602
0.57001
0.58024
0.5902
0.60009
0.61018
0.62018
0.63013
0.64004
0.65007
0.66008
0.67023
0.68025
0.69016
0.70022
0.71014
0.72027
0.73029
0.74012
0.75014
0.76034
0.77034
0.78012
0.79008
0.80021
0.81012
0.82019
0.83004
0.84
0.85001
0.86015
0.87005
0.88017
0.89039
0.90028
0.91035
0.92008
0.93026
0.94019
0.95028
0.96008
0.97045
0.98002
0.99016
1.0004
