0
0
0.00016696
0.00032485
0.00048319
0.00064374
0.00080879
0.00098079
0.0011626
0.0013577
0.0015707
0.0018074
0.0020634
0.0023144
0.0025615
0.0028052
0.0030468
0.0032875
0.0035289
0.0037728
0.0040213
0.0042766
0.0045415
0.0048195
0.0051145
0.0054317
0.0057771
0.0061552
0.0065248
0.0068886
0.0072471
0.0076006
0.00795
0.0082967
0.0086425
0.0089895
0.0093404
0.0096982
0.010066
0.010448
0.010848
0.01127
0.01172
0.012203
0.012708
0.013199
0.013678
0.014146
0.014606
0.01506
0.015511
0.01596
0.016411
0.016866
0.01733
0.017806
0.0183
0.018816
0.01936
0.019935
0.020526
0.02111
0.021692
0.022277
0.022862
0.023438
0.024008
0.024575
0.025142
0.025713
0.026293
0.026885
0.027494
0.028127
0.028788
0.029471
0.030147
0.030823
0.031503
0.032195
0.032904
0.033639
0.034385
0.03512
0.035848
0.036571
0.037295
0.038026
0.038767
0.039525
0.040307
0.041112
0.041913
0.042716
0.043528
0.044356
0.045207
0.046093
0.04702
0.047999
0.048972
0.049933
0.050888
0.051842
0.052801
0.053772
0.054753
0.055728
0.056704
0.05769
0.058693
0.059722
0.060788
0.061901
0.063071
0.064266
0.065443
0.06661
0.067781
0.068967
0.070182
0.071416
0.072638
0.073852
0.075063
0.076281
0.077516
0.078777
0.080077
0.081427
0.082839
0.084254
0.085671
0.087105
0.088571
0.090083
0.091658
0.093235
0.094791
0.096335
0.097875
0.099421
0.10098
0.10257
0.10421
0.10589
0.10757
0.10928
0.11103
0.11284
0.11472
0.11671
0.11865
0.12055
0.1224
0.12423
0.12603
0.12783
0.12962
0.13141
0.13322
0.13505
0.1369
0.1388
0.14076
0.14277
0.14475
0.14672
0.14869
0.15067
0.15259
0.15447
0.15633
0.15816
0.15998
0.1618
0.16363
0.16547
0.16735
0.16926
0.17121
0.17318
0.1752
0.17722
0.17924
0.18129
0.18333
0.18531
0.18725
0.18915
0.19104
0.19291
0.19479
0.19668
0.19859
0.20051
0.20243
0.20438
0.20637
0.20835
0.21035
0.21236
0.21442
0.2165
0.21854
0.22053
0.22248
0.22439
0.22628
0.22817
0.23006
0.23198
0.23391
0.23588
0.23787
0.23986
0.24187
0.2439
0.24595
0.24798
0.25002
0.25206
0.25412
0.25614
0.25812
0.26007
0.26201
0.26395
0.26589
0.26785
0.26979
0.27172
0.27366
0.27563
0.27763
0.27963
0.28164
0.28367
0.28574
0.2878
0.28984
0.29188
0.29393
0.29597
0.29798
0.29998
0.30195
0.30391
0.30586
0.30779
0.30971
0.31165
0.31362
0.31559
0.31756
0.31952
0.32151
0.32353
0.32561
0.32769
0.32974
0.33177
0.33379
0.33576
0.33771
0.33952
0.34123
0.34289
0.34449
0.34604
0.34755
0.34907
0.3506
0.35214
0.35364
0.35513
0.35663
0.35817
0.35974
0.36138
0.36302
0.3646
0.36615
0.36768
0.36922
0.37067
0.372
0.37325
0.37441
0.3755
0.37654
0.37754
0.37853
0.3795
0.38046
0.38143
0.38239
0.38333
0.38425
0.38517
0.38609
0.38702
0.38796
0.38894
0.38994
0.39097
0.39198
0.39295
0.39391
0.39486
0.3958
0.39675
0.39771
0.39868
0.39969
0.40072
0.40174
0.40268
0.40356
0.40437
0.40511
0.4058
0.40645
0.40708
0.40768
0.40827
0.40884
0.4094
0.40996
0.41051
0.41106
0.4116
0.41215
0.41269
0.41323
0.41377
0.4143
0.41482
0.41533
0.41584
0.41635
0.41685
0.41736
0.41786
0.41837
0.41889
0.4194
0.41992
0.42045
0.42097
0.42151
0.42204
0.42258
0.42312
0.42366
0.42419
0.42471
0.42523
0.42574
0.42625
0.42676
0.42727
0.42778
0.42829
0.42877
0.42922
0.42965
0.43006
0.43046
0.43084
0.43121
0.43158
0.43193
0.43228
0.43262
0.43295
0.43327
0.43357
0.43386
0.43415
0.43442
0.43469
0.43495
0.43521
0.43546
0.4357
0.43594
0.43618
0.43642
0.43665
0.43688
0.43711
0.43734
0.43757
0.43779
0.43802
0.43824
0.43846
0.43869
0.4389
0.43912
0.43932
0.43953
0.43973
0.43993
0.44012
0.44032
0.4405
0.44069
0.44088
0.44106
0.44124
0.44142
0.4416
0.44178
0.44195
0.44213
0.4423
0.44248
0.44265
0.44282
0.44299
0.44316
0.44332
0.44349
0.44366
0.44382
0.44399
0.44415
0.44432
0.44448
0.44464
0.44481
0.44497
0.44513
0.44529
0.44545
0.44561
0.44577
0.44593
0.44609
0.44625
0.44641
0.44657
0.44672
0.44688
0.44704
0.44719
0.44735
0.44751
0.44766
0.44782
0.44797
0.44813
0.44828
0.44844
0.44859
0.44874
0.4489
0.44905
0.4492
0.44936
0.44951
0.44966
0.44982
0.44997
0.45012
0.45027
0.45042
0.45057
0.45073
0.45088
0.45103
0.45118
0.45133
0.45148
0.45163
0.45178
0.45193
0.45208
0.45223
0.45238
0.45253
0.45268
0.45283
0.45298
0.45313
0.45328
0.45343
0.45358
0.45373
0.45388
0.45403
0.45417
0.45432
0.45447
0.45462
0.45477
0.45492
0.45506
0.45521
0.45536
0.45551
0.45566
0.45581
0.45595
0.4561
0.45625
0.4564
0.45654
0.45669
0.45684
0.45699
0.45713
0.45728
0.45743
0.45758
0.45772
0.45787
0.45802
0.45816
0.45831
0.45846
0.45861
0.45875
0.4589
0.45905
0.45919
0.45934
0.45949
0.45963
0.45978
0.45993
0.46007
0.46022
0.46037
0.46051
0.46066
0.4608
0.46095
0.4611
0.46124
0.46139
0.46154
0.46168
0.46183
0.46198
0.46212
0.46227
0.46241
0.46256
0.46271
0.46285
0.463
0.46314
0.46329
0.46344
0.46358
0.46373
0.46387
0.46402
0.46417
0.46431
0.46446
0.4646
0.46475
0.4649
0.46504
0.46519
0.46533
0.46548
0.46563
0.46577
0.46592
0.46606
0.46621
0.46635
0.4665
0.46665
0.46679
0.46694
0.46708
0.46723
0.46738
0.46752
0.46767
0.46781
0.46796
0.4681
0.46825
0.4684
0.46854
0.46869
0.46883
0.46898
0.46913
0.46927
0.46942
0.46956
0.46971
0.46985
0.47
0.47015
0.47029
0.47044
0.47058
0.47073
0.47088
0.47102
0.47117
0.47131
0.47146
0.4716
0.47175
0.4719
0.47204
0.47219
0.47233
0.47248
0.47263
0.47277
0.47292
0.47306
0.47321
0.47336
0.4735
0.47365
0.47379
0.47394
0.47409
0.47423
0.47438
0.47452
0.47467
0.47482
0.47496
0.47511
0.47526
0.4754
0.47555
0.47569
0.47584
0.47599
0.47613
0.47628
0.47642
0.47657
0.47672
0.47686
0.47701
0.47716
0.4773
0.47745
0.4776
0.47774
0.47789
0.47803
0.47818
0.47833
0.47847
0.47862
0.47877
0.47891
0.47906
0.47921
0.47935
0.4795
0.47965
0.47979
0.47994
0.48009
0.48023
0.48038
0.48053
0.48067
0.48082
0.48097
0.48111
0.48126
0.48141
0.48155
0.4817
0.48185
0.482
0.48214
0.48229
0.48244
0.48258
0.48273
0.48288
0.48302
0.48317
0.48332
0.48347
0.48361
0.48376
0.48391
0.48406
0.4842
0.48435
0.4845
0.48464
0.48479
0.48494
0.48509
0.48523
0.48538
0.48553
0.48568
0.48582
0.48597
0.48612
0.48627
0.48642
0.48656
0.48671
0.48686
0.48701
0.48715
0.4873
0.48745
0.4876
0.48775
0.48789
0.48804
0.48819
0.48834
0.48849
0.48863
0.48878
0.48893
0.48908
0.48923
0.48937
0.48952
0.48967
0.48982
0.48997
0.49012
0.49026
0.49041
0.49056
0.49071
0.49086
0.49101
0.49116
0.4913
0.49145
0.4916
0.49175
0.4919
0.49205
0.4922
0.49235
0.49249
0.49264
0.49279
0.49294
0.49309
0.49324
0.49339
0.49354
0.49369
0.49384
0.49399
0.49413
0.49428
0.49443
0.49458
0.49473
0.49488
0.49503
0.49518
0.49533
0.49548
0.49563
0.49578
0.49593
0.49608
0.49623
0.49638
0.49653
0.49668
0.49683
0.49698
0.49713
0.49728
0.49743
0.49758
0.49773
0.49788
0.49803
0.49818
0.49833
0.49848
0.49863
0.49878
0.49893
0.49908
0.49923
0.49938
0.49953
0.49968
0.49983
0.49998
0.50013
0.50028
0.50043
0.50058
0.50074
0.50089
0.50104
0.50119
0.50134
0.50149
0.50164
0.50179
0.50194
0.50209
0.50225
0.5024
0.50255
0.5027
0.50285
0.503
0.50315
0.50331
0.50346
0.50361
0.50376
0.50391
0.50406
0.50422
0.50437
0.50452
0.50467
0.50482
0.50497
0.50513
0.50528
0.50543
0.50558
0.50574
0.50589
0.50604
0.50619
0.50634
0.5065
0.50665
0.5068
0.50695
0.50711
0.50726
0.50741
0.50757
0.50772
0.50787
0.50802
0.50818
0.50833
0.50848
0.50864
0.50879
0.50894
0.5091
0.50925
0.5094
0.50955
0.50971
0.50986
0.51002
0.51017
0.51032
0.51048
0.51063
0.51078
0.51094
0.51109
0.51124
0.5114
0.51155
0.51171
0.51186
0.51201
0.51217
0.51232
0.51248
0.51263
0.51279
0.51294
0.51309
0.51325
0.5134
0.51356
0.51371
0.51387
0.51402
0.51418
0.51433
0.51449
0.51464
0.5148
0.51495
0.51511
0.51526
0.51542
0.51557
0.51573
0.51588
0.51604
0.51619
0.51635
0.5165
0.51666
0.51681
0.51697
0.51712
0.51728
0.51744
0.51759
0.51775
0.5179
0.51806
0.51821
0.51837
0.51853
0.51868
0.51884
0.519
0.51915
0.51931
0.51946
0.51962
0.51978
0.51993
0.52009
0.52025
0.5204
0.52056
0.52072
0.52087
0.52103
0.52119
0.52134
0.5215
0.52166
0.52181
0.52197
0.52213
0.52229
0.52244
0.5226
0.52276
0.52291
0.52307
0.52323
0.52339
0.52354
0.5237
0.52386
0.52402
0.52418
0.52433
0.52449
0.52465
0.52481
0.52496
0.52512
0.52528
0.52544
0.5256
0.52576
0.52591
0.52607
0.52623
0.52639
0.52655
0.52671
0.52686
0.52702
0.52718
0.52734
0.5275
0.52766
0.52782
0.52798
0.52813
0.52829
0.52845
0.52861
0.52877
0.52893
0.52909
0.52925
0.52941
0.52957
0.52973
0.52989
0.53005
0.53021
0.53037
0.53053
0.53069
0.53085
0.53101
0.53117
0.53133
0.53149
0.53165
0.53181
0.53197
0.53213
0.53229
0.53245
0.53261
0.53277
0.53293
0.53309
0.53325
0.53341
0.53357
0.53373
0.53389
0.53405
0.53421
0.53438
0.53454
0.5347
0.53486
0.53502
0.53518
0.53534
0.5355
0.53567
0.53583
0.53599
0.53615
0.53631
0.53647
0.53664
0.5368
0.53696
0.53712
0.53728
0.53744
0.53761
0.53777
0.53793
0.53809
0.53826
0.53842
0.53858
0.53874
0.53891
0.53907
0.53923
0.53939
0.53956
0.53972
0.53988
0.54005
0.54021
0.54037
0.54053
0.5407
0.54086
0.54102
0.54119
0.54135
0.54151
0.54168
0.54184
0.54201
0.54217
0.54233
0.5425
0.54266
0.54282
0.54299
0.54315
0.54332
0.54348
0.54365
0.54381
0.54397
0.54414
0.5443
0.54447
0.54463
0.5448
0.54496
0.54513
0.54529
0.54546
0.54562
0.54579
0.54595
0.54612
0.54628
0.54645
0.54661
0.54678
0.54694
0.54711
0.54727
0.54744
0.54761
0.54777
0.54794
0.5481
0.54827
0.54843
0.5486
0.54877
0.54893
0.5491
0.54927
0.54943
0.5496
0.54977
0.54993
0.5501
0.55027
0.55043
0.5506
0.55077
0.55093
0.5511
0.55127
0.55143
0.5516
0.55177
0.55194
0.5521
0.55227
0.55244
0.55261
0.55277
0.55294
0.55311
0.55328
0.55344
0.55361
0.55378
0.55395
0.55412
0.55428
0.55445
0.55462
0.55479
0.55496
0.55513
0.55529
0.55546
0.55563
0.5558
0.55597
0.55614
0.55631
0.55648
0.55664
0.55681
0.55698
0.55715
0.55732
0.55749
0.55766
0.55783
0.558
0.55817
0.55834
0.5585
0.55867
0.55884
0.55901
0.55918
0.55935
0.55952
0.55969
0.55986
0.56003
0.5602
0.56037
0.56054
0.56071
0.56088
0.56105
0.56122
0.56139
0.56156
0.56173
0.5619
0.56207
0.56224
0.56242
0.56259
0.56276
0.56293
0.5631
0.56327
0.56344
0.56361
0.56378
0.56395
0.56412
0.5643
0.56447
0.56464
0.56481
0.56498
0.56515
0.56532
0.5655
0.56567
0.56584
0.56601
0.56618
0.56635
0.56653
0.5667
0.56687
0.56704
0.56722
0.56739
0.56756
0.56773
0.5679
0.56808
0.56825
0.56842
0.56859
0.56877
0.56894
0.56911
0.56928
0.56946
0.56963
0.5698
0.56998
0.57015
0.57032
0.5705
0.57067
0.57084
0.57102
0.57119
0.57136
0.57154
0.57171
0.57188
0.57206
0.57223
0.5724
0.57258
0.57275
0.57292
0.5731
0.57327
0.57345
0.57362
0.5738
0.57397
0.57414
0.57432
0.57449
0.57467
0.57484
0.57502
0.57519
0.57537
0.57554
0.57572
0.57589
0.57607
0.57624
0.57642
0.57659
0.57677
0.57694
0.57712
0.57729
0.57747
0.57765
0.57782
0.578
0.57817
0.57835
0.57853
0.5787
0.57888
0.57905
0.57923
0.57941
0.57958
0.57976
0.57994
0.58011
0.58029
0.58047
0.58064
0.58082
0.581
0.58118
0.58135
0.58153
0.58171
0.58188
0.58206
0.58224
0.58242
0.5826
0.58277
0.58295
0.58313
0.58331
0.58348
0.58366
0.58384
0.58402
0.5842
0.58437
0.58455
0.58473
0.58491
0.58509
0.58527
0.58545
0.58562
0.5858
0.58598
0.58616
0.58634
0.58652
0.5867
0.58688
0.58706
0.58724
0.58741
0.58759
0.58777
0.58795
0.58813
0.58831
0.58849
0.58867
0.58885
0.58903
0.58921
0.58939
0.58957
0.58975
0.58993
0.59011
0.59029
0.59047
0.59065
0.59084
0.59102
0.5912
0.59138
0.59156
0.59174
0.59192
0.5921
0.59228
0.59246
0.59265
0.59283
0.59301
0.59319
0.59337
0.59355
0.59373
0.59392
0.5941
0.59428
0.59446
0.59464
0.59482
0.59501
0.59519
0.59537
0.59555
0.59573
0.59591
0.59609
0.59627
0.59646
0.59664
0.59682
0.597
0.59718
0.59736
0.59754
0.59773
0.59791
0.59809
0.59827
0.59845
0.59863
0.59881
0.599
0.59918
0.59936
0.59954
0.59972
0.59991
0.60009
0.60027
0.60045
0.60063
0.60082
0.601
0.60118
0.60136
0.60154
0.60173
0.60191
0.60209
0.60227
0.60246
0.60264
0.60282
0.603
0.60319
0.60337
0.60355
0.60374
0.60392
0.6041
0.60429
0.60447
0.60465
0.60484
0.60502
0.6052
0.60539
0.60557
0.60576
0.60594
0.60612
0.60631
0.60649
0.60668
0.60686
0.60705
0.60723
0.60742
0.6076
0.60778
0.60797
0.60815
0.60834
0.60853
0.60871
0.6089
0.60908
0.60927
0.60945
0.60964
0.60982
0.61001
0.6102
0.61038
0.61057
0.61075
0.61094
0.61113
0.61131
0.6115
0.61169
0.61187
0.61206
0.61225
0.61243
0.61262
0.61281
0.613
0.61318
0.61337
0.61356
0.61375
0.61393
0.61412
0.61431
0.6145
0.61468
0.61487
0.61506
0.61525
0.61544
0.61562
0.61581
0.616
0.61619
0.61638
0.61657
0.61675
0.61694
0.61713
0.61732
0.61751
0.6177
0.61788
0.61807
0.61826
0.61845
0.61864
0.61883
0.61902
0.61921
0.6194
0.61958
0.61977
0.61996
0.62015
0.62034
0.62053
0.62072
0.62091
0.6211
0.62129
0.62148
0.62167
0.62186
0.62205
0.62224
0.62243
0.62262
0.62281
0.623
0.62319
0.62338
0.62357
0.62376
0.62395
0.62414
0.62433
0.62452
0.62471
0.6249
0.62509
0.62528
0.62547
0.62566
0.62585
0.62604
0.62624
0.62643
0.62662
0.62681
0.627
0.62719
0.62738
0.62758
0.62777
0.62796
0.62815
0.62834
0.62853
0.62873
0.62892
0.62911
0.6293
0.6295
0.62969
0.62988
0.63007
0.63027
0.63046
0.63065
0.63084
0.63104
0.63123
0.63142
0.63162
0.63181
0.632
0.6322
0.63239
0.63259
0.63278
0.63297
0.63317
0.63336
0.63356
0.63375
0.63394
0.63414
0.63433
0.63453
0.63472
0.63492
0.63511
0.63531
0.6355
0.6357
0.63589
0.63609
0.63629
0.63648
0.63668
0.63687
0.63707
0.63726
0.63746
0.63766
0.63785
0.63805
0.63825
0.63844
0.63864
0.63884
0.63903
0.63923
0.63943
0.63963
0.63982
0.64002
0.64022
0.64042
0.64061
0.64081
0.64101
0.64121
0.6414
0.6416
0.6418
0.642
0.6422
0.6424
0.64259
0.64279
0.64299
0.64319
0.64339
0.64359
0.64378
0.64398
0.64418
0.64438
0.64458
0.64478
0.64498
0.64517
0.64537
0.64557
0.64577
0.64597
0.64617
0.64637
0.64657
0.64677
0.64697
0.64716
0.64736
0.64756
0.64776
0.64796
0.64816
0.64836
0.64856
0.64876
0.64896
0.64916
0.64936
0.64956
0.64976
0.64996
0.65016
0.65036
0.65056
0.65076
0.65096
0.65116
0.65136
0.65157
0.65177
0.65197
0.65217
0.65237
0.65257
0.65277
0.65297
0.65317
0.65338
0.65358
0.65378
0.65398
0.65418
0.65438
0.65458
0.65479
0.65499
0.65519
0.65539
0.65559
0.6558
0.656
0.6562
0.6564
0.65661
0.65681
0.65701
0.65721
0.65742
0.65762
0.65782
0.65802
0.65823
0.65843
0.65863
0.65884
0.65904
0.65924
0.65945
0.65965
0.65985
0.66006
0.66026
0.66046
0.66067
0.66087
0.66108
0.66128
0.66148
0.66169
0.66189
0.6621
0.6623
0.66251
0.66271
0.66291
0.66312
0.66332
0.66353
0.66373
0.66394
0.66414
0.66435
0.66455
0.66476
0.66496
0.66517
0.66537
0.66558
0.66578
0.66599
0.6662
0.6664
0.66661
0.66681
0.66702
0.66723
0.66743
0.66764
0.66784
0.66805
0.66826
0.66846
0.66867
0.66888
0.66908
0.66929
0.6695
0.6697
0.66991
0.67012
0.67032
0.67053
0.67074
0.67095
0.67115
0.67136
0.67157
0.67178
0.67198
0.67219
0.6724
0.67261
0.67282
0.67303
0.67323
0.67344
0.67365
0.67386
0.67407
0.67428
0.67449
0.67469
0.6749
0.67511
0.67532
0.67553
0.67574
0.67595
0.67616
0.67637
0.67658
0.67679
0.677
0.67721
0.67742
0.67763
0.67784
0.67805
0.67826
0.67847
0.67868
0.67889
0.6791
0.67931
0.67952
0.67974
0.67995
0.68016
0.68037
0.68058
0.68079
0.681
0.68121
0.68143
0.68164
0.68185
0.68206
0.68227
0.68248
0.6827
0.68291
0.68312
0.68333
0.68355
0.68376
0.68397
0.68418
0.6844
0.68461
0.68482
0.68503
0.68525
0.68546
0.68567
0.68589
0.6861
0.68631
0.68653
0.68674
0.68695
0.68717
0.68738
0.68759
0.68781
0.68802
0.68824
0.68845
0.68866
0.68888
0.68909
0.68931
0.68952
0.68974
0.68995
0.69017
0.69038
0.6906
0.69081
0.69103
0.69124
0.69146
0.69167
0.69189
0.6921
0.69232
0.69253
0.69275
0.69296
0.69318
0.6934
0.69361
0.69383
0.69404
0.69426
0.69448
0.69469
0.69491
0.69512
0.69534
0.69556
0.69577
0.69599
0.69621
0.69643
0.69664
0.69686
0.69708
0.69729
0.69751
0.69773
0.69795
0.69816
0.69838
0.6986
0.69882
0.69904
0.69925
0.69947
0.69969
0.69991
0.70013
0.70035
0.70056
0.70078
0.701
0.70122
0.70144
0.70166
0.70188
0.7021
0.70232
0.70254
0.70276
0.70298
0.7032
0.70342
0.70364
0.70386
0.70408
0.7043
0.70452
0.70474
0.70496
0.70518
0.7054
0.70562
0.70584
0.70606
0.70628
0.7065
0.70672
0.70695
0.70717
0.70739
0.70761
0.70783
0.70805
0.70827
0.70849
0.70872
0.70894
0.70916
0.70938
0.7096
0.70983
0.71005
0.71027
0.71049
0.71071
0.71094
0.71116
0.71138
0.71161
0.71183
0.71205
0.71227
0.7125
0.71272
0.71294
0.71317
0.71339
0.71362
0.71384
0.71406
0.71429
0.71451
0.71474
0.71496
0.71518
0.71541
0.71563
0.71586
0.71608
0.71631
0.71653
0.71676
0.71698
0.71721
0.71743
0.71766
0.71788
0.71811
0.71834
0.71856
0.71879
0.71901
0.71924
0.71946
0.71969
0.71992
0.72014
0.72037
0.72059
0.72082
0.72105
0.72127
0.7215
0.72173
0.72195
0.72218
0.72241
0.72264
0.72286
0.72309
0.72332
0.72355
0.72377
0.724
0.72423
0.72446
0.72468
0.72491
0.72514
0.72537
0.7256
0.72583
0.72606
0.72628
0.72651
0.72674
0.72697
0.7272
0.72743
0.72766
0.72789
0.72812
0.72835
0.72858
0.72881
0.72904
0.72927
0.7295
0.72973
0.72996
0.73019
0.73042
0.73065
0.73088
0.73111
0.73134
0.73157
0.73181
0.73204
0.73227
0.7325
0.73273
0.73296
0.73319
0.73342
0.73365
0.73389
0.73412
0.73435
0.73458
0.73481
0.73504
0.73528
0.73551
0.73574
0.73597
0.73621
0.73644
0.73667
0.7369
0.73713
0.73737
0.7376
0.73783
0.73807
0.7383
0.73853
0.73876
0.739
0.73923
0.73946
0.7397
0.73993
0.74016
0.7404
0.74063
0.74087
0.7411
0.74133
0.74157
0.7418
0.74204
0.74227
0.74251
0.74274
0.74297
0.74321
0.74344
0.74368
0.74391
0.74415
0.74439
0.74462
0.74486
0.74509
0.74533
0.74556
0.7458
0.74604
0.74627
0.74651
0.74674
0.74698
0.74722
0.74745
0.74769
0.74793
0.74816
0.7484
0.74864
0.74888
0.74911
0.74935
0.74959
0.74983
0.75006
0.7503
0.75054
0.75078
0.75102
0.75125
0.75149
0.75173
0.75197
0.75221
0.75245
0.75269
0.75293
0.75316
0.7534
0.75364
0.75388
0.75412
0.75436
0.7546
0.75484
0.75508
0.75532
0.75556
0.7558
0.75604
0.75628
0.75653
0.75677
0.75701
0.75725
0.75749
0.75773
0.75797
0.75821
0.75846
0.7587
0.75894
0.75918
0.75942
0.75966
0.75991
0.76015
0.76039
0.76063
0.76088
0.76112
0.76136
0.76161
0.76185
0.76209
0.76233
0.76258
0.76282
0.76307
0.76331
0.76355
0.7638
0.76404
0.76428
0.76453
0.76477
0.76502
0.76526
0.76551
0.76575
0.766
0.76624
0.76649
0.76673
0.76698
0.76722
0.76747
0.76771
0.76796
0.7682
0.76845
0.7687
0.76894
0.76919
0.76943
0.76968
0.76993
0.77017
0.77042
0.77067
0.77091
0.77116
0.77141
0.77166
0.7719
0.77215
0.7724
0.77265
0.77289
0.77314
0.77339
0.77364
0.77389
0.77413
0.77438
0.77463
0.77488
0.77513
0.77538
0.77563
0.77588
0.77613
0.77637
0.77662
0.77687
0.77712
0.77737
0.77762
0.77787
0.77812
0.77837
0.77862
0.77887
0.77912
0.77937
0.77962
0.77987
0.78013
0.78038
0.78063
0.78088
0.78113
0.78138
0.78163
0.78188
0.78214
0.78239
0.78264
0.78289
0.78314
0.7834
0.78365
0.7839
0.78415
0.7844
0.78466
0.78491
0.78516
0.78542
0.78567
0.78592
0.78618
0.78643
0.78668
0.78694
0.78719
0.78744
0.7877
0.78795
0.78821
0.78846
0.78871
0.78897
0.78922
0.78948
0.78973
0.78999
0.79024
0.7905
0.79075
0.79101
0.79126
0.79152
0.79177
0.79203
0.79229
0.79254
0.7928
0.79305
0.79331
0.79357
0.79382
0.79408
0.79433
0.79459
0.79485
0.79511
0.79536
0.79562
0.79588
0.79613
0.79639
0.79665
0.79691
0.79716
0.79742
0.79768
0.79794
0.7982
0.79845
0.79871
0.79897
0.79923
0.79949
0.79975
0.80001
0.80026
0.80052
0.80078
0.80104
0.8013
0.80156
0.80182
0.80208
0.80234
0.8026
0.80286
0.80312
0.80338
0.80364
0.8039
0.80416
0.80442
0.80468
0.80494
0.8052
0.80547
0.80573
0.80599
0.80625
0.80651
0.80677
0.80703
0.8073
0.80756
0.80782
0.80808
0.80834
0.80861
0.80887
0.80913
0.80939
0.80966
0.80992
0.81018
0.81044
0.81071
0.81097
0.81123
0.8115
0.81176
0.81202
0.81229
0.81255
0.81282
0.81308
0.81334
0.81361
0.81387
0.81414
0.8144
0.81467
0.81493
0.8152
0.81546
0.81573
0.81599
0.81626
0.81652
0.81679
0.81705
0.81732
0.81758
0.81785
0.81812
0.81838
0.81865
0.81891
0.81918
0.81945
0.81971
0.81998
0.82025
0.82051
0.82078
0.82105
0.82132
0.82158
0.82185
0.82212
0.82239
0.82265
0.82292
0.82319
0.82346
0.82373
0.82399
0.82426
0.82453
0.8248
0.82507
0.82534
0.82561
0.82588
0.82615
0.82641
0.82668
0.82695
0.82722
0.82749
0.82776
0.82803
0.8283
0.82857
0.82884
0.82911
0.82938
0.82965
0.82992
0.8302
0.83047
0.83074
0.83101
0.83128
0.83155
0.83182
0.83209
0.83236
0.83264
0.83291
0.83318
0.83345
0.83372
0.834
0.83427
0.83454
0.83481
0.83509
0.83536
0.83563
0.8359
0.83618
0.83645
0.83672
0.837
0.83727
0.83754
0.83782
0.83809
0.83836
0.83864
0.83891
0.83918
0.83946
0.83973
0.84001
0.84028
0.84055
0.84083
0.8411
0.84138
0.84165
0.84193
0.8422
0.84248
0.84275
0.84303
0.8433
0.84358
0.84386
0.84413
0.84441
0.84468
0.84496
0.84523
0.84551
0.84579
0.84606
0.84634
0.84662
0.84689
0.84717
0.84745
0.84772
0.848
0.84828
0.84856
0.84883
0.84911
0.84939
0.84967
0.84994
0.85022
0.8505
0.85078
0.85106
0.85134
0.85161
0.85189
0.85217
0.85245
0.85273
0.85301
0.85329
0.85357
0.85385
0.85413
0.85441
0.85469
0.85497
0.85525
0.85553
0.85581
0.85609
0.85637
0.85665
0.85693
0.85721
0.85749
0.85777
0.85805
0.85833
0.85861
0.85889
0.85918
0.85946
0.85974
0.86002
0.8603
0.86059
0.86087
0.86115
0.86143
0.86171
0.862
0.86228
0.86256
0.86285
0.86313
0.86341
0.8637
0.86398
0.86426
0.86455
0.86483
0.86511
0.8654
0.86568
0.86597
0.86625
0.86653
0.86682
0.8671
0.86739
0.86767
0.86796
0.86824
0.86853
0.86881
0.8691
0.86938
0.86967
0.86996
0.87024
0.87053
0.87081
0.8711
0.87139
0.87167
0.87196
0.87224
0.87253
0.87282
0.87311
0.87339
0.87368
0.87397
0.87425
0.87454
0.87483
0.87512
0.8754
0.87569
0.87598
0.87627
0.87656
0.87685
0.87713
0.87742
0.87771
0.878
0.87829
0.87858
0.87887
0.87916
0.87945
0.87974
0.88003
0.88031
0.8806
0.88089
0.88118
0.88147
0.88177
0.88206
0.88235
0.88264
0.88293
0.88322
0.88351
0.8838
0.88409
0.88438
0.88467
0.88497
0.88526
0.88555
0.88584
0.88613
0.88642
0.88672
0.88701
0.8873
0.88759
0.88789
0.88818
0.88847
0.88877
0.88906
0.88935
0.88965
0.88994
0.89023
0.89053
0.89082
0.89111
0.89141
0.8917
0.892
0.89229
0.89258
0.89288
0.89317
0.89347
0.89376
0.89406
0.89435
0.89465
0.89494
0.89524
0.89554
0.89583
0.89613
0.89642
0.89672
0.89701
0.89731
0.89761
0.8979
0.8982
0.8985
0.89879
0.89909
0.89939
0.89969
0.89998
0.90028
0.90058
0.90088
0.90117
0.90147
0.90177
0.90207
0.90237
0.90266
0.90296
0.90326
0.90356
0.90386
0.90416
0.90446
0.90475
0.90505
0.90535
0.90565
0.90595
0.90625
0.90655
0.90685
0.90715
0.90745
0.90775
0.90805
0.90835
0.90865
0.90895
0.90926
0.90956
0.90986
0.91016
0.91046
0.91076
0.91106
0.91136
0.91167
0.91197
0.91227
0.91257
0.91287
0.91318
0.91348
0.91378
0.91408
0.91439
0.91469
0.91499
0.91529
0.9156
0.9159
0.9162
0.91651
0.91681
0.91711
0.91742
0.91772
0.91802
0.91833
0.91863
0.91893
0.91924
0.91954
0.91985
0.92015
0.92046
0.92076
0.92107
0.92137
0.92168
0.92198
0.92229
0.92259
0.9229
0.92321
0.92351
0.92382
0.92412
0.92443
0.92474
0.92504
0.92535
0.92566
0.92596
0.92627
0.92658
0.92689
0.92719
0.9275
0.92781
0.92812
0.92842
0.92873
0.92904
0.92935
0.92966
0.92997
0.93027
0.93058
0.93089
0.9312
0.93151
0.93182
0.93213
0.93244
0.93275
0.93306
0.93337
0.93368
0.93399
0.9343
0.93461
0.93492
0.93523
0.93554
0.93585
0.93616
0.93648
0.93679
0.9371
0.93741
0.93772
0.93803
0.93835
0.93866
0.93897
0.93928
0.93959
0.93991
0.94022
0.94053
0.94085
0.94116
0.94147
0.94178
0.9421
0.94241
0.94273
0.94304
0.94335
0.94367
0.94398
0.9443
0.94461
0.94492
0.94524
0.94555
0.94587
0.94618
0.9465
0.94681
0.94713
0.94744
0.94776
0.94808
0.94839
0.94871
0.94902
0.94934
0.94966
0.94997
0.95029
0.95061
0.95092
0.95124
0.95156
0.95187
0.95219
0.95251
0.95283
0.95314
0.95346
0.95378
0.9541
0.95442
0.95473
0.95505
0.95537
0.95569
0.95601
0.95633
0.95665
0.95697
0.95729
0.95761
0.95792
0.95824
0.95856
0.95888
0.9592
0.95952
0.95984
0.96017
0.96049
0.96081
0.96113
0.96145
0.96177
0.96209
0.96241
0.96273
0.96305
0.96338
0.9637
0.96402
0.96434
0.96466
0.96499
0.96531
0.96563
0.96595
0.96628
0.9666
0.96692
0.96725
0.96757
0.96789
0.96822
0.96854
0.96886
0.96919
0.96951
0.96983
0.97016
0.97048
0.97081
0.97113
0.97146
0.97178
0.97211
0.97243
0.97276
0.97308
0.97341
0.97373
0.97406
0.97438
0.97471
0.97504
0.97536
0.97569
0.97601
0.97634
0.97667
0.97699
0.97732
0.97765
0.97798
0.9783
0.97863
0.97896
0.97929
0.97961
0.97994
0.98027
0.9806
0.98092
0.98125
0.98158
0.98191
0.98224
0.98257
0.9829
0.98323
0.98355
0.98388
0.98421
0.98454
0.98487
0.9852
0.98553
0.98586
0.98619
0.98652
0.98685
0.98718
0.98751
0.98784
0.98817
0.98851
0.98884
0.98917
0.9895
0.98983
0.99016
0.99049
0.99083
0.99116
0.99149
0.99182
0.99215
0.99249
0.99282
0.99315
0.99348
0.99382
0.99415
0.99448
0.99482
0.99515
0.99548
0.99582
0.99615
0.99648
0.99682
0.99715
0.99749
0.99782
0.99816
0.99849
0.99883
0.99916
0.9995
0.99983
1.0002
