0
0
0.010066
0.020526
0.030147
0.040307
0.050888
0.060788
0.070182
0.080077
0.090083
0.10098
0.11103
0.12055
0.13141
0.14076
0.15067
0.1618
0.17121
0.18129
0.19104
0.20051
0.21035
0.22053
0.23006
0.24187
0.25002
0.26007
0.27172
0.28164
0.29188
0.30195
0.31165
0.32151
0.33177
0.34123
0.3506
0.36138
0.37067
0.38046
0.39097
0.40072
0.41051
0.42045
0.43006
0.44012
0.45012
0.46007
0.47
0.48009
0.49012
0.50013
0.51002
0.52009
0.53005
0.54005
0.5501
0.56003
0.57015
0.58011
0.59011
0.60009
0.61001
0.62015
0.63007
0.64002
0.65016
0.66006
0.67012
0.68016
0.69017
0.70013
0.71005
0.72014
0.73019
0.74016
0.75006
0.76015
0.77017
0.78013
0.79024
0.80001
0.81018
0.82025
0.8302
0.84001
0.85022
0.86002
0.87024
0.88003
0.89023
0.90028
0.91016
0.92015
0.93027
0.94022
0.95029
0.96017
0.97016
0.98027
0.99016
1.0002
