0
0
0
0
0.010159
0.020012
0.030312
0.040029
0.050295
0.060056
0.070583
0.080094
0.090198
0.10006
0.11012
0.12001
0.13001
0.1402
0
0.010223
0.020026
0.030257
0.040048
0.050302
0.060682
0.070111
0.080419
0.090286
0.10021
0.11024
0.12005
0.13011
0.1401
0.15003
0.16004
0.17012
0.18
0.19013
0.2
0.21009
0.22006
0.23029
0.24011
0.25012
0.26022
0.27006
0.28004
0.29004
0.30005
0.31001
0.32001
0.33001
0.34004
0.35006
0.36011
0.37006
0.38001
0.39008
0.40012
0.4101
0.42001
0.43003
0.44001
0.45006
0.46015
0.47005
0.48002
0.49003
0.50004
0
0
0.010131
0.020114
0.030435
0.040506
0.05008
0.060248
0.070522
0.080503
0.090697
0.10043
0.11045
0.12016
0.13077
0.1402
0.15035
0.16022
0.17076
0.18065
0.19043
0.20034
0.21027
0.22013
0.23077
0.2403
0.25003
0.26024
0.27038
0.28021
0.29065
0.30078
0.31036
0.32003
0.33032
0.34019
0.35025
0.36022
0.37021
0.3802
0.39008
0.40009
0.41004
0.42003
0.43002
0.44004
0.45003
0.46002
0.47002
0.48004
0.49003
0.50001
0
0
0.010131
0.020114
0.030435
0.040506
0.05008
0.060248
0.070522
0.080503
0.090697
0.10043
0.11045
0.12016
0.13077
0.1402
0
0.010131
0.020114
0.030435
0.040506
0.05008
0.060248
0.070522
0.080503
0.090697
0.10043
0.11045
0.12016
0.13077
0.1402
0.15035
0.16022
0.17076
0.18065
0.19043
0.20034
0.21027
0.22013
0.23077
0.2403
0.25003
0.26024
0.27038
0.28021
0.29065
0.30078
0.31036
0.32003
0.33032
0.34019
0.35025
0.36022
0.37021
0.3802
0.39008
0.40009
0.41004
0.42003
0.43002
0.44004
0.45003
0.46002
0.47002
0.48004
0.49003
0.50001
0.51001
0.52002
0.53003
0.54002
0.55001
0.56004
0.57001
0.58002
0.59004
0.60004
0.61004
0.62003
0.63001
0.64002
0.65001
0.66003
0.67003
0.68006
0.69006
0.70002
0.71006
0.72006
0.73007
0.74002
0.75005
0.76002
0.77006
0.78003
0
0.010223
0.020026
0.030257
0.040048
0.050302
0.060682
0.070111
0.080419
0.090286
0.10021
0.11024
0.12005
0.13011
0.1401
0.15003
0.16004
0.17012
0.18
0.19013
0.2
0.21009
0.22006
0.23029
0.24011
0.25012
0.26022
0.27006
0.28004
0.29004
0.30005
0.31001
0.32001
0.33001
0.34004
0.35006
0.36011
0.37006
0.38001
0.39008
0.40012
0.4101
0.42001
0.43003
0.44001
0.45006
0.46015
0.47005
0.48002
0.49003
0.50004
0.51005
0.52003
0.53005
0.54003
0.55005
0.56005
0.57003
0.58003
0.59
0
0
0.010208
0.020013
0.030364
0.040467
0.050126
0.060481
0.070242
0.080166
0.090036
0.1
0.11015
0.12001
0.13003
0.14003
0.15011
0.16002
0.17001
0.18001
0.19011
0.2
0.21005
0.22013
0.23016
0.24008
0.25031
0.2601
0.27001
0.28007
0.29002
0.30005
0.31002
0.32006
0.33005
0.34007
0.3501
0.36007
0.37011
0.38003
0.39008
0.40011
0.41012
0.42008
0.4301
0.44005
0.45012
0.46016
0.47001
0.48012
0.49006
0.50002
0.51002
0.52003
0.53002
0.54005
0.55003
0.56003
0.57001
0.58004
0.59
0.60006
0.61002
0.62001
0.63004
0.64001
0.65003
0.66004
0.67006
0.68004
0.69006
0.70007
0.71003
0.72007
0.73007
0.74005
0.75004
0.76005
0.77001
0.78005
0.79008
