0
0
0.0014381
0.0025665
0.0036938
0.0049912
0.0063313
0.0075928
0.0089248
0.010423
0.011966
0.013468
0.015055
0.016808
0.018639
0.020432
0.022315
0.024369
0.026562
0.028702
0.030935
0.033347
0.035995
0.038561
0.041217
0.044068
0.04718
0.050285
0.053471
0.056869
0.060562
0.064387
0.06827
0.072387
0.076847
0.081531
0.086387
0.091498
0.097025
0.10284
0.10905
0.11564
0.12275
0.13027
0.13777
0.14512
0.15258
0.16021
0.16794
0.17543
0.18299
0.1907
0.19856
0.20622
0.2139
0.2217
0.22964
0.23756
0.24542
0.25338
0.26144
0.2696
0.2778
0.28606
0.29438
0.30274
0.31115
0.31957
0.32799
0.3365
0.34504
0.35349
0.36151
0.3691
0.3759
0.38183
0.38723
0.39239
0.39725
0.40199
0.40667
0.41093
0.41472
0.41809
0.42127
0.42421
0.427
0.42973
0.43234
0.43486
0.43735
0.43983
0.44227
0.44464
0.44695
0.44895
0.45067
0.45225
0.45373
0.45508
0.45631
0.45746
0.45858
0.45965
0.46063
