0
0
0.00012395
0.00020376
0.00027245
0.00033677
0.00040032
0.00046568
0.00053493
0.00060981
0.00068101
0.00074816
0.00081391
0.00088012
0.00094819
0.0010192
0.0010941
0.0011687
0.0012401
0.0013104
0.0013812
0.0014534
0.0015281
0.0016059
0.0016864
0.0017636
0.0018394
0.0019154
0.0019925
0.0020716
0.0021533
0.0022381
0.0023222
0.0024043
0.0024861
0.0025685
0.0026526
0.0027389
0.0028279
0.0029201
0.0030094
0.0030976
0.003186
0.0032755
0.003367
0.0034608
0.0035576
0.0036552
0.0037507
0.0038457
0.0039413
0.0040383
0.0041375
0.0042392
0.004344
0.004448
0.0045505
0.0046528
0.0047561
0.0048611
0.0049683
0.0050784
0.0051916
0.0053027
0.0054127
0.005523
0.0056344
0.0057477
0.0058636
0.0059824
0.0061039
0.0062228
0.006341
0.0064596
0.0065797
0.0067019
0.0068268
0.0069548
0.0070845
0.0072119
0.0073388
0.0074664
0.0075957
0.0077273
0.0078618
0.0079996
0.0081381
0.0082747
0.0084109
0.0085481
0.0086872
0.0088288
0.0089735
0.0091217
0.0092699
0.0094163
0.0095626
0.0097101
0.0098596
0.010012
0.010168
0.010327
0.010486
0.010643
0.0108
0.010958
0.011119
0.011283
0.01145
0.011621
0.011792
0.01196
0.012129
0.0123
0.012472
0.012649
0.012829
0.013013
0.013195
0.013377
0.013558
0.013742
0.013928
0.014117
0.014311
0.014509
0.014706
0.014901
0.015096
0.015294
0.015494
0.015699
0.015908
0.016121
0.016333
0.016543
0.016754
0.016967
0.017183
0.017404
0.017629
0.01786
0.018088
0.018315
0.018543
0.018773
0.019007
0.019246
0.01949
0.019739
0.019986
0.020232
0.020479
0.020728
0.020982
0.021241
0.021505
0.021775
0.022043
0.02231
0.022579
0.02285
0.023126
0.023407
0.023694
0.023988
0.024281
0.024572
0.024864
0.025161
0.025461
0.025768
0.026082
0.026403
0.026723
0.027042
0.027362
0.027687
0.028017
0.028353
0.028697
0.029049
0.029402
0.029753
0.030106
0.030463
0.030826
0.031197
0.031576
0.031965
0.032355
0.032744
0.033135
0.033531
0.033934
0.034345
0.034766
0.035197
0.035633
0.036066
0.036503
0.036945
0.037395
0.037855
0.038325
0.038808
0.039298
0.039786
0.040277
0.040775
0.041282
0.041801
0.042332
0.042874
0.043418
0.043969
0.044527
0.045093
0.04567
0.04626
0.046865
0.047473
0.048089
0.048718
0.049361
0.050012
0.050676
0.051355
0.052042
0.05274
0.053453
0.054185
0.054935
0.055694
0.056469
0.057255
0.058055
0.058874
0.059717
0.060586
0.061476
0.062377
0.063291
0.064223
0.065179
0.066164
0.067183
0.068237
0.069308
0.07039
0.071496
0.072632
0.073806
0.075002
0.076219
0.077467
0.078726
0.080005
0.081287
0.082591
0.083904
0.085239
0.086592
0.087966
0.08936
0.090752
0.092166
0.093581
0.095022
0.09647
0.097953
0.099445
0.10094
0.10244
0.10396
0.10548
0.10702
0.10858
0.11016
0.11176
0.11335
0.11495
0.11656
0.11817
0.11982
0.12147
0.12315
0.12483
0.12651
0.12818
0.12988
0.13158
0.1333
0.13501
0.13671
0.13839
0.14008
0.14179
0.1435
0.14523
0.14698
0.14869
0.15039
0.15207
0.15377
0.15547
0.15719
0.15893
0.16068
0.16239
0.16408
0.16577
0.16746
0.16917
0.1709
0.17263
0.17438
0.17609
0.17778
0.17947
0.18117
0.18288
0.18461
0.18634
0.18809
0.1898
0.19149
0.19318
0.19488
0.1966
0.19832
0.20006
0.2018
0.20351
0.20521
0.2069
0.2086
0.21032
0.21204
0.21378
0.21552
0.21724
0.21893
0.22063
0.22233
0.22404
0.22577
0.22751
0.22925
0.23096
0.23266
0.23435
0.23606
0.23777
0.2395
0.24123
0.24298
0.24469
0.24639
0.24809
0.24979
0.2515
0.25323
0.25497
0.25672
0.25843
0.26013
0.26182
0.26353
0.26524
0.26697
0.2687
0.27045
0.27217
0.27387
0.27557
0.27727
0.27898
0.28071
0.28245
0.28419
0.28591
0.28761
0.28931
0.29101
0.29273
0.29445
0.29619
0.29793
0.29966
0.30136
0.30305
0.30476
0.30647
0.30819
0.30993
0.31168
0.3134
0.3151
0.3168
0.3185
0.32021
0.32194
0.32367
0.32542
0.32714
0.32885
0.33055
0.33225
0.33396
0.33568
0.33741
0.33916
0.34089
0.3426
0.3443
0.346
0.34771
0.34943
0.35116
0.3529
0.35464
0.35635
0.35805
0.35975
0.36146
0.36318
0.36491
0.36665
0.36839
0.3701
0.37181
0.37351
0.37522
0.37694
0.37867
0.38041
0.38216
0.38387
0.38558
0.38728
0.38899
0.39071
0.39244
0.39418
0.39594
0.39766
0.39937
0.40108
0.40279
0.40451
0.40625
0.40799
0.40974
0.41148
0.4132
0.41492
0.41664
0.41837
0.4201
0.42185
0.42361
0.42537
0.42711
0.42885
0.43058
0.43233
0.43408
0.43584
0.43761
0.43939
0.44117
0.44294
0.44472
0.4465
0.44828
0.45004
0.45169
0.45325
0.45475
0.45619
0.45761
0.459
0.46036
0.46164
0.46283
0.46396
0.46504
0.46608
0.46709
0.46807
0.46903
0.46997
0.47089
0.4718
0.4727
0.47355
0.47435
0.47511
0.47584
0.47654
0.47721
0.47786
0.4785
0.47911
0.47971
0.4803
0.48088
0.48144
0.482
0.48254
0.48308
0.48361
0.48414
0.48466
0.48517
0.48568
0.48618
0.48669
0.48718
0.48767
0.48814
0.48858
0.48901
0.48942
0.48982
0.4902
0.49058
0.49094
0.4913
0.49164
0.49198
0.49231
0.49263
0.49294
0.49325
0.49356
0.49386
0.49415
0.49444
0.49472
0.49501
0.49528
0.49556
0.49583
0.49609
0.49636
0.49662
0.49688
0.49713
0.49739
0.49764
0.49789
0.49814
0.49838
0.49863
0.49887
0.49911
0.49935
0.49959
0.49983
0.50006
0.5003
0.50053
0.50076
0.50099
0.50123
0.50146
0.50169
0.50191
0.50214
0.50237
0.50259
0.5028
0.50301
0.5032
0.50339
0.50357
0.50375
0.50392
0.50409
0.50426
0.50441
0.50457
0.50472
0.50486
0.50501
0.50515
0.50529
0.50542
0.50555
0.50568
0.50581
0.50593
0.50605
0.50617
0.50629
0.50641
0.50652
0.50664
0.50675
0.50686
0.50696
0.50707
0.50717
0.50728
0.50738
0.50748
0.50758
0.50768
0.50778
0.50787
0.50797
0.50806
0.50816
0.50825
0.50834
0.50843
0.50852
0.50861
0.5087
0.50878
0.50887
0.50896
0.50904
0.50912
0.50921
0.50929
0.50937
0.50945
0.50954
0.50962
0.5097
0.50977
0.50985
0.50993
0.51001
0.51008
0.51016
0.51023
0.51031
0.51038
0.51046
0.51053
0.5106
0.51068
0.51075
0.51082
0.51089
0.51096
0.51103
0.5111
0.51117
0.51124
0.5113
0.51137
0.51144
0.5115
0.51157
0.51164
0.5117
0.51177
0.51183
0.51189
0.51196
0.51202
0.51208
0.51214
0.51221
0.51227
0.51233
0.51239
0.51245
0.51251
0.51257
0.51263
0.51268
0.51274
0.5128
0.51286
0.51291
0.51297
0.51303
0.51308
0.51314
0.51319
0.51325
0.51331
0.51336
0.51342
0.51347
0.51353
0.51358
0.51363
0.51369
0.51374
0.5138
0.51385
0.51391
0.51396
0.51401
0.51407
0.51412
0.51417
0.51423
0.51428
0.51433
0.51439
0.51444
0.51449
0.51454
0.5146
0.51465
0.5147
0.51475
0.51481
0.51486
0.51491
0.51496
0.51502
0.51507
0.51512
0.51517
0.51522
0.51527
0.51533
0.51538
0.51543
0.51548
0.51553
0.51558
0.51563
0.51568
0.51574
0.51579
0.51584
0.51589
0.51594
0.51599
0.51604
0.51609
0.51614
0.51619
0.51624
0.51629
0.51634
0.51639
0.51644
0.51649
0.51654
0.5166
0.51665
0.5167
0.51675
0.5168
0.51684
0.51689
0.51694
0.51699
0.51704
0.51709
0.51714
0.51719
0.51724
0.51729
0.51734
0.51739
0.51744
0.51749
0.51754
0.51759
0.51764
0.51769
0.51774
0.51778
0.51783
0.51788
0.51793
0.51798
0.51803
0.51808
0.51813
0.51818
0.51823
0.51827
0.51832
0.51837
0.51842
0.51847
0.51852
0.51857
0.51861
0.51866
0.51871
0.51876
0.51881
0.51886
0.5189
0.51895
0.519
0.51905
0.5191
0.51915
0.51919
0.51924
0.51929
0.51934
0.51939
0.51944
0.51948
0.51953
0.51958
0.51963
0.51968
0.51972
0.51977
0.51982
0.51987
0.51991
0.51996
0.52001
0.52006
0.52011
0.52015
0.5202
0.52025
0.5203
0.52034
0.52039
0.52044
0.52049
0.52053
0.52058
0.52063
0.52068
0.52073
0.52077
0.52082
0.52087
0.52091
0.52096
0.52101
0.52106
0.5211
0.52115
0.5212
0.52125
0.52129
0.52134
0.52139
0.52144
0.52148
0.52153
0.52158
0.52162
0.52167
0.52172
0.52177
0.52181
0.52186
0.52191
0.52195
0.522
0.52205
0.5221
0.52214
0.52219
0.52224
0.52228
0.52233
0.52238
0.52242
0.52247
0.52252
0.52257
0.52261
0.52266
0.52271
0.52275
0.5228
0.52285
0.52289
0.52294
0.52299
0.52303
0.52308
0.52313
0.52317
0.52322
0.52327
0.52331
0.52336
0.52341
0.52346
0.5235
0.52355
0.5236
0.52364
0.52369
0.52374
0.52378
0.52383
0.52388
0.52392
0.52397
0.52402
0.52406
0.52411
0.52416
0.5242
0.52425
0.5243
0.52434
0.52439
0.52443
0.52448
0.52453
0.52457
0.52462
0.52467
0.52471
0.52476
0.52481
0.52485
0.5249
0.52495
0.52499
0.52504
0.52509
0.52513
0.52518
0.52523
0.52527
0.52532
0.52537
0.52541
0.52546
0.5255
0.52555
0.5256
0.52564
0.52569
0.52574
0.52578
0.52583
0.52588
0.52592
0.52597
0.52601
0.52606
0.52611
0.52615
0.5262
0.52625
0.52629
0.52634
0.52639
0.52643
0.52648
0.52653
0.52657
0.52662
0.52666
0.52671
0.52676
0.5268
0.52685
0.5269
0.52694
0.52699
0.52703
0.52708
0.52713
0.52717
0.52722
0.52727
0.52731
0.52736
0.52741
0.52745
0.5275
0.52754
0.52759
0.52764
0.52768
0.52773
0.52778
0.52782
0.52787
0.52791
0.52796
0.52801
0.52805
0.5281
0.52815
0.52819
0.52824
0.52828
0.52833
0.52838
0.52842
0.52847
0.52852
0.52856
0.52861
0.52866
0.5287
0.52875
0.52879
0.52884
0.52889
0.52893
0.52898
0.52903
0.52907
0.52912
0.52916
0.52921
0.52926
0.5293
0.52935
0.5294
0.52944
0.52949
0.52953
0.52958
0.52963
0.52967
0.52972
0.52977
0.52981
0.52986
0.5299
0.52995
0.53
0.53004
0.53009
0.53014
0.53018
0.53023
0.53028
0.53032
0.53037
0.53041
0.53046
0.53051
0.53055
0.5306
0.53065
0.53069
0.53074
0.53078
0.53083
0.53088
0.53092
0.53097
0.53102
0.53106
0.53111
0.53115
0.5312
0.53125
0.53129
0.53134
0.53139
0.53143
0.53148
0.53153
0.53157
0.53162
0.53166
0.53171
0.53176
0.5318
0.53185
0.5319
0.53194
0.53199
0.53204
0.53208
0.53213
0.53217
0.53222
0.53227
0.53231
0.53236
0.53241
0.53245
0.5325
0.53255
0.53259
0.53264
0.53268
0.53273
0.53278
0.53282
0.53287
0.53292
0.53296
0.53301
0.53306
0.5331
0.53315
0.5332
0.53324
0.53329
0.53333
0.53338
0.53343
0.53347
0.53352
0.53357
0.53361
0.53366
0.53371
0.53375
0.5338
0.53385
0.53389
0.53394
0.53399
0.53403
0.53408
0.53412
0.53417
0.53422
0.53426
0.53431
0.53436
0.5344
0.53445
0.5345
0.53454
0.53459
0.53464
0.53468
0.53473
0.53478
0.53482
0.53487
0.53492
0.53496
0.53501
0.53506
0.5351
0.53515
0.5352
0.53524
0.53529
0.53534
0.53538
0.53543
0.53548
0.53552
0.53557
0.53562
0.53566
0.53571
0.53576
0.5358
0.53585
0.5359
