    0.000e+00     1.000e+00     0.000e+00     0.000e+00 
    3.536e-04     1.000e+00     3.536e-04     0.000e+00 
    7.026e-04     1.000e+00     7.026e-04     0.000e+00 
    1.051e-03     1.000e+00     1.051e-03     0.000e+00 
    1.411e-03     1.000e+00     1.411e-03     0.000e+00 
    1.820e-03     1.000e+00     1.820e-03     0.000e+00 
    2.212e-03     1.000e+00     2.212e-03     0.000e+00 
    2.683e-03     1.000e+00     2.683e-03     0.000e+00 
    3.121e-03     1.000e+00     3.121e-03     0.000e+00 
    3.613e-03     1.000e+00     3.613e-03     0.000e+00 
    4.117e-03     1.000e+00     4.117e-03     0.000e+00 
    4.637e-03     1.000e+00     4.637e-03     0.000e+00 
    5.243e-03     1.000e+00     5.243e-03     0.000e+00 
    5.807e-03     1.000e+00     5.807e-03     0.000e+00 
    6.439e-03     1.000e+00     6.439e-03     0.000e+00 
    7.070e-03     1.000e+00     7.070e-03     0.000e+00 
    7.729e-03     1.000e+00     7.729e-03     0.000e+00 
    8.470e-03     1.000e+00     8.470e-03     0.000e+00 
    9.173e-03     1.000e+00     9.173e-03     0.000e+00 
    9.950e-03     1.000e+00     9.950e-03     0.000e+00 
    1.072e-02     1.000e+00     1.072e-02     0.000e+00 
    1.153e-02     1.000e+00     1.153e-02     0.000e+00 
    1.243e-02     1.000e+00     1.243e-02     0.000e+00 
    1.328e-02     1.000e+00     1.328e-02     0.000e+00 
    1.422e-02     1.000e+00     1.422e-02     0.000e+00 
    1.515e-02     1.000e+00     1.515e-02     0.000e+00 
    1.611e-02     1.000e+00     1.611e-02     0.000e+00 
    1.718e-02     1.000e+00     1.718e-02     0.000e+00 
    1.820e-02     1.000e+00     1.820e-02     0.000e+00 
    1.930e-02     1.000e+00     1.930e-02     0.000e+00 
    2.042e-02     1.000e+00     2.042e-02     0.000e+00 
    2.156e-02     1.000e+00     2.156e-02     0.000e+00 
    2.281e-02     1.000e+00     2.281e-02     0.000e+00 
    2.401e-02     1.000e+00     2.401e-02     0.000e+00 
    2.530e-02     1.000e+00     2.530e-02     0.000e+00 
    2.661e-02     1.000e+00     2.661e-02     0.000e+00 
    2.794e-02     1.000e+00     2.794e-02     0.000e+00 
    2.938e-02     1.000e+00     2.938e-02     0.000e+00 
    3.081e-02     1.000e+00     3.081e-02     0.000e+00 
    3.230e-02     1.000e+00     3.230e-02     0.000e+00 
    3.382e-02     1.000e+00     3.382e-02     0.000e+00 
    3.538e-02     1.000e+00     3.538e-02     0.000e+00 
    3.705e-02     1.000e+00     3.705e-02     0.000e+00 
    3.872e-02     1.000e+00     3.872e-02     0.000e+00 
    4.045e-02     1.000e+00     4.045e-02     0.000e+00 
    4.224e-02     1.000e+00     4.224e-02     0.000e+00 
    4.407e-02     1.000e+00     4.407e-02     0.000e+00 
    4.600e-02     1.000e+00     4.600e-02     0.000e+00 
    4.796e-02     1.000e+00     4.796e-02     0.000e+00 
    4.998e-02     1.000e+00     4.998e-02     0.000e+00 
    5.210e-02     1.000e+00     5.210e-02     0.000e+00 
    5.430e-02     1.000e+00     5.430e-02     0.000e+00 
    5.656e-02     1.000e+00     5.656e-02     0.000e+00 
    5.888e-02     1.000e+00     5.888e-02     0.000e+00 
    6.129e-02     1.000e+00     6.129e-02     0.000e+00 
    6.381e-02     1.000e+00     6.381e-02     0.000e+00 
    6.642e-02     1.000e+00     6.642e-02     0.000e+00 
    6.911e-02     1.000e+00     6.911e-02     0.000e+00 
    7.189e-02     1.000e+00     7.189e-02     0.000e+00 
    7.487e-02     1.000e+00     7.487e-02     0.000e+00 
    7.791e-02     1.000e+00     7.791e-02     0.000e+00 
    8.105e-02     1.000e+00     8.105e-02     0.000e+00 
    8.436e-02     1.000e+00     8.436e-02     0.000e+00 
    8.780e-02     1.000e+00     8.780e-02     0.000e+00 
    9.141e-02     1.000e+00     9.141e-02     0.000e+00 
    9.516e-02     1.000e+00     9.516e-02     0.000e+00 
    9.906e-02     1.000e+00     9.906e-02     0.000e+00 
    1.032e-01     1.000e+00     1.032e-01     0.000e+00 
    1.075e-01     1.000e+00     1.075e-01     0.000e+00 
    1.120e-01     1.000e+00     1.120e-01     0.000e+00 
    1.168e-01     1.000e+00     1.168e-01     0.000e+00 
    1.215e-01     1.000e+00     1.215e-01     0.000e+00 
    1.262e-01     1.000e+00     1.262e-01     0.000e+00 
    1.311e-01     1.000e+00     1.311e-01     0.000e+00 
    1.358e-01     1.000e+00     1.358e-01     0.000e+00 
    1.406e-01     1.000e+00     1.406e-01     0.000e+00 
    1.455e-01     1.000e+00     1.455e-01     0.000e+00 
    1.502e-01     1.000e+00     1.502e-01     0.000e+00 
    1.551e-01     1.000e+00     1.551e-01     0.000e+00 
    1.600e-01     1.000e+00     1.600e-01     0.000e+00 
    1.649e-01     1.000e+00     1.649e-01     0.000e+00 
    1.698e-01     1.000e+00     1.698e-01     0.000e+00 
    1.747e-01     1.000e+00     1.747e-01     0.000e+00 
    1.796e-01     1.000e+00     1.796e-01     0.000e+00 
    1.846e-01     1.000e+00     1.846e-01     0.000e+00 
    1.895e-01     1.000e+00     1.895e-01     0.000e+00 
    1.945e-01     1.000e+00     1.945e-01     0.000e+00 
    1.995e-01     1.000e+00     1.995e-01     0.000e+00 
    2.044e-01     1.000e+00     2.044e-01     0.000e+00 
    2.095e-01     1.000e+00     2.095e-01     0.000e+00 
    2.144e-01     1.000e+00     2.144e-01     0.000e+00 
    2.195e-01     1.000e+00     2.195e-01     0.000e+00 
    2.246e-01     1.000e+00     2.246e-01     0.000e+00 
    2.296e-01     1.000e+00     2.296e-01     0.000e+00 
    2.347e-01     1.000e+00     2.347e-01     0.000e+00 
    2.398e-01     1.000e+00     2.398e-01     0.000e+00 
    2.449e-01     1.000e+00     2.449e-01     0.000e+00 
    2.501e-01     1.000e+00     2.501e-01     0.000e+00 
    2.552e-01     1.000e+00     2.552e-01     0.000e+00 
    2.604e-01     1.000e+00     2.604e-01     0.000e+00 
    2.656e-01     1.000e+00     2.656e-01     0.000e+00 
    2.708e-01     1.000e+00     2.708e-01     0.000e+00 
    2.761e-01     1.000e+00     2.761e-01     0.000e+00 
    2.814e-01     1.000e+00     2.814e-01     0.000e+00 
    2.868e-01     1.000e+00     2.868e-01     0.000e+00 
    2.922e-01     1.000e+00     2.922e-01     0.000e+00 
    2.976e-01     1.000e+00     2.976e-01     0.000e+00 
    3.030e-01     1.000e+00     3.030e-01     0.000e+00 
    3.085e-01     1.000e+00     3.085e-01     0.000e+00 
    3.140e-01     1.000e+00     3.140e-01     0.000e+00 
    3.195e-01     1.000e+00     3.195e-01     0.000e+00 
    3.251e-01     1.000e+00     3.251e-01     0.000e+00 
    3.306e-01     1.000e+00     3.306e-01     0.000e+00 
    3.362e-01     1.000e+00     3.362e-01     0.000e+00 
    3.418e-01     1.000e+00     3.418e-01     0.000e+00 
    3.474e-01     1.000e+00     3.474e-01     0.000e+00 
    3.530e-01     1.000e+00     3.530e-01     0.000e+00 
    3.586e-01     1.000e+00     3.586e-01     0.000e+00 
    3.642e-01     1.000e+00     3.642e-01     0.000e+00 
    3.696e-01     1.000e+00     3.696e-01     0.000e+00 
    3.746e-01     1.000e+00     3.746e-01     0.000e+00 
    3.795e-01     1.000e+00     3.795e-01     0.000e+00 
    3.841e-01     1.000e+00     3.841e-01     0.000e+00 
    3.884e-01     1.000e+00     3.884e-01     0.000e+00 
    3.924e-01     1.000e+00     3.924e-01     0.000e+00 
    3.964e-01     1.000e+00     3.964e-01     0.000e+00 
    4.001e-01     1.000e+00     4.001e-01     0.000e+00 
    4.036e-01     1.000e+00     4.036e-01     0.000e+00 
    4.069e-01     1.000e+00     4.069e-01     0.000e+00 
    4.102e-01     1.000e+00     4.102e-01     0.000e+00 
    4.133e-01     1.000e+00     4.133e-01     0.000e+00 
    4.162e-01     1.000e+00     4.162e-01     0.000e+00 
    4.190e-01     1.000e+00     4.190e-01     0.000e+00 
    4.216e-01     1.000e+00     4.216e-01     0.000e+00 
    4.243e-01     1.000e+00     4.243e-01     0.000e+00 
    4.268e-01     1.000e+00     4.268e-01     0.000e+00 
    4.292e-01     1.000e+00     4.292e-01     0.000e+00 
    4.314e-01     1.000e+00     4.314e-01     0.000e+00 
    4.335e-01     1.000e+00     4.335e-01     0.000e+00 
    4.356e-01     1.000e+00     4.356e-01     0.000e+00 
    4.376e-01     1.000e+00     4.376e-01     0.000e+00 
    4.396e-01     1.000e+00     4.396e-01     0.000e+00 
    4.415e-01     1.000e+00     4.415e-01     0.000e+00 
    4.432e-01     1.000e+00     4.432e-01     0.000e+00 
    4.449e-01     1.000e+00     4.449e-01     0.000e+00 
    4.465e-01     1.000e+00     4.465e-01     0.000e+00 
    4.480e-01     1.000e+00     4.480e-01     0.000e+00 
    4.496e-01     1.000e+00     4.496e-01     0.000e+00 
    4.511e-01     1.000e+00     4.511e-01     0.000e+00 
    4.526e-01     1.000e+00     4.526e-01     0.000e+00 
    4.539e-01     1.000e+00     4.539e-01     0.000e+00 
    4.552e-01     1.000e+00     4.552e-01     0.000e+00 
    4.564e-01     1.000e+00     4.564e-01     0.000e+00 
    4.575e-01     1.000e+00     4.575e-01     0.000e+00 
    4.586e-01     1.000e+00     4.586e-01     0.000e+00 
    4.597e-01     1.000e+00     4.597e-01     0.000e+00 
    4.607e-01     1.000e+00     4.607e-01     0.000e+00 
    4.618e-01     1.000e+00     4.618e-01     0.000e+00 
    4.628e-01     1.000e+00     4.628e-01     0.000e+00 
    4.638e-01     1.000e+00     4.638e-01     0.000e+00 
    4.647e-01     1.000e+00     4.647e-01     0.000e+00 
    4.655e-01     1.000e+00     4.655e-01     0.000e+00 
    4.662e-01     1.000e+00     4.662e-01     0.000e+00 
    4.670e-01     1.000e+00     4.670e-01    1.948e-255 
    4.677e-01     1.000e+00     4.677e-01    2.209e-167 
    4.683e-01     1.000e+00     4.683e-01    5.674e-111 
    4.690e-01     1.000e+00     4.690e-01     7.254e-75 
    4.696e-01     1.000e+00     4.696e-01     3.167e-51 
    4.702e-01     1.000e+00     4.702e-01     1.849e-35 
    4.709e-01     1.000e+00     4.709e-01     8.362e-25 
    4.715e-01     1.000e+00     4.715e-01     1.828e-17 
    4.721e-01     1.000e+00     4.721e-01     2.586e-12 
    4.726e-01     1.000e+00     4.726e-01     1.124e-08 
    4.730e-01     1.000e+00     4.730e-01     3.838e-06 
    4.734e-01     1.000e+00     4.734e-01     1.883e-04 
    4.738e-01     1.000e+00     4.738e-01     2.328e-03 
    4.741e-01     1.000e+00     4.741e-01     1.190e-02 
    4.744e-01     9.993e-01     4.744e-01     3.500e-02 
    4.747e-01     9.935e-01     4.747e-01     6.740e-02 
    4.750e-01     9.745e-01     4.750e-01     9.927e-02 
    4.752e-01     9.428e-01     4.752e-01     1.230e-01 
    4.755e-01     9.104e-01     4.754e-01     1.365e-01 
    4.757e-01     8.889e-01     4.756e-01     1.443e-01 
    4.759e-01     8.756e-01     4.758e-01     1.493e-01 
    4.761e-01     8.666e-01     4.760e-01     1.529e-01 
    4.763e-01     8.599e-01     4.762e-01     1.559e-01 
    4.765e-01     8.544e-01     4.763e-01     1.584e-01 
    4.767e-01     8.495e-01     4.765e-01     1.607e-01 
    4.769e-01     8.451e-01     4.767e-01     1.628e-01 
    4.771e-01     8.410e-01     4.768e-01     1.648e-01 
    4.773e-01     8.370e-01     4.770e-01     1.667e-01 
    4.775e-01     8.332e-01     4.772e-01     1.685e-01 
    4.777e-01     8.296e-01     4.773e-01     1.703e-01 
    4.779e-01     8.261e-01     4.775e-01     1.719e-01 
    4.781e-01     8.226e-01     4.776e-01     1.736e-01 
    4.782e-01     8.193e-01     4.778e-01     1.751e-01 
    4.784e-01     8.161e-01     4.779e-01     1.767e-01 
    4.786e-01     8.129e-01     4.781e-01     1.781e-01 
    4.788e-01     8.098e-01     4.782e-01     1.796e-01 
    4.790e-01     8.068e-01     4.784e-01     1.809e-01 
    4.792e-01     8.038e-01     4.785e-01     1.823e-01 
    4.793e-01     8.010e-01     4.787e-01     1.836e-01 
    4.795e-01     7.982e-01     4.788e-01     1.849e-01 
    4.797e-01     7.954e-01     4.790e-01     1.861e-01 
    4.799e-01     7.928e-01     4.791e-01     1.873e-01 
    4.801e-01     7.902e-01     4.792e-01     1.884e-01 
    4.802e-01     7.877e-01     4.794e-01     1.896e-01 
    4.804e-01     7.852e-01     4.795e-01     1.907e-01 
    4.806e-01     7.828e-01     4.797e-01     1.917e-01 
    4.808e-01     7.805e-01     4.798e-01     1.928e-01 
    4.810e-01     7.782e-01     4.799e-01     1.938e-01 
    4.811e-01     7.759e-01     4.801e-01     1.947e-01 
    4.813e-01     7.738e-01     4.802e-01     1.957e-01 
    4.815e-01     7.716e-01     4.803e-01     1.966e-01 
    4.817e-01     7.696e-01     4.805e-01     1.975e-01 
    4.818e-01     7.675e-01     4.806e-01     1.984e-01 
    4.820e-01     7.655e-01     4.807e-01     1.993e-01 
    4.822e-01     7.636e-01     4.809e-01     2.001e-01 
    4.824e-01     7.617e-01     4.810e-01     2.009e-01 
    4.825e-01     7.598e-01     4.811e-01     2.017e-01 
    4.827e-01     7.580e-01     4.813e-01     2.025e-01 
    4.829e-01     7.562e-01     4.814e-01     2.033e-01 
    4.830e-01     7.544e-01     4.815e-01     2.040e-01 
    4.832e-01     7.527e-01     4.817e-01     2.048e-01 
    4.834e-01     7.510e-01     4.818e-01     2.055e-01 
    4.836e-01     7.493e-01     4.819e-01     2.062e-01 
    4.837e-01     7.477e-01     4.820e-01     2.069e-01 
    4.839e-01     7.461e-01     4.822e-01     2.076e-01 
    4.841e-01     7.445e-01     4.823e-01     2.083e-01 
    4.842e-01     7.429e-01     4.824e-01     2.090e-01 
    4.844e-01     7.414e-01     4.826e-01     2.096e-01 
    4.846e-01     7.398e-01     4.827e-01     2.103e-01 
    4.847e-01     7.383e-01     4.828e-01     2.109e-01 
    4.849e-01     7.368e-01     4.829e-01     2.115e-01 
    4.851e-01     7.354e-01     4.831e-01     2.121e-01 
    4.853e-01     7.339e-01     4.832e-01     2.128e-01 
    4.854e-01     7.325e-01     4.833e-01     2.134e-01 
    4.856e-01     7.311e-01     4.834e-01     2.140e-01 
    4.858e-01     7.297e-01     4.835e-01     2.145e-01 
    4.859e-01     7.283e-01     4.837e-01     2.151e-01 
    4.861e-01     7.269e-01     4.838e-01     2.157e-01 
    4.863e-01     7.256e-01     4.839e-01     2.163e-01 
    4.864e-01     7.243e-01     4.840e-01     2.168e-01 
    4.866e-01     7.229e-01     4.842e-01     2.174e-01 
    4.868e-01     7.216e-01     4.843e-01     2.179e-01 
    4.869e-01     7.203e-01     4.844e-01     2.185e-01 
    4.871e-01     7.190e-01     4.845e-01     2.190e-01 
    4.873e-01     7.178e-01     4.846e-01     2.195e-01 
    4.874e-01     7.165e-01     4.848e-01     2.201e-01 
    4.876e-01     7.153e-01     4.849e-01     2.206e-01 
    4.878e-01     7.140e-01     4.850e-01     2.211e-01 
    4.879e-01     7.128e-01     4.851e-01     2.216e-01 
    4.881e-01     7.116e-01     4.852e-01     2.221e-01 
    4.883e-01     7.104e-01     4.854e-01     2.226e-01 
    4.884e-01     7.092e-01     4.855e-01     2.231e-01 
    4.886e-01     7.080e-01     4.856e-01     2.236e-01 
    4.888e-01     7.068e-01     4.857e-01     2.241e-01 
    4.889e-01     7.057e-01     4.858e-01     2.246e-01 
    4.891e-01     7.045e-01     4.859e-01     2.251e-01 
    4.893e-01     7.034e-01     4.861e-01     2.255e-01 
    4.894e-01     7.022e-01     4.862e-01     2.260e-01 
    4.896e-01     7.011e-01     4.863e-01     2.265e-01 
    4.898e-01     7.000e-01     4.864e-01     2.269e-01 
    4.899e-01     6.989e-01     4.865e-01     2.274e-01 
    4.901e-01     6.978e-01     4.866e-01     2.278e-01 
    4.903e-01     6.967e-01     4.867e-01     2.283e-01 
    4.904e-01     6.956e-01     4.869e-01     2.287e-01 
    4.906e-01     6.945e-01     4.870e-01     2.292e-01 
    4.908e-01     6.935e-01     4.871e-01     2.296e-01 
    4.909e-01     6.924e-01     4.872e-01     2.301e-01 
    4.911e-01     6.913e-01     4.873e-01     2.305e-01 
    4.913e-01     6.903e-01     4.874e-01     2.309e-01 
    4.914e-01     6.892e-01     4.875e-01     2.314e-01 
    4.916e-01     6.882e-01     4.877e-01     2.318e-01 
    4.917e-01     6.872e-01     4.878e-01     2.322e-01 
    4.919e-01     6.861e-01     4.879e-01     2.326e-01 
    4.921e-01     6.851e-01     4.880e-01     2.331e-01 
    4.922e-01     6.841e-01     4.881e-01     2.335e-01 
    4.924e-01     6.831e-01     4.882e-01     2.339e-01 
    4.926e-01     6.821e-01     4.883e-01     2.343e-01 
    4.927e-01     6.811e-01     4.884e-01     2.347e-01 
    4.929e-01     6.801e-01     4.886e-01     2.351e-01 
    4.931e-01     6.791e-01     4.887e-01     2.355e-01 
    4.932e-01     6.782e-01     4.888e-01     2.359e-01 
    4.934e-01     6.772e-01     4.889e-01     2.363e-01 
    4.936e-01     6.762e-01     4.890e-01     2.367e-01 
    4.937e-01     6.753e-01     4.891e-01     2.371e-01 
    4.939e-01     6.743e-01     4.892e-01     2.375e-01 
    4.940e-01     6.734e-01     4.893e-01     2.379e-01 
    4.942e-01     6.724e-01     4.894e-01     2.383e-01 
    4.944e-01     6.715e-01     4.896e-01     2.387e-01 
    4.945e-01     6.705e-01     4.897e-01     2.390e-01 
    4.947e-01     6.696e-01     4.898e-01     2.394e-01 
    4.949e-01     6.687e-01     4.899e-01     2.398e-01 
    4.950e-01     6.677e-01     4.900e-01     2.402e-01 
    4.952e-01     6.668e-01     4.901e-01     2.406e-01 
    4.954e-01     6.659e-01     4.902e-01     2.409e-01 
    4.955e-01     6.650e-01     4.903e-01     2.413e-01 
    4.957e-01     6.641e-01     4.904e-01     2.417e-01 
    4.958e-01     6.632e-01     4.905e-01     2.420e-01 
    4.960e-01     6.623e-01     4.906e-01     2.424e-01 
    4.962e-01     6.614e-01     4.908e-01     2.428e-01 
    4.963e-01     6.605e-01     4.909e-01     2.431e-01 
    4.965e-01     6.597e-01     4.910e-01     2.435e-01 
    4.967e-01     6.588e-01     4.911e-01     2.438e-01 
    4.968e-01     6.579e-01     4.912e-01     2.442e-01 
    4.970e-01     6.570e-01     4.913e-01     2.446e-01 
    4.971e-01     6.562e-01     4.914e-01     2.449e-01 
    4.973e-01     6.553e-01     4.915e-01     2.453e-01 
    4.975e-01     6.545e-01     4.916e-01     2.456e-01 
    4.976e-01     6.536e-01     4.917e-01     2.460e-01 
    4.978e-01     6.528e-01     4.918e-01     2.463e-01 
    4.980e-01     6.519e-01     4.919e-01     2.466e-01 
    4.981e-01     6.511e-01     4.920e-01     2.470e-01 
    4.983e-01     6.502e-01     4.921e-01     2.473e-01 
    4.985e-01     6.494e-01     4.923e-01     2.477e-01 
    4.986e-01     6.486e-01     4.924e-01     2.480e-01 
    4.988e-01     6.478e-01     4.925e-01     2.483e-01 
    4.989e-01     6.469e-01     4.926e-01     2.487e-01 
    4.991e-01     6.461e-01     4.927e-01     2.490e-01 
    4.993e-01     6.453e-01     4.928e-01     2.493e-01 
    4.994e-01     6.445e-01     4.929e-01     2.497e-01 
    4.996e-01     6.437e-01     4.930e-01     2.500e-01 
    4.998e-01     6.429e-01     4.931e-01     2.503e-01 
    4.999e-01     6.421e-01     4.932e-01     2.506e-01 
    5.001e-01     6.413e-01     4.933e-01     2.510e-01 
    5.002e-01     6.405e-01     4.934e-01     2.513e-01 
    5.004e-01     6.397e-01     4.935e-01     2.516e-01 
    5.006e-01     6.389e-01     4.936e-01     2.519e-01 
    5.007e-01     6.381e-01     4.937e-01     2.522e-01 
    5.009e-01     6.373e-01     4.938e-01     2.526e-01 
    5.011e-01     6.366e-01     4.939e-01     2.529e-01 
    5.012e-01     6.358e-01     4.940e-01     2.532e-01 
    5.014e-01     6.350e-01     4.941e-01     2.535e-01 
    5.016e-01     6.343e-01     4.942e-01     2.538e-01 
    5.017e-01     6.335e-01     4.943e-01     2.541e-01 
    5.019e-01     6.327e-01     4.944e-01     2.544e-01 
    5.020e-01     6.320e-01     4.945e-01     2.547e-01 
    5.022e-01     6.312e-01     4.947e-01     2.551e-01 
    5.024e-01     6.305e-01     4.948e-01     2.554e-01 
    5.025e-01     6.297e-01     4.949e-01     2.557e-01 
    5.027e-01     6.290e-01     4.950e-01     2.560e-01 
    5.029e-01     6.282e-01     4.951e-01     2.563e-01 
    5.030e-01     6.275e-01     4.952e-01     2.566e-01 
    5.032e-01     6.268e-01     4.953e-01     2.569e-01 
    5.033e-01     6.260e-01     4.954e-01     2.572e-01 
    5.035e-01     6.253e-01     4.955e-01     2.575e-01 
    5.037e-01     6.246e-01     4.956e-01     2.578e-01 
    5.038e-01     6.238e-01     4.957e-01     2.581e-01 
    5.040e-01     6.231e-01     4.958e-01     2.583e-01 
    5.042e-01     6.224e-01     4.959e-01     2.586e-01 
    5.043e-01     6.217e-01     4.960e-01     2.589e-01 
    5.045e-01     6.210e-01     4.961e-01     2.592e-01 
    5.047e-01     6.203e-01     4.962e-01     2.595e-01 
    5.048e-01     6.195e-01     4.963e-01     2.598e-01 
    5.050e-01     6.188e-01     4.964e-01     2.601e-01 
    5.051e-01     6.181e-01     4.965e-01     2.604e-01 
    5.053e-01     6.174e-01     4.966e-01     2.607e-01 
    5.055e-01     6.167e-01     4.967e-01     2.609e-01 
    5.056e-01     6.160e-01     4.968e-01     2.612e-01 
    5.058e-01     6.154e-01     4.969e-01     2.615e-01 
    5.060e-01     6.147e-01     4.970e-01     2.618e-01 
    5.061e-01     6.140e-01     4.971e-01     2.621e-01 
    5.063e-01     6.133e-01     4.972e-01     2.623e-01 
    5.064e-01     6.126e-01     4.973e-01     2.626e-01 
    5.066e-01     6.119e-01     4.974e-01     2.629e-01 
    5.068e-01     6.112e-01     4.975e-01     2.632e-01 
    5.069e-01     6.106e-01     4.976e-01     2.634e-01 
    5.071e-01     6.099e-01     4.977e-01     2.637e-01 
    5.073e-01     6.092e-01     4.978e-01     2.640e-01 
    5.074e-01     6.086e-01     4.979e-01     2.643e-01 
    5.076e-01     6.079e-01     4.980e-01     2.645e-01 
    5.078e-01     6.072e-01     4.981e-01     2.648e-01 
    5.079e-01     6.066e-01     4.982e-01     2.651e-01 
    5.081e-01     6.059e-01     4.983e-01     2.653e-01 
    5.082e-01     6.052e-01     4.984e-01     2.656e-01 
    5.084e-01     6.046e-01     4.985e-01     2.659e-01 
    5.086e-01     6.039e-01     4.986e-01     2.661e-01 
    5.087e-01     6.033e-01     4.987e-01     2.664e-01 
    5.089e-01     6.026e-01     4.988e-01     2.667e-01 
    5.091e-01     6.020e-01     4.989e-01     2.669e-01 
    5.092e-01     6.013e-01     4.990e-01     2.672e-01 
    5.094e-01     6.007e-01     4.991e-01     2.675e-01 
    5.096e-01     6.001e-01     4.992e-01     2.677e-01 
    5.097e-01     5.994e-01     4.993e-01     2.680e-01 
    5.099e-01     5.988e-01     4.994e-01     2.682e-01 
    5.100e-01     5.982e-01     4.995e-01     2.685e-01 
    5.102e-01     5.975e-01     4.996e-01     2.687e-01 
    5.104e-01     5.969e-01     4.997e-01     2.690e-01 
    5.105e-01     5.963e-01     4.998e-01     2.693e-01 
    5.107e-01     5.956e-01     4.999e-01     2.695e-01 
    5.109e-01     5.950e-01     5.000e-01     2.698e-01 
    5.110e-01     5.944e-01     5.000e-01     2.700e-01 
    5.112e-01     5.938e-01     5.001e-01     2.703e-01 
    5.114e-01     5.932e-01     5.002e-01     2.705e-01 
    5.115e-01     5.925e-01     5.003e-01     2.708e-01 
    5.117e-01     5.919e-01     5.004e-01     2.710e-01 
    5.118e-01     5.913e-01     5.005e-01     2.713e-01 
    5.120e-01     5.907e-01     5.006e-01     2.715e-01 
    5.122e-01     5.901e-01     5.007e-01     2.718e-01 
    5.123e-01     5.895e-01     5.008e-01     2.720e-01 
    5.125e-01     5.889e-01     5.009e-01     2.723e-01 
    5.127e-01     5.883e-01     5.010e-01     2.725e-01 
    5.128e-01     5.877e-01     5.011e-01     2.728e-01 
    5.130e-01     5.871e-01     5.012e-01     2.730e-01 
    5.132e-01     5.865e-01     5.013e-01     2.732e-01 
    5.133e-01     5.859e-01     5.014e-01     2.735e-01 
    5.135e-01     5.853e-01     5.015e-01     2.737e-01 
    5.137e-01     5.847e-01     5.016e-01     2.740e-01 
    5.138e-01     5.841e-01     5.017e-01     2.742e-01 
    5.140e-01     5.835e-01     5.018e-01     2.745e-01 
    5.141e-01     5.829e-01     5.019e-01     2.747e-01 
    5.143e-01     5.823e-01     5.020e-01     2.749e-01 
    5.145e-01     5.818e-01     5.021e-01     2.752e-01 
    5.146e-01     5.812e-01     5.022e-01     2.754e-01 
    5.148e-01     5.806e-01     5.023e-01     2.756e-01 
    5.150e-01     5.800e-01     5.024e-01     2.759e-01 
    5.151e-01     5.794e-01     5.025e-01     2.761e-01 
    5.153e-01     5.789e-01     5.026e-01     2.764e-01 
    5.155e-01     5.783e-01     5.026e-01     2.766e-01 
    5.156e-01     5.777e-01     5.027e-01     2.768e-01 
    5.158e-01     5.771e-01     5.028e-01     2.771e-01 
    5.160e-01     5.766e-01     5.029e-01     2.773e-01 
    5.161e-01     5.760e-01     5.030e-01     2.775e-01 
    5.163e-01     5.754e-01     5.031e-01     2.778e-01 
    5.165e-01     5.749e-01     5.032e-01     2.780e-01 
    5.166e-01     5.743e-01     5.033e-01     2.782e-01 
    5.168e-01     5.737e-01     5.034e-01     2.785e-01 
    5.169e-01     5.732e-01     5.035e-01     2.787e-01 
    5.171e-01     5.726e-01     5.036e-01     2.789e-01 
    5.173e-01     5.721e-01     5.037e-01     2.791e-01 
    5.174e-01     5.715e-01     5.038e-01     2.794e-01 
    5.176e-01     5.710e-01     5.039e-01     2.796e-01 
    5.178e-01     5.704e-01     5.040e-01     2.798e-01 
    5.179e-01     5.699e-01     5.041e-01     2.800e-01 
    5.181e-01     5.693e-01     5.042e-01     2.803e-01 
    5.183e-01     5.688e-01     5.043e-01     2.805e-01 
    5.184e-01     5.682e-01     5.043e-01     2.807e-01 
    5.186e-01     5.677e-01     5.044e-01     2.809e-01 
    5.188e-01     5.671e-01     5.045e-01     2.812e-01 
    5.189e-01     5.666e-01     5.046e-01     2.814e-01 
    5.191e-01     5.660e-01     5.047e-01     2.816e-01 
    5.193e-01     5.655e-01     5.048e-01     2.818e-01 
    5.194e-01     5.649e-01     5.049e-01     2.821e-01 
    5.196e-01     5.644e-01     5.050e-01     2.823e-01 
    5.198e-01     5.639e-01     5.051e-01     2.825e-01 
    5.199e-01     5.633e-01     5.052e-01     2.827e-01 
    5.201e-01     5.628e-01     5.053e-01     2.829e-01 
    5.203e-01     5.623e-01     5.054e-01     2.832e-01 
    5.204e-01     5.617e-01     5.055e-01     2.834e-01 
    5.206e-01     5.612e-01     5.056e-01     2.836e-01 
    5.208e-01     5.607e-01     5.057e-01     2.838e-01 
    5.209e-01     5.602e-01     5.058e-01     2.840e-01 
    5.211e-01     5.596e-01     5.058e-01     2.842e-01 
    5.213e-01     5.591e-01     5.059e-01     2.845e-01 
    5.214e-01     5.586e-01     5.060e-01     2.847e-01 
    5.216e-01     5.581e-01     5.061e-01     2.849e-01 
    5.218e-01     5.575e-01     5.062e-01     2.851e-01 
    5.219e-01     5.570e-01     5.063e-01     2.853e-01 
    5.221e-01     5.565e-01     5.064e-01     2.855e-01 
    5.222e-01     5.560e-01     5.065e-01     2.858e-01 
    5.224e-01     5.555e-01     5.066e-01     2.860e-01 
    5.226e-01     5.549e-01     5.067e-01     2.862e-01 
    5.227e-01     5.544e-01     5.068e-01     2.864e-01 
    5.229e-01     5.539e-01     5.069e-01     2.866e-01 
    5.231e-01     5.534e-01     5.070e-01     2.868e-01 
    5.232e-01     5.529e-01     5.070e-01     2.870e-01 
    5.234e-01     5.524e-01     5.071e-01     2.872e-01 
    5.236e-01     5.519e-01     5.072e-01     2.874e-01 
    5.237e-01     5.514e-01     5.073e-01     2.877e-01 
    5.239e-01     5.509e-01     5.074e-01     2.879e-01 
    5.241e-01     5.504e-01     5.075e-01     2.881e-01 
    5.242e-01     5.499e-01     5.076e-01     2.883e-01 
    5.244e-01     5.494e-01     5.077e-01     2.885e-01 
    5.246e-01     5.489e-01     5.078e-01     2.887e-01 
    5.248e-01     5.484e-01     5.079e-01     2.889e-01 
    5.249e-01     5.479e-01     5.080e-01     2.891e-01 
    5.251e-01     5.474e-01     5.081e-01     2.893e-01 
    5.253e-01     5.469e-01     5.081e-01     2.895e-01 
    5.254e-01     5.464e-01     5.082e-01     2.897e-01 
    5.256e-01     5.459e-01     5.083e-01     2.899e-01 
    5.258e-01     5.454e-01     5.084e-01     2.901e-01 
    5.259e-01     5.449e-01     5.085e-01     2.903e-01 
    5.261e-01     5.444e-01     5.086e-01     2.905e-01 
    5.263e-01     5.439e-01     5.087e-01     2.907e-01 
    5.264e-01     5.434e-01     5.088e-01     2.910e-01 
    5.266e-01     5.429e-01     5.089e-01     2.912e-01 
    5.268e-01     5.424e-01     5.090e-01     2.914e-01 
    5.269e-01     5.419e-01     5.091e-01     2.916e-01 
    5.271e-01     5.415e-01     5.092e-01     2.918e-01 
    5.273e-01     5.410e-01     5.092e-01     2.920e-01 
    5.274e-01     5.405e-01     5.093e-01     2.922e-01 
    5.276e-01     5.400e-01     5.094e-01     2.924e-01 
    5.278e-01     5.395e-01     5.095e-01     2.926e-01 
    5.279e-01     5.391e-01     5.096e-01     2.928e-01 
    5.281e-01     5.386e-01     5.097e-01     2.930e-01 
    5.283e-01     5.381e-01     5.098e-01     2.932e-01 
    5.284e-01     5.376e-01     5.099e-01     2.934e-01 
    5.286e-01     5.371e-01     5.100e-01     2.936e-01 
    5.288e-01     5.367e-01     5.101e-01     2.938e-01 
    5.289e-01     5.362e-01     5.101e-01     2.940e-01 
    5.291e-01     5.357e-01     5.102e-01     2.941e-01 
    5.293e-01     5.352e-01     5.103e-01     2.943e-01 
    5.294e-01     5.348e-01     5.104e-01     2.945e-01 
    5.296e-01     5.343e-01     5.105e-01     2.947e-01 
    5.298e-01     5.338e-01     5.106e-01     2.949e-01 
    5.300e-01     5.334e-01     5.107e-01     2.951e-01 
    5.301e-01     5.329e-01     5.108e-01     2.953e-01 
    5.303e-01     5.324e-01     5.109e-01     2.955e-01 
    5.305e-01     5.320e-01     5.110e-01     2.957e-01 
    5.306e-01     5.315e-01     5.110e-01     2.959e-01 
    5.308e-01     5.310e-01     5.111e-01     2.961e-01 
    5.310e-01     5.306e-01     5.112e-01     2.963e-01 
    5.311e-01     5.301e-01     5.113e-01     2.965e-01 
    5.313e-01     5.297e-01     5.114e-01     2.967e-01 
    5.315e-01     5.292e-01     5.115e-01     2.969e-01 
    5.316e-01     5.287e-01     5.116e-01     2.971e-01 
    5.318e-01     5.283e-01     5.117e-01     2.973e-01 
    5.320e-01     5.278e-01     5.118e-01     2.974e-01 
    5.321e-01     5.274e-01     5.119e-01     2.976e-01 
    5.323e-01     5.269e-01     5.119e-01     2.978e-01 
    5.325e-01     5.264e-01     5.120e-01     2.980e-01 
    5.327e-01     5.260e-01     5.121e-01     2.982e-01 
    5.328e-01     5.255e-01     5.122e-01     2.984e-01 
    5.330e-01     5.251e-01     5.123e-01     2.986e-01 
    5.332e-01     5.246e-01     5.124e-01     2.988e-01 
    5.333e-01     5.242e-01     5.125e-01     2.990e-01 
    5.335e-01     5.237e-01     5.126e-01     2.992e-01 
    5.337e-01     5.233e-01     5.127e-01     2.993e-01 
    5.338e-01     5.228e-01     5.127e-01     2.995e-01 
    5.340e-01     5.224e-01     5.128e-01     2.997e-01 
    5.342e-01     5.219e-01     5.129e-01     2.999e-01 
    5.344e-01     5.215e-01     5.130e-01     3.001e-01 
    5.345e-01     5.211e-01     5.131e-01     3.003e-01 
    5.347e-01     5.206e-01     5.132e-01     3.005e-01 
    5.349e-01     5.202e-01     5.133e-01     3.007e-01 
    5.350e-01     5.197e-01     5.134e-01     3.008e-01 
    5.352e-01     5.193e-01     5.134e-01     3.010e-01 
    5.354e-01     5.188e-01     5.135e-01     3.012e-01 
    5.355e-01     5.184e-01     5.136e-01     3.014e-01 
    5.357e-01     5.180e-01     5.137e-01     3.016e-01 
    5.359e-01     5.175e-01     5.138e-01     3.018e-01 
    5.361e-01     5.171e-01     5.139e-01     3.019e-01 
    5.362e-01     5.167e-01     5.140e-01     3.021e-01 
    5.364e-01     5.162e-01     5.141e-01     3.023e-01 
    5.366e-01     5.158e-01     5.142e-01     3.025e-01 
    5.367e-01     5.153e-01     5.142e-01     3.027e-01 
    5.369e-01     5.149e-01     5.143e-01     3.029e-01 
    5.371e-01     5.145e-01     5.144e-01     3.030e-01 
    5.373e-01     5.141e-01     5.145e-01     3.032e-01 
    5.374e-01     5.136e-01     5.146e-01     3.034e-01 
    5.376e-01     5.132e-01     5.147e-01     3.036e-01 
    5.378e-01     5.128e-01     5.148e-01     3.038e-01 
    5.379e-01     5.123e-01     5.149e-01     3.040e-01 
    5.381e-01     5.119e-01     5.149e-01     3.041e-01 
    5.383e-01     5.115e-01     5.150e-01     3.043e-01 
    5.385e-01     5.110e-01     5.151e-01     3.045e-01 
    5.386e-01     5.106e-01     5.152e-01     3.047e-01 
    5.388e-01     5.102e-01     5.153e-01     3.049e-01 
    5.390e-01     5.098e-01     5.154e-01     3.050e-01 
    5.391e-01     5.093e-01     5.155e-01     3.052e-01 
    5.393e-01     5.089e-01     5.156e-01     3.054e-01 
    5.395e-01     5.085e-01     5.156e-01     3.056e-01 
    5.397e-01     5.081e-01     5.157e-01     3.058e-01 
    5.398e-01     5.077e-01     5.158e-01     3.059e-01 
    5.400e-01     5.072e-01     5.159e-01     3.061e-01 
    5.402e-01     5.068e-01     5.160e-01     3.063e-01 
    5.403e-01     5.064e-01     5.161e-01     3.065e-01 
    5.405e-01     5.060e-01     5.162e-01     3.066e-01 
    5.407e-01     5.056e-01     5.163e-01     3.068e-01 
    5.409e-01     5.052e-01     5.163e-01     3.070e-01 
    5.410e-01     5.047e-01     5.164e-01     3.072e-01 
    5.412e-01     5.043e-01     5.165e-01     3.074e-01 
    5.414e-01     5.039e-01     5.166e-01     3.075e-01 
    5.415e-01     5.035e-01     5.167e-01     3.077e-01 
    5.417e-01     5.031e-01     5.168e-01     3.079e-01 
    5.419e-01     5.027e-01     5.169e-01     3.081e-01 
    5.421e-01     5.023e-01     5.169e-01     3.082e-01 
    5.422e-01     5.018e-01     5.170e-01     3.084e-01 
    5.424e-01     5.014e-01     5.171e-01     3.086e-01 
    5.426e-01     5.010e-01     5.172e-01     3.088e-01 
    5.428e-01     5.006e-01     5.173e-01     3.089e-01 
    5.429e-01     5.002e-01     5.174e-01     3.091e-01 
    5.431e-01     4.998e-01     5.175e-01     3.093e-01 
    5.433e-01     4.994e-01     5.176e-01     3.095e-01 
    5.434e-01     4.990e-01     5.176e-01     3.096e-01 
    5.436e-01     4.986e-01     5.177e-01     3.098e-01 
    5.438e-01     4.982e-01     5.178e-01     3.100e-01 
    5.440e-01     4.978e-01     5.179e-01     3.101e-01 
    5.441e-01     4.974e-01     5.180e-01     3.103e-01 
    5.443e-01     4.970e-01     5.181e-01     3.105e-01 
    5.445e-01     4.966e-01     5.182e-01     3.107e-01 
    5.447e-01     4.962e-01     5.182e-01     3.108e-01 
    5.448e-01     4.958e-01     5.183e-01     3.110e-01 
    5.450e-01     4.954e-01     5.184e-01     3.112e-01 
    5.452e-01     4.950e-01     5.185e-01     3.113e-01 
    5.454e-01     4.946e-01     5.186e-01     3.115e-01 
    5.455e-01     4.942e-01     5.187e-01     3.117e-01 
    5.457e-01     4.938e-01     5.188e-01     3.119e-01 
    5.459e-01     4.934e-01     5.188e-01     3.120e-01 
    5.461e-01     4.930e-01     5.189e-01     3.122e-01 
    5.462e-01     4.926e-01     5.190e-01     3.124e-01 
    5.464e-01     4.922e-01     5.191e-01     3.125e-01 
    5.466e-01     4.918e-01     5.192e-01     3.127e-01 
    5.467e-01     4.914e-01     5.193e-01     3.129e-01 
    5.469e-01     4.910e-01     5.194e-01     3.130e-01 
    5.471e-01     4.906e-01     5.194e-01     3.132e-01 
    5.473e-01     4.902e-01     5.195e-01     3.134e-01 
    5.474e-01     4.898e-01     5.196e-01     3.136e-01 
    5.476e-01     4.894e-01     5.197e-01     3.137e-01 
    5.478e-01     4.890e-01     5.198e-01     3.139e-01 
    5.480e-01     4.886e-01     5.199e-01     3.141e-01 
    5.481e-01     4.882e-01     5.200e-01     3.142e-01 
    5.483e-01     4.879e-01     5.200e-01     3.144e-01 
    5.485e-01     4.875e-01     5.201e-01     3.146e-01 
    5.487e-01     4.871e-01     5.202e-01     3.147e-01 
    5.488e-01     4.867e-01     5.203e-01     3.149e-01 
    5.490e-01     4.863e-01     5.204e-01     3.151e-01 
    5.492e-01     4.859e-01     5.205e-01     3.152e-01 
    5.494e-01     4.855e-01     5.206e-01     3.154e-01 
    5.495e-01     4.852e-01     5.206e-01     3.156e-01 
    5.497e-01     4.848e-01     5.207e-01     3.157e-01 
    5.499e-01     4.844e-01     5.208e-01     3.159e-01 
    5.501e-01     4.840e-01     5.209e-01     3.161e-01 
    5.502e-01     4.836e-01     5.210e-01     3.162e-01 
    5.504e-01     4.832e-01     5.211e-01     3.164e-01 
    5.506e-01     4.829e-01     5.211e-01     3.166e-01 
    5.508e-01     4.825e-01     5.212e-01     3.167e-01 
    5.509e-01     4.821e-01     5.213e-01     3.169e-01 
    5.511e-01     4.817e-01     5.214e-01     3.170e-01 
    5.513e-01     4.813e-01     5.215e-01     3.172e-01 
    5.515e-01     4.810e-01     5.216e-01     3.174e-01 
    5.517e-01     4.806e-01     5.217e-01     3.175e-01 
    5.518e-01     4.802e-01     5.217e-01     3.177e-01 
    5.520e-01     4.798e-01     5.218e-01     3.179e-01 
    5.522e-01     4.794e-01     5.219e-01     3.180e-01 
    5.524e-01     4.791e-01     5.220e-01     3.182e-01 
    5.525e-01     4.787e-01     5.221e-01     3.184e-01 
    5.527e-01     4.783e-01     5.222e-01     3.185e-01 
    5.529e-01     4.779e-01     5.222e-01     3.187e-01 
    5.531e-01     4.776e-01     5.223e-01     3.188e-01 
    5.532e-01     4.772e-01     5.224e-01     3.190e-01 
    5.534e-01     4.768e-01     5.225e-01     3.192e-01 
    5.536e-01     4.765e-01     5.226e-01     3.193e-01 
    5.538e-01     4.761e-01     5.227e-01     3.195e-01 
    5.539e-01     4.757e-01     5.228e-01     3.197e-01 
    5.541e-01     4.753e-01     5.228e-01     3.198e-01 
    5.543e-01     4.750e-01     5.229e-01     3.200e-01 
    5.545e-01     4.746e-01     5.230e-01     3.201e-01 
    5.547e-01     4.742e-01     5.231e-01     3.203e-01 
    5.548e-01     4.739e-01     5.232e-01     3.205e-01 
    5.550e-01     4.735e-01     5.233e-01     3.206e-01 
    5.552e-01     4.731e-01     5.233e-01     3.208e-01 
    5.554e-01     4.728e-01     5.234e-01     3.209e-01 
    5.555e-01     4.724e-01     5.235e-01     3.211e-01 
    5.557e-01     4.720e-01     5.236e-01     3.213e-01 
    5.559e-01     4.717e-01     5.237e-01     3.214e-01 
    5.561e-01     4.713e-01     5.238e-01     3.216e-01 
    5.563e-01     4.709e-01     5.238e-01     3.217e-01 
    5.564e-01     4.706e-01     5.239e-01     3.219e-01 
    5.566e-01     4.702e-01     5.240e-01     3.221e-01 
    5.568e-01     4.699e-01     5.241e-01     3.222e-01 
    5.570e-01     4.695e-01     5.242e-01     3.224e-01 
    5.571e-01     4.691e-01     5.243e-01     3.225e-01 
    5.573e-01     4.688e-01     5.243e-01     3.227e-01 
    5.575e-01     4.684e-01     5.244e-01     3.228e-01 
    5.577e-01     4.680e-01     5.245e-01     3.230e-01 
    5.579e-01     4.677e-01     5.246e-01     3.232e-01 
    5.580e-01     4.673e-01     5.247e-01     3.233e-01 
    5.582e-01     4.670e-01     5.248e-01     3.235e-01 
    5.584e-01     4.666e-01     5.248e-01     3.236e-01 
    5.586e-01     4.663e-01     5.249e-01     3.238e-01 
    5.588e-01     4.659e-01     5.250e-01     3.239e-01 
    5.589e-01     4.655e-01     5.251e-01     3.241e-01 
    5.591e-01     4.652e-01     5.252e-01     3.243e-01 
    5.593e-01     4.648e-01     5.253e-01     3.244e-01 
    5.595e-01     4.645e-01     5.253e-01     3.246e-01 
    5.596e-01     4.641e-01     5.254e-01     3.247e-01 
    5.598e-01     4.638e-01     5.255e-01     3.249e-01 
    5.600e-01     4.634e-01     5.256e-01     3.250e-01 
    5.602e-01     4.631e-01     5.257e-01     3.252e-01 
    5.604e-01     4.627e-01     5.258e-01     3.253e-01 
    5.605e-01     4.624e-01     5.258e-01     3.255e-01 
    5.607e-01     4.620e-01     5.259e-01     3.257e-01 
    5.609e-01     4.617e-01     5.260e-01     3.258e-01 
    5.611e-01     4.613e-01     5.261e-01     3.260e-01 
    5.613e-01     4.610e-01     5.262e-01     3.261e-01 
    5.614e-01     4.606e-01     5.263e-01     3.263e-01 
    5.616e-01     4.603e-01     5.263e-01     3.264e-01 
    5.618e-01     4.599e-01     5.264e-01     3.266e-01 
    5.620e-01     4.596e-01     5.265e-01     3.267e-01 
    5.622e-01     4.592e-01     5.266e-01     3.269e-01 
    5.623e-01     4.589e-01     5.267e-01     3.270e-01 
    5.625e-01     4.585e-01     5.268e-01     3.272e-01 
    5.627e-01     4.582e-01     5.268e-01     3.274e-01 
    5.629e-01     4.578e-01     5.269e-01     3.275e-01 
    5.631e-01     4.575e-01     5.270e-01     3.277e-01 
    5.632e-01     4.571e-01     5.271e-01     3.278e-01 
    5.634e-01     4.568e-01     5.272e-01     3.280e-01 
    5.636e-01     4.565e-01     5.273e-01     3.281e-01 
    5.638e-01     4.561e-01     5.273e-01     3.283e-01 
    5.640e-01     4.558e-01     5.274e-01     3.284e-01 
    5.641e-01     4.554e-01     5.275e-01     3.286e-01 
    5.643e-01     4.551e-01     5.276e-01     3.287e-01 
    5.645e-01     4.548e-01     5.277e-01     3.289e-01 
    5.647e-01     4.544e-01     5.277e-01     3.290e-01 
    5.649e-01     4.541e-01     5.278e-01     3.292e-01 
    5.651e-01     4.537e-01     5.279e-01     3.293e-01 
    5.652e-01     4.534e-01     5.280e-01     3.295e-01 
    5.654e-01     4.531e-01     5.281e-01     3.296e-01 
    5.656e-01     4.527e-01     5.282e-01     3.298e-01 
    5.658e-01     4.524e-01     5.282e-01     3.299e-01 
    5.660e-01     4.520e-01     5.283e-01     3.301e-01 
    5.661e-01     4.517e-01     5.284e-01     3.302e-01 
    5.663e-01     4.514e-01     5.285e-01     3.304e-01 
    5.665e-01     4.510e-01     5.286e-01     3.305e-01 
    5.667e-01     4.507e-01     5.287e-01     3.307e-01 
    5.669e-01     4.504e-01     5.287e-01     3.308e-01 
    5.671e-01     4.500e-01     5.288e-01     3.310e-01 
    5.672e-01     4.497e-01     5.289e-01     3.311e-01 
    5.674e-01     4.494e-01     5.290e-01     3.313e-01 
    5.676e-01     4.490e-01     5.291e-01     3.314e-01 
    5.678e-01     4.487e-01     5.291e-01     3.316e-01 
    5.680e-01     4.484e-01     5.292e-01     3.317e-01 
    5.681e-01     4.480e-01     5.293e-01     3.319e-01 
    5.683e-01     4.477e-01     5.294e-01     3.320e-01 
    5.685e-01     4.474e-01     5.295e-01     3.322e-01 
    5.687e-01     4.470e-01     5.296e-01     3.323e-01 
    5.689e-01     4.467e-01     5.296e-01     3.325e-01 
    5.691e-01     4.464e-01     5.297e-01     3.326e-01 
    5.692e-01     4.460e-01     5.298e-01     3.328e-01 
    5.694e-01     4.457e-01     5.299e-01     3.329e-01 
    5.696e-01     4.454e-01     5.300e-01     3.331e-01 
    5.698e-01     4.451e-01     5.300e-01     3.332e-01 
    5.700e-01     4.447e-01     5.301e-01     3.334e-01 
    5.702e-01     4.444e-01     5.302e-01     3.335e-01 
    5.703e-01     4.441e-01     5.303e-01     3.336e-01 
    5.705e-01     4.438e-01     5.304e-01     3.338e-01 
    5.707e-01     4.434e-01     5.304e-01     3.339e-01 
    5.709e-01     4.431e-01     5.305e-01     3.341e-01 
    5.711e-01     4.428e-01     5.306e-01     3.342e-01 
    5.713e-01     4.425e-01     5.307e-01     3.344e-01 
    5.714e-01     4.421e-01     5.308e-01     3.345e-01 
    5.716e-01     4.418e-01     5.309e-01     3.347e-01 
    5.718e-01     4.415e-01     5.309e-01     3.348e-01 
    5.720e-01     4.412e-01     5.310e-01     3.350e-01 
    5.722e-01     4.408e-01     5.311e-01     3.351e-01 
    5.724e-01     4.405e-01     5.312e-01     3.353e-01 
    5.725e-01     4.402e-01     5.313e-01     3.354e-01 
    5.727e-01     4.399e-01     5.313e-01     3.355e-01 
    5.729e-01     4.396e-01     5.314e-01     3.357e-01 
    5.731e-01     4.392e-01     5.315e-01     3.358e-01 
    5.733e-01     4.389e-01     5.316e-01     3.360e-01 
    5.735e-01     4.386e-01     5.317e-01     3.361e-01 
    5.737e-01     4.383e-01     5.317e-01     3.363e-01 
    5.738e-01     4.380e-01     5.318e-01     3.364e-01 
    5.740e-01     4.376e-01     5.319e-01     3.366e-01 
    5.742e-01     4.373e-01     5.320e-01     3.367e-01 
    5.744e-01     4.370e-01     5.321e-01     3.368e-01 
    5.746e-01     4.367e-01     5.322e-01     3.370e-01 
    5.748e-01     4.364e-01     5.322e-01     3.371e-01 
    5.750e-01     4.361e-01     5.323e-01     3.373e-01 
    5.751e-01     4.357e-01     5.324e-01     3.374e-01 
    5.753e-01     4.354e-01     5.325e-01     3.376e-01 
    5.755e-01     4.351e-01     5.326e-01     3.377e-01 
    5.757e-01     4.348e-01     5.326e-01     3.378e-01 
    5.759e-01     4.345e-01     5.327e-01     3.380e-01 
    5.761e-01     4.342e-01     5.328e-01     3.381e-01 
    5.763e-01     4.338e-01     5.329e-01     3.383e-01 
    5.764e-01     4.335e-01     5.330e-01     3.384e-01 
    5.766e-01     4.332e-01     5.330e-01     3.386e-01 
    5.768e-01     4.329e-01     5.331e-01     3.387e-01 
    5.770e-01     4.326e-01     5.332e-01     3.388e-01 
    5.772e-01     4.323e-01     5.333e-01     3.390e-01 
    5.774e-01     4.320e-01     5.334e-01     3.391e-01 
    5.776e-01     4.317e-01     5.334e-01     3.393e-01 
    5.777e-01     4.314e-01     5.335e-01     3.394e-01 
    5.779e-01     4.310e-01     5.336e-01     3.396e-01 
    5.781e-01     4.307e-01     5.337e-01     3.397e-01 
    5.783e-01     4.304e-01     5.338e-01     3.398e-01 
    5.785e-01     4.301e-01     5.338e-01     3.400e-01 
    5.787e-01     4.298e-01     5.339e-01     3.401e-01 
    5.789e-01     4.295e-01     5.340e-01     3.403e-01 
    5.790e-01     4.292e-01     5.341e-01     3.404e-01 
    5.792e-01     4.289e-01     5.342e-01     3.405e-01 
    5.794e-01     4.286e-01     5.342e-01     3.407e-01 
    5.796e-01     4.283e-01     5.343e-01     3.408e-01 
    5.798e-01     4.280e-01     5.344e-01     3.410e-01 
    5.800e-01     4.277e-01     5.345e-01     3.411e-01 
    5.802e-01     4.274e-01     5.346e-01     3.412e-01 
    5.804e-01     4.271e-01     5.346e-01     3.414e-01 
    5.805e-01     4.267e-01     5.347e-01     3.415e-01 
    5.807e-01     4.264e-01     5.348e-01     3.417e-01 
    5.809e-01     4.261e-01     5.349e-01     3.418e-01 
    5.811e-01     4.258e-01     5.350e-01     3.419e-01 
    5.813e-01     4.255e-01     5.350e-01     3.421e-01 
    5.815e-01     4.252e-01     5.351e-01     3.422e-01 
    5.817e-01     4.249e-01     5.352e-01     3.424e-01 
    5.819e-01     4.246e-01     5.353e-01     3.425e-01 
    5.821e-01     4.243e-01     5.354e-01     3.426e-01 
    5.822e-01     4.240e-01     5.354e-01     3.428e-01 
    5.824e-01     4.237e-01     5.355e-01     3.429e-01 
    5.826e-01     4.234e-01     5.356e-01     3.430e-01 
    5.828e-01     4.231e-01     5.357e-01     3.432e-01 
    5.830e-01     4.228e-01     5.358e-01     3.433e-01 
    5.832e-01     4.225e-01     5.358e-01     3.435e-01 
    5.834e-01     4.222e-01     5.359e-01     3.436e-01 
    5.836e-01     4.219e-01     5.360e-01     3.437e-01 
    5.837e-01     4.216e-01     5.361e-01     3.439e-01 
    5.839e-01     4.213e-01     5.362e-01     3.440e-01 
    5.841e-01     4.210e-01     5.362e-01     3.442e-01 
    5.843e-01     4.207e-01     5.363e-01     3.443e-01 
    5.845e-01     4.204e-01     5.364e-01     3.444e-01 
    5.847e-01     4.201e-01     5.365e-01     3.446e-01 
    5.849e-01     4.198e-01     5.366e-01     3.447e-01 
    5.851e-01     4.195e-01     5.366e-01     3.448e-01 
    5.853e-01     4.193e-01     5.367e-01     3.450e-01 
    5.855e-01     4.190e-01     5.368e-01     3.451e-01 
    5.856e-01     4.187e-01     5.369e-01     3.453e-01 
    5.858e-01     4.184e-01     5.370e-01     3.454e-01 
    5.860e-01     4.181e-01     5.370e-01     3.455e-01 
    5.862e-01     4.178e-01     5.371e-01     3.457e-01 
    5.864e-01     4.175e-01     5.372e-01     3.458e-01 
    5.866e-01     4.172e-01     5.373e-01     3.459e-01 
    5.868e-01     4.169e-01     5.374e-01     3.461e-01 
    5.870e-01     4.166e-01     5.374e-01     3.462e-01 
    5.872e-01     4.163e-01     5.375e-01     3.463e-01 
    5.874e-01     4.160e-01     5.376e-01     3.465e-01 
    5.875e-01     4.157e-01     5.377e-01     3.466e-01 
    5.877e-01     4.154e-01     5.377e-01     3.467e-01 
    5.879e-01     4.152e-01     5.378e-01     3.469e-01 
    5.881e-01     4.149e-01     5.379e-01     3.470e-01 
    5.883e-01     4.146e-01     5.380e-01     3.472e-01 
    5.885e-01     4.143e-01     5.381e-01     3.473e-01 
    5.887e-01     4.140e-01     5.381e-01     3.474e-01 
    5.889e-01     4.137e-01     5.382e-01     3.476e-01 
    5.891e-01     4.134e-01     5.383e-01     3.477e-01 
    5.893e-01     4.131e-01     5.384e-01     3.478e-01 
    5.895e-01     4.128e-01     5.385e-01     3.480e-01 
    5.896e-01     4.125e-01     5.385e-01     3.481e-01 
    5.898e-01     4.123e-01     5.386e-01     3.482e-01 
    5.900e-01     4.120e-01     5.387e-01     3.484e-01 
    5.902e-01     4.117e-01     5.388e-01     3.485e-01 
    5.904e-01     4.114e-01     5.389e-01     3.486e-01 
    5.906e-01     4.111e-01     5.389e-01     3.488e-01 
    5.908e-01     4.108e-01     5.390e-01     3.489e-01 
    5.910e-01     4.105e-01     5.391e-01     3.490e-01 
    5.912e-01     4.103e-01     5.392e-01     3.492e-01 
    5.914e-01     4.100e-01     5.393e-01     3.493e-01 
    5.916e-01     4.097e-01     5.393e-01     3.494e-01 
    5.918e-01     4.094e-01     5.394e-01     3.496e-01 
    5.919e-01     4.091e-01     5.395e-01     3.497e-01 
    5.921e-01     4.088e-01     5.396e-01     3.498e-01 
    5.923e-01     4.086e-01     5.396e-01     3.500e-01 
    5.925e-01     4.083e-01     5.397e-01     3.501e-01 
    5.927e-01     4.080e-01     5.398e-01     3.502e-01 
    5.929e-01     4.077e-01     5.399e-01     3.504e-01 
    5.931e-01     4.074e-01     5.400e-01     3.505e-01 
    5.933e-01     4.071e-01     5.400e-01     3.506e-01 
    5.935e-01     4.069e-01     5.401e-01     3.508e-01 
    5.937e-01     4.066e-01     5.402e-01     3.509e-01 
    5.939e-01     4.063e-01     5.403e-01     3.510e-01 
    5.941e-01     4.060e-01     5.404e-01     3.512e-01 
    5.943e-01     4.057e-01     5.404e-01     3.513e-01 
    5.945e-01     4.055e-01     5.405e-01     3.514e-01 
    5.947e-01     4.052e-01     5.406e-01     3.516e-01 
    5.948e-01     4.049e-01     5.407e-01     3.517e-01 
    5.950e-01     4.046e-01     5.407e-01     3.518e-01 
    5.952e-01     4.043e-01     5.408e-01     3.520e-01 
    5.954e-01     4.041e-01     5.409e-01     3.521e-01 
    5.956e-01     4.038e-01     5.410e-01     3.522e-01 
    5.958e-01     4.035e-01     5.411e-01     3.524e-01 
    5.960e-01     4.032e-01     5.411e-01     3.525e-01 
    5.962e-01     4.029e-01     5.412e-01     3.526e-01 
    5.964e-01     4.027e-01     5.413e-01     3.528e-01 
    5.966e-01     4.024e-01     5.414e-01     3.529e-01 
    5.968e-01     4.021e-01     5.414e-01     3.530e-01 
    5.970e-01     4.018e-01     5.415e-01     3.531e-01 
    5.972e-01     4.016e-01     5.416e-01     3.533e-01 
    5.974e-01     4.013e-01     5.417e-01     3.534e-01 
    5.976e-01     4.010e-01     5.418e-01     3.535e-01 
    5.978e-01     4.007e-01     5.418e-01     3.537e-01 
    5.980e-01     4.005e-01     5.419e-01     3.538e-01 
    5.981e-01     4.002e-01     5.420e-01     3.539e-01 
    5.983e-01     3.999e-01     5.421e-01     3.541e-01 
    5.985e-01     3.996e-01     5.422e-01     3.542e-01 
    5.987e-01     3.994e-01     5.422e-01     3.543e-01 
    5.989e-01     3.991e-01     5.423e-01     3.545e-01 
    5.991e-01     3.988e-01     5.424e-01     3.546e-01 
    5.993e-01     3.986e-01     5.425e-01     3.547e-01 
    5.995e-01     3.983e-01     5.425e-01     3.548e-01 
    5.997e-01     3.980e-01     5.426e-01     3.550e-01 
    5.999e-01     3.977e-01     5.427e-01     3.551e-01 
    6.001e-01     3.975e-01     5.428e-01     3.552e-01 
    6.003e-01     3.972e-01     5.429e-01     3.554e-01 
    6.005e-01     3.969e-01     5.429e-01     3.555e-01 
    6.007e-01     3.967e-01     5.430e-01     3.556e-01 
    6.009e-01     3.964e-01     5.431e-01     3.557e-01 
    6.011e-01     3.961e-01     5.432e-01     3.559e-01 
    6.013e-01     3.958e-01     5.432e-01     3.560e-01 
    6.015e-01     3.956e-01     5.433e-01     3.561e-01 
    6.017e-01     3.953e-01     5.434e-01     3.563e-01 
    6.019e-01     3.950e-01     5.435e-01     3.564e-01 
    6.021e-01     3.948e-01     5.436e-01     3.565e-01 
    6.023e-01     3.945e-01     5.436e-01     3.567e-01 
    6.025e-01     3.942e-01     5.437e-01     3.568e-01 
    6.027e-01     3.940e-01     5.438e-01     3.569e-01 
    6.029e-01     3.937e-01     5.439e-01     3.570e-01 
    6.031e-01     3.934e-01     5.439e-01     3.572e-01 
    6.032e-01     3.932e-01     5.440e-01     3.573e-01 
    6.034e-01     3.929e-01     5.441e-01     3.574e-01 
    6.036e-01     3.926e-01     5.442e-01     3.575e-01 
    6.038e-01     3.924e-01     5.442e-01     3.577e-01 
    6.040e-01     3.921e-01     5.443e-01     3.578e-01 
    6.042e-01     3.918e-01     5.444e-01     3.579e-01 
    6.044e-01     3.916e-01     5.445e-01     3.581e-01 
    6.046e-01     3.913e-01     5.446e-01     3.582e-01 
    6.048e-01     3.910e-01     5.446e-01     3.583e-01 
    6.050e-01     3.908e-01     5.447e-01     3.584e-01 
    6.052e-01     3.905e-01     5.448e-01     3.586e-01 
    6.054e-01     3.902e-01     5.449e-01     3.587e-01 
    6.056e-01     3.900e-01     5.449e-01     3.588e-01 
    6.058e-01     3.897e-01     5.450e-01     3.590e-01 
    6.060e-01     3.894e-01     5.451e-01     3.591e-01 
    6.062e-01     3.892e-01     5.452e-01     3.592e-01 
    6.064e-01     3.889e-01     5.453e-01     3.593e-01 
    6.066e-01     3.887e-01     5.453e-01     3.595e-01 
    6.068e-01     3.884e-01     5.454e-01     3.596e-01 
    6.070e-01     3.881e-01     5.455e-01     3.597e-01 
    6.072e-01     3.879e-01     5.456e-01     3.598e-01 
    6.074e-01     3.876e-01     5.456e-01     3.600e-01 
    6.076e-01     3.874e-01     5.457e-01     3.601e-01 
    6.078e-01     3.871e-01     5.458e-01     3.602e-01 
    6.080e-01     3.868e-01     5.459e-01     3.604e-01 
    6.082e-01     3.866e-01     5.459e-01     3.605e-01 
    6.084e-01     3.863e-01     5.460e-01     3.606e-01 
    6.086e-01     3.861e-01     5.461e-01     3.607e-01 
    6.088e-01     3.858e-01     5.462e-01     3.609e-01 
    6.090e-01     3.855e-01     5.463e-01     3.610e-01 
    6.092e-01     3.853e-01     5.463e-01     3.611e-01 
    6.094e-01     3.850e-01     5.464e-01     3.612e-01 
    6.096e-01     3.848e-01     5.465e-01     3.614e-01 
    6.098e-01     3.845e-01     5.466e-01     3.615e-01 
    6.100e-01     3.842e-01     5.466e-01     3.616e-01 
    6.102e-01     3.840e-01     5.467e-01     3.617e-01 
    6.104e-01     3.837e-01     5.468e-01     3.619e-01 
    6.106e-01     3.835e-01     5.469e-01     3.620e-01 
    6.108e-01     3.832e-01     5.470e-01     3.621e-01 
    6.110e-01     3.830e-01     5.470e-01     3.622e-01 
    6.112e-01     3.827e-01     5.471e-01     3.624e-01 
    6.114e-01     3.824e-01     5.472e-01     3.625e-01 
    6.116e-01     3.822e-01     5.473e-01     3.626e-01 
    6.118e-01     3.819e-01     5.473e-01     3.627e-01 
    6.120e-01     3.817e-01     5.474e-01     3.629e-01 
    6.122e-01     3.814e-01     5.475e-01     3.630e-01 
    6.124e-01     3.812e-01     5.476e-01     3.631e-01 
    6.126e-01     3.809e-01     5.476e-01     3.632e-01 
    6.128e-01     3.807e-01     5.477e-01     3.634e-01 
    6.130e-01     3.804e-01     5.478e-01     3.635e-01 
    6.132e-01     3.801e-01     5.479e-01     3.636e-01 
    6.134e-01     3.799e-01     5.479e-01     3.637e-01 
    6.136e-01     3.796e-01     5.480e-01     3.639e-01 
    6.138e-01     3.794e-01     5.481e-01     3.640e-01 
    6.140e-01     3.791e-01     5.482e-01     3.641e-01 
    6.142e-01     3.789e-01     5.483e-01     3.642e-01 
    6.144e-01     3.786e-01     5.483e-01     3.644e-01 
    6.146e-01     3.784e-01     5.484e-01     3.645e-01 
    6.148e-01     3.781e-01     5.485e-01     3.646e-01 
    6.150e-01     3.779e-01     5.486e-01     3.647e-01 
    6.152e-01     3.776e-01     5.486e-01     3.649e-01 
    6.154e-01     3.774e-01     5.487e-01     3.650e-01 
    6.156e-01     3.771e-01     5.488e-01     3.651e-01 
    6.159e-01     3.769e-01     5.489e-01     3.652e-01 
    6.161e-01     3.766e-01     5.489e-01     3.653e-01 
    6.163e-01     3.764e-01     5.490e-01     3.655e-01 
    6.165e-01     3.761e-01     5.491e-01     3.656e-01 
    6.167e-01     3.759e-01     5.492e-01     3.657e-01 
    6.169e-01     3.756e-01     5.492e-01     3.658e-01 
    6.171e-01     3.754e-01     5.493e-01     3.660e-01 
    6.173e-01     3.751e-01     5.494e-01     3.661e-01 
    6.175e-01     3.749e-01     5.495e-01     3.662e-01 
    6.177e-01     3.746e-01     5.496e-01     3.663e-01 
    6.179e-01     3.744e-01     5.496e-01     3.665e-01 
    6.181e-01     3.741e-01     5.497e-01     3.666e-01 
    6.183e-01     3.739e-01     5.498e-01     3.667e-01 
    6.185e-01     3.736e-01     5.499e-01     3.668e-01 
    6.187e-01     3.734e-01     5.499e-01     3.669e-01 
    6.189e-01     3.731e-01     5.500e-01     3.671e-01 
    6.191e-01     3.729e-01     5.501e-01     3.672e-01 
    6.193e-01     3.726e-01     5.502e-01     3.673e-01 
    6.195e-01     3.724e-01     5.502e-01     3.674e-01 
    6.197e-01     3.722e-01     5.503e-01     3.676e-01 
    6.199e-01     3.719e-01     5.504e-01     3.677e-01 
    6.201e-01     3.717e-01     5.505e-01     3.678e-01 
    6.203e-01     3.714e-01     5.505e-01     3.679e-01 
    6.205e-01     3.712e-01     5.506e-01     3.680e-01 
    6.207e-01     3.709e-01     5.507e-01     3.682e-01 
    6.209e-01     3.707e-01     5.508e-01     3.683e-01 
    6.212e-01     3.704e-01     5.508e-01     3.684e-01 
    6.214e-01     3.702e-01     5.509e-01     3.685e-01 
    6.216e-01     3.699e-01     5.510e-01     3.687e-01 
    6.218e-01     3.697e-01     5.511e-01     3.688e-01 
    6.220e-01     3.695e-01     5.512e-01     3.689e-01 
    6.222e-01     3.692e-01     5.512e-01     3.690e-01 
    6.224e-01     3.690e-01     5.513e-01     3.691e-01 
    6.226e-01     3.687e-01     5.514e-01     3.693e-01 
    6.228e-01     3.685e-01     5.515e-01     3.694e-01 
    6.230e-01     3.682e-01     5.515e-01     3.695e-01 
    6.232e-01     3.680e-01     5.516e-01     3.696e-01 
    6.234e-01     3.678e-01     5.517e-01     3.698e-01 
    6.236e-01     3.675e-01     5.518e-01     3.699e-01 
    6.238e-01     3.673e-01     5.518e-01     3.700e-01 
    6.240e-01     3.670e-01     5.519e-01     3.701e-01 
    6.242e-01     3.668e-01     5.520e-01     3.702e-01 
    6.244e-01     3.666e-01     5.521e-01     3.704e-01 
    6.247e-01     3.663e-01     5.521e-01     3.705e-01 
    6.249e-01     3.661e-01     5.522e-01     3.706e-01 
    6.251e-01     3.658e-01     5.523e-01     3.707e-01 
    6.253e-01     3.656e-01     5.524e-01     3.708e-01 
    6.255e-01     3.654e-01     5.524e-01     3.710e-01 
    6.257e-01     3.651e-01     5.525e-01     3.711e-01 
    6.259e-01     3.649e-01     5.526e-01     3.712e-01 
    6.261e-01     3.646e-01     5.527e-01     3.713e-01 
    6.263e-01     3.644e-01     5.527e-01     3.714e-01 
    6.265e-01     3.642e-01     5.528e-01     3.716e-01 
    6.267e-01     3.639e-01     5.529e-01     3.717e-01 
    6.269e-01     3.637e-01     5.530e-01     3.718e-01 
    6.271e-01     3.634e-01     5.530e-01     3.719e-01 
    6.273e-01     3.632e-01     5.531e-01     3.720e-01 
    6.276e-01     3.630e-01     5.532e-01     3.722e-01 
    6.278e-01     3.627e-01     5.533e-01     3.723e-01 
    6.280e-01     3.625e-01     5.533e-01     3.724e-01 
    6.282e-01     3.623e-01     5.534e-01     3.725e-01 
    6.284e-01     3.620e-01     5.535e-01     3.726e-01 
    6.286e-01     3.618e-01     5.536e-01     3.728e-01 
    6.288e-01     3.616e-01     5.536e-01     3.729e-01 
    6.290e-01     3.613e-01     5.537e-01     3.730e-01 
    6.292e-01     3.611e-01     5.538e-01     3.731e-01 
    6.294e-01     3.608e-01     5.539e-01     3.732e-01 
    6.296e-01     3.606e-01     5.539e-01     3.734e-01 
    6.299e-01     3.604e-01     5.540e-01     3.735e-01 
    6.301e-01     3.601e-01     5.541e-01     3.736e-01 
    6.303e-01     3.599e-01     5.542e-01     3.737e-01 
    6.305e-01     3.597e-01     5.542e-01     3.738e-01 
    6.307e-01     3.594e-01     5.543e-01     3.740e-01 
    6.309e-01     3.592e-01     5.544e-01     3.741e-01 
    6.311e-01     3.590e-01     5.545e-01     3.742e-01 
    6.313e-01     3.587e-01     5.545e-01     3.743e-01 
    6.315e-01     3.585e-01     5.546e-01     3.744e-01 
    6.317e-01     3.583e-01     5.547e-01     3.745e-01 
    6.319e-01     3.580e-01     5.548e-01     3.747e-01 
    6.322e-01     3.578e-01     5.549e-01     3.748e-01 
    6.324e-01     3.576e-01     5.549e-01     3.749e-01 
    6.326e-01     3.573e-01     5.550e-01     3.750e-01 
    6.328e-01     3.571e-01     5.551e-01     3.751e-01 
    6.330e-01     3.569e-01     5.552e-01     3.753e-01 
    6.332e-01     3.566e-01     5.552e-01     3.754e-01 
    6.334e-01     3.564e-01     5.553e-01     3.755e-01 
    6.336e-01     3.562e-01     5.554e-01     3.756e-01 
    6.338e-01     3.560e-01     5.555e-01     3.757e-01 
    6.340e-01     3.557e-01     5.555e-01     3.758e-01 
    6.343e-01     3.555e-01     5.556e-01     3.760e-01 
    6.345e-01     3.553e-01     5.557e-01     3.761e-01 
    6.347e-01     3.550e-01     5.558e-01     3.762e-01 
    6.349e-01     3.548e-01     5.558e-01     3.763e-01 
    6.351e-01     3.546e-01     5.559e-01     3.764e-01 
    6.353e-01     3.543e-01     5.560e-01     3.766e-01 
    6.355e-01     3.541e-01     5.561e-01     3.767e-01 
    6.357e-01     3.539e-01     5.561e-01     3.768e-01 
    6.360e-01     3.537e-01     5.562e-01     3.769e-01 
    6.362e-01     3.534e-01     5.563e-01     3.770e-01 
    6.364e-01     3.532e-01     5.563e-01     3.771e-01 
    6.366e-01     3.530e-01     5.564e-01     3.773e-01 
    6.368e-01     3.527e-01     5.565e-01     3.774e-01 
    6.370e-01     3.525e-01     5.566e-01     3.775e-01 
    6.372e-01     3.523e-01     5.566e-01     3.776e-01 
    6.374e-01     3.521e-01     5.567e-01     3.777e-01 
    6.376e-01     3.518e-01     5.568e-01     3.778e-01 
    6.379e-01     3.516e-01     5.569e-01     3.780e-01 
    6.381e-01     3.514e-01     5.569e-01     3.781e-01 
    6.383e-01     3.511e-01     5.570e-01     3.782e-01 
    6.385e-01     3.509e-01     5.571e-01     3.783e-01 
    6.387e-01     3.507e-01     5.572e-01     3.784e-01 
    6.389e-01     3.505e-01     5.572e-01     3.785e-01 
    6.391e-01     3.502e-01     5.573e-01     3.787e-01 
    6.394e-01     3.500e-01     5.574e-01     3.788e-01 
    6.396e-01     3.498e-01     5.575e-01     3.789e-01 
    6.398e-01     3.496e-01     5.575e-01     3.790e-01 
    6.400e-01     3.493e-01     5.576e-01     3.791e-01 
    6.402e-01     3.491e-01     5.577e-01     3.792e-01 
    6.404e-01     3.489e-01     5.578e-01     3.794e-01 
    6.406e-01     3.487e-01     5.578e-01     3.795e-01 
    6.408e-01     3.484e-01     5.579e-01     3.796e-01 
    6.411e-01     3.482e-01     5.580e-01     3.797e-01 
    6.413e-01     3.480e-01     5.581e-01     3.798e-01 
    6.415e-01     3.478e-01     5.581e-01     3.799e-01 
    6.417e-01     3.476e-01     5.582e-01     3.801e-01 
    6.419e-01     3.473e-01     5.583e-01     3.802e-01 
    6.421e-01     3.471e-01     5.584e-01     3.803e-01 
    6.423e-01     3.469e-01     5.584e-01     3.804e-01 
    6.426e-01     3.467e-01     5.585e-01     3.805e-01 
    6.428e-01     3.464e-01     5.586e-01     3.806e-01 
    6.430e-01     3.462e-01     5.587e-01     3.807e-01 
    6.432e-01     3.460e-01     5.587e-01     3.809e-01 
    6.434e-01     3.458e-01     5.588e-01     3.810e-01 
    6.436e-01     3.456e-01     5.589e-01     3.811e-01 
    6.439e-01     3.453e-01     5.590e-01     3.812e-01 
    6.441e-01     3.451e-01     5.590e-01     3.813e-01 
    6.443e-01     3.449e-01     5.591e-01     3.814e-01 
    6.445e-01     3.447e-01     5.592e-01     3.816e-01 
    6.447e-01     3.444e-01     5.593e-01     3.817e-01 
    6.449e-01     3.442e-01     5.593e-01     3.818e-01 
    6.451e-01     3.440e-01     5.594e-01     3.819e-01 
    6.454e-01     3.438e-01     5.595e-01     3.820e-01 
    6.456e-01     3.436e-01     5.596e-01     3.821e-01 
    6.458e-01     3.433e-01     5.596e-01     3.822e-01 
    6.460e-01     3.431e-01     5.597e-01     3.824e-01 
    6.462e-01     3.429e-01     5.598e-01     3.825e-01 
    6.464e-01     3.427e-01     5.599e-01     3.826e-01 
    6.467e-01     3.425e-01     5.599e-01     3.827e-01 
    6.469e-01     3.423e-01     5.600e-01     3.828e-01 
    6.471e-01     3.420e-01     5.601e-01     3.829e-01 
    6.473e-01     3.418e-01     5.601e-01     3.830e-01 
    6.475e-01     3.416e-01     5.602e-01     3.832e-01 
    6.477e-01     3.414e-01     5.603e-01     3.833e-01 
    6.480e-01     3.412e-01     5.604e-01     3.834e-01 
    6.482e-01     3.409e-01     5.604e-01     3.835e-01 
    6.484e-01     3.407e-01     5.605e-01     3.836e-01 
    6.486e-01     3.405e-01     5.606e-01     3.837e-01 
    6.488e-01     3.403e-01     5.607e-01     3.838e-01 
    6.490e-01     3.401e-01     5.607e-01     3.840e-01 
    6.493e-01     3.399e-01     5.608e-01     3.841e-01 
    6.495e-01     3.396e-01     5.609e-01     3.842e-01 
    6.497e-01     3.394e-01     5.610e-01     3.843e-01 
    6.499e-01     3.392e-01     5.610e-01     3.844e-01 
    6.501e-01     3.390e-01     5.611e-01     3.845e-01 
    6.504e-01     3.388e-01     5.612e-01     3.846e-01 
    6.506e-01     3.386e-01     5.613e-01     3.848e-01 
    6.508e-01     3.384e-01     5.613e-01     3.849e-01 
    6.510e-01     3.381e-01     5.614e-01     3.850e-01 
    6.512e-01     3.379e-01     5.615e-01     3.851e-01 
    6.514e-01     3.377e-01     5.616e-01     3.852e-01 
    6.517e-01     3.375e-01     5.616e-01     3.853e-01 
    6.519e-01     3.373e-01     5.617e-01     3.854e-01 
    6.521e-01     3.371e-01     5.618e-01     3.856e-01 
    6.523e-01     3.369e-01     5.618e-01     3.857e-01 
    6.525e-01     3.366e-01     5.619e-01     3.858e-01 
    6.528e-01     3.364e-01     5.620e-01     3.859e-01 
    6.530e-01     3.362e-01     5.621e-01     3.860e-01 
    6.532e-01     3.360e-01     5.621e-01     3.861e-01 
    6.534e-01     3.358e-01     5.622e-01     3.862e-01 
    6.536e-01     3.356e-01     5.623e-01     3.863e-01 
    6.539e-01     3.354e-01     5.624e-01     3.865e-01 
    6.541e-01     3.351e-01     5.624e-01     3.866e-01 
    6.543e-01     3.349e-01     5.625e-01     3.867e-01 
    6.545e-01     3.347e-01     5.626e-01     3.868e-01 
    6.547e-01     3.345e-01     5.627e-01     3.869e-01 
    6.550e-01     3.343e-01     5.627e-01     3.870e-01 
    6.552e-01     3.341e-01     5.628e-01     3.871e-01 
    6.554e-01     3.339e-01     5.629e-01     3.872e-01 
    6.556e-01     3.337e-01     5.630e-01     3.874e-01 
    6.558e-01     3.335e-01     5.630e-01     3.875e-01 
    6.561e-01     3.332e-01     5.631e-01     3.876e-01 
    6.563e-01     3.330e-01     5.632e-01     3.877e-01 
    6.565e-01     3.328e-01     5.632e-01     3.878e-01 
    6.567e-01     3.326e-01     5.633e-01     3.879e-01 
    6.569e-01     3.324e-01     5.634e-01     3.880e-01 
    6.572e-01     3.322e-01     5.635e-01     3.881e-01 
    6.574e-01     3.320e-01     5.635e-01     3.883e-01 
    6.576e-01     3.318e-01     5.636e-01     3.884e-01 
    6.578e-01     3.316e-01     5.637e-01     3.885e-01 
    6.581e-01     3.314e-01     5.638e-01     3.886e-01 
    6.583e-01     3.311e-01     5.638e-01     3.887e-01 
    6.585e-01     3.309e-01     5.639e-01     3.888e-01 
    6.587e-01     3.307e-01     5.640e-01     3.889e-01 
    6.589e-01     3.305e-01     5.641e-01     3.890e-01 
    6.592e-01     3.303e-01     5.641e-01     3.892e-01 
    6.594e-01     3.301e-01     5.642e-01     3.893e-01 
    6.596e-01     3.299e-01     5.643e-01     3.894e-01 
    6.598e-01     3.297e-01     5.643e-01     3.895e-01 
    6.600e-01     3.295e-01     5.644e-01     3.896e-01 
    6.603e-01     3.293e-01     5.645e-01     3.897e-01 
    6.605e-01     3.291e-01     5.646e-01     3.898e-01 
    6.607e-01     3.289e-01     5.646e-01     3.899e-01 
    6.609e-01     3.287e-01     5.647e-01     3.900e-01 
    6.612e-01     3.284e-01     5.648e-01     3.902e-01 
    6.614e-01     3.282e-01     5.649e-01     3.903e-01 
    6.616e-01     3.280e-01     5.649e-01     3.904e-01 
    6.618e-01     3.278e-01     5.650e-01     3.905e-01 
    6.621e-01     3.276e-01     5.651e-01     3.906e-01 
    6.623e-01     3.274e-01     5.652e-01     3.907e-01 
    6.625e-01     3.272e-01     5.652e-01     3.908e-01 
    6.627e-01     3.270e-01     5.653e-01     3.909e-01 
    6.630e-01     3.268e-01     5.654e-01     3.910e-01 
    6.632e-01     3.266e-01     5.654e-01     3.912e-01 
    6.634e-01     3.264e-01     5.655e-01     3.913e-01 
    6.636e-01     3.262e-01     5.656e-01     3.914e-01 
    6.638e-01     3.260e-01     5.657e-01     3.915e-01 
    6.641e-01     3.258e-01     5.657e-01     3.916e-01 
    6.643e-01     3.256e-01     5.658e-01     3.917e-01 
    6.645e-01     3.254e-01     5.659e-01     3.918e-01 
    6.647e-01     3.252e-01     5.660e-01     3.919e-01 
    6.650e-01     3.250e-01     5.660e-01     3.920e-01 
    6.652e-01     3.248e-01     5.661e-01     3.922e-01 
    6.654e-01     3.246e-01     5.662e-01     3.923e-01 
    6.656e-01     3.244e-01     5.663e-01     3.924e-01 
    6.659e-01     3.242e-01     5.663e-01     3.925e-01 
    6.661e-01     3.240e-01     5.664e-01     3.926e-01 
    6.663e-01     3.237e-01     5.665e-01     3.927e-01 
    6.665e-01     3.235e-01     5.665e-01     3.928e-01 
    6.668e-01     3.233e-01     5.666e-01     3.929e-01 
    6.670e-01     3.231e-01     5.667e-01     3.930e-01 
    6.672e-01     3.229e-01     5.668e-01     3.931e-01 
    6.675e-01     3.227e-01     5.668e-01     3.933e-01 
    6.677e-01     3.225e-01     5.669e-01     3.934e-01 
    6.679e-01     3.223e-01     5.670e-01     3.935e-01 
    6.681e-01     3.221e-01     5.671e-01     3.936e-01 
    6.684e-01     3.219e-01     5.671e-01     3.937e-01 
    6.686e-01     3.217e-01     5.672e-01     3.938e-01 
    6.688e-01     3.215e-01     5.673e-01     3.939e-01 
    6.690e-01     3.213e-01     5.673e-01     3.940e-01 
    6.693e-01     3.211e-01     5.674e-01     3.941e-01 
    6.695e-01     3.209e-01     5.675e-01     3.942e-01 
    6.697e-01     3.207e-01     5.676e-01     3.944e-01 
    6.699e-01     3.205e-01     5.676e-01     3.945e-01 
    6.702e-01     3.203e-01     5.677e-01     3.946e-01 
    6.704e-01     3.201e-01     5.678e-01     3.947e-01 
    6.706e-01     3.199e-01     5.679e-01     3.948e-01 
    6.709e-01     3.197e-01     5.679e-01     3.949e-01 
    6.711e-01     3.195e-01     5.680e-01     3.950e-01 
    6.713e-01     3.193e-01     5.681e-01     3.951e-01 
    6.715e-01     3.191e-01     5.681e-01     3.952e-01 
    6.718e-01     3.189e-01     5.682e-01     3.953e-01 
    6.720e-01     3.187e-01     5.683e-01     3.954e-01 
    6.722e-01     3.185e-01     5.684e-01     3.956e-01 
    6.724e-01     3.183e-01     5.684e-01     3.957e-01 
    6.727e-01     3.181e-01     5.685e-01     3.958e-01 
    6.729e-01     3.179e-01     5.686e-01     3.959e-01 
    6.731e-01     3.178e-01     5.687e-01     3.960e-01 
    6.734e-01     3.176e-01     5.687e-01     3.961e-01 
    6.736e-01     3.174e-01     5.688e-01     3.962e-01 
    6.738e-01     3.172e-01     5.689e-01     3.963e-01 
    6.740e-01     3.170e-01     5.689e-01     3.964e-01 
    6.743e-01     3.168e-01     5.690e-01     3.965e-01 
    6.745e-01     3.166e-01     5.691e-01     3.966e-01 
    6.747e-01     3.164e-01     5.692e-01     3.968e-01 
    6.750e-01     3.162e-01     5.692e-01     3.969e-01 
    6.752e-01     3.160e-01     5.693e-01     3.970e-01 
    6.754e-01     3.158e-01     5.694e-01     3.971e-01 
    6.757e-01     3.156e-01     5.695e-01     3.972e-01 
    6.759e-01     3.154e-01     5.695e-01     3.973e-01 
    6.761e-01     3.152e-01     5.696e-01     3.974e-01 
    6.763e-01     3.150e-01     5.697e-01     3.975e-01 
    6.766e-01     3.148e-01     5.697e-01     3.976e-01 
    6.768e-01     3.146e-01     5.698e-01     3.977e-01 
    6.770e-01     3.144e-01     5.699e-01     3.978e-01 
    6.773e-01     3.142e-01     5.700e-01     3.979e-01 
    6.775e-01     3.140e-01     5.700e-01     3.980e-01 
    6.777e-01     3.138e-01     5.701e-01     3.982e-01 
    6.780e-01     3.136e-01     5.702e-01     3.983e-01 
    6.782e-01     3.134e-01     5.702e-01     3.984e-01 
    6.784e-01     3.133e-01     5.703e-01     3.985e-01 
    6.786e-01     3.131e-01     5.704e-01     3.986e-01 
    6.789e-01     3.129e-01     5.705e-01     3.987e-01 
    6.791e-01     3.127e-01     5.705e-01     3.988e-01 
    6.793e-01     3.125e-01     5.706e-01     3.989e-01 
    6.796e-01     3.123e-01     5.707e-01     3.990e-01 
    6.798e-01     3.121e-01     5.708e-01     3.991e-01 
    6.800e-01     3.119e-01     5.708e-01     3.992e-01 
    6.803e-01     3.117e-01     5.709e-01     3.993e-01 
    6.805e-01     3.115e-01     5.710e-01     3.994e-01 
    6.807e-01     3.113e-01     5.710e-01     3.996e-01 
    6.810e-01     3.111e-01     5.711e-01     3.997e-01 
    6.812e-01     3.109e-01     5.712e-01     3.998e-01 
    6.814e-01     3.108e-01     5.713e-01     3.999e-01 
    6.817e-01     3.106e-01     5.713e-01     4.000e-01 
    6.819e-01     3.104e-01     5.714e-01     4.001e-01 
    6.821e-01     3.102e-01     5.715e-01     4.002e-01 
    6.824e-01     3.100e-01     5.715e-01     4.003e-01 
    6.826e-01     3.098e-01     5.716e-01     4.004e-01 
    6.828e-01     3.096e-01     5.717e-01     4.005e-01 
    6.831e-01     3.094e-01     5.718e-01     4.006e-01 
    6.833e-01     3.092e-01     5.718e-01     4.007e-01 
    6.835e-01     3.090e-01     5.719e-01     4.008e-01 
    6.838e-01     3.088e-01     5.720e-01     4.009e-01 
    6.840e-01     3.087e-01     5.721e-01     4.011e-01 
    6.842e-01     3.085e-01     5.721e-01     4.012e-01 
    6.845e-01     3.083e-01     5.722e-01     4.013e-01 
    6.847e-01     3.081e-01     5.723e-01     4.014e-01 
    6.849e-01     3.079e-01     5.723e-01     4.015e-01 
    6.852e-01     3.077e-01     5.724e-01     4.016e-01 
    6.854e-01     3.075e-01     5.725e-01     4.017e-01 
    6.856e-01     3.073e-01     5.726e-01     4.018e-01 
    6.859e-01     3.071e-01     5.726e-01     4.019e-01 
    6.861e-01     3.070e-01     5.727e-01     4.020e-01 
    6.863e-01     3.068e-01     5.728e-01     4.021e-01 
    6.866e-01     3.066e-01     5.728e-01     4.022e-01 
    6.868e-01     3.064e-01     5.729e-01     4.023e-01 
    6.870e-01     3.062e-01     5.730e-01     4.024e-01 
    6.873e-01     3.060e-01     5.731e-01     4.025e-01 
    6.875e-01     3.058e-01     5.731e-01     4.027e-01 
    6.877e-01     3.056e-01     5.732e-01     4.028e-01 
    6.880e-01     3.054e-01     5.733e-01     4.029e-01 
    6.882e-01     3.053e-01     5.733e-01     4.030e-01 
    6.884e-01     3.051e-01     5.734e-01     4.031e-01 
    6.887e-01     3.049e-01     5.735e-01     4.032e-01 
    6.889e-01     3.047e-01     5.736e-01     4.033e-01 
    6.892e-01     3.045e-01     5.736e-01     4.034e-01 
    6.894e-01     3.043e-01     5.737e-01     4.035e-01 
    6.896e-01     3.041e-01     5.738e-01     4.036e-01 
    6.899e-01     3.040e-01     5.738e-01     4.037e-01 
    6.901e-01     3.038e-01     5.739e-01     4.038e-01 
    6.903e-01     3.036e-01     5.740e-01     4.039e-01 
    6.906e-01     3.034e-01     5.741e-01     4.040e-01 
    6.908e-01     3.032e-01     5.741e-01     4.041e-01 
    6.910e-01     3.030e-01     5.742e-01     4.042e-01 
    6.913e-01     3.028e-01     5.743e-01     4.043e-01 
    6.915e-01     3.027e-01     5.744e-01     4.045e-01 
    6.918e-01     3.025e-01     5.744e-01     4.046e-01 
    6.920e-01     3.023e-01     5.745e-01     4.047e-01 
    6.922e-01     3.021e-01     5.746e-01     4.048e-01 
    6.925e-01     3.019e-01     5.746e-01     4.049e-01 
    6.927e-01     3.017e-01     5.747e-01     4.050e-01 
    6.929e-01     3.015e-01     5.748e-01     4.051e-01 
    6.932e-01     3.014e-01     5.749e-01     4.052e-01 
    6.934e-01     3.012e-01     5.749e-01     4.053e-01 
    6.937e-01     3.010e-01     5.750e-01     4.054e-01 
    6.939e-01     3.008e-01     5.751e-01     4.055e-01 
    6.941e-01     3.006e-01     5.751e-01     4.056e-01 
    6.944e-01     3.004e-01     5.752e-01     4.057e-01 
    6.946e-01     3.003e-01     5.753e-01     4.058e-01 
    6.948e-01     3.001e-01     5.754e-01     4.059e-01 
    6.951e-01     2.999e-01     5.754e-01     4.060e-01 
    6.953e-01     2.997e-01     5.755e-01     4.061e-01 
    6.956e-01     2.995e-01     5.756e-01     4.062e-01 
    6.958e-01     2.994e-01     5.756e-01     4.063e-01 
    6.960e-01     2.992e-01     5.757e-01     4.065e-01 
    6.963e-01     2.990e-01     5.758e-01     4.066e-01 
    6.965e-01     2.988e-01     5.759e-01     4.067e-01 
    6.968e-01     2.986e-01     5.759e-01     4.068e-01 
    6.970e-01     2.984e-01     5.760e-01     4.069e-01 
    6.972e-01     2.983e-01     5.761e-01     4.070e-01 
    6.975e-01     2.981e-01     5.761e-01     4.071e-01 
    6.977e-01     2.979e-01     5.762e-01     4.072e-01 
    6.980e-01     2.977e-01     5.763e-01     4.073e-01 
    6.982e-01     2.975e-01     5.764e-01     4.074e-01 
    6.984e-01     2.974e-01     5.764e-01     4.075e-01 
    6.987e-01     2.972e-01     5.765e-01     4.076e-01 
    6.989e-01     2.970e-01     5.766e-01     4.077e-01 
    6.992e-01     2.968e-01     5.766e-01     4.078e-01 
    6.994e-01     2.966e-01     5.767e-01     4.079e-01 
    6.996e-01     2.964e-01     5.768e-01     4.080e-01 
    6.999e-01     2.963e-01     5.769e-01     4.081e-01 
    7.001e-01     2.961e-01     5.769e-01     4.082e-01 
