0
0
0.00035362
0.00070257
0.0010512
0.0014112
0.0018204
0.002212
0.002683
0.0031206
0.0036129
0.0041168
0.0046373
0.0052428
0.0058074
0.0064393
0.0070696
0.0077289
0.0084697
0.0091727
0.00995
0.010724
0.011529
0.012431
0.013284
0.014216
0.015152
0.016115
0.017185
0.018203
0.019302
0.020424
0.02156
0.022809
0.024014
0.025296
0.026607
0.027936
0.029382
0.030809
0.032295
0.033824
0.035379
0.037047
0.03872
0.040445
0.042236
0.044074
0.046003
0.047963
0.049982
0.052104
0.054303
0.056559
0.058877
0.061291
0.063814
0.06642
0.069106
0.071892
0.074868
0.077908
0.081053
0.084358
0.087796
0.091411
0.095159
0.099058
0.10317
0.10749
0.11204
0.11676
0.12154
0.12623
0.13105
0.13578
0.14058
0.14548
0.15025
0.15512
0.16002
0.16486
0.16981
0.17466
0.17957
0.18459
0.18947
0.19446
0.19946
0.20441
0.20946
0.21442
0.21945
0.22456
0.22957
0.23467
0.23981
0.2449
0.25007
0.25521
0.26039
0.26564
0.27084
0.27611
0.28145
0.28677
0.29216
0.29758
0.30303
0.30852
0.31403
0.31955
0.32509
0.33065
0.33625
0.34184
0.34741
0.35304
0.35862
0.36419
0.36962
0.37464
0.37951
0.3841
0.38837
0.39243
0.3964
0.40009
0.40358
0.40693
0.41019
0.4133
0.4162
0.41896
0.42164
0.42426
0.42682
0.42918
0.43138
0.4335
0.43556
0.4376
0.43959
0.4415
0.44325
0.44491
0.44649
0.44803
0.44956
0.45105
0.45257
0.45394
0.4552
0.45637
0.45751
0.4586
0.45968
0.46073
0.46178
0.46282
0.46381
0.46469
0.4655
0.46625
0.46697
0.46766
0.46832
0.46898
0.46962
0.47025
0.47086
0.47148
0.47208
0.47258
0.47302
0.47344
0.47379
0.47412
0.47444
0.47472
0.47498
0.47523
0.47547
0.47569
0.4759
0.47611
0.47631
0.47651
0.47671
0.47691
0.4771
0.4773
0.47749
0.47768
0.47787
0.47806
0.47824
0.47843
0.47862
0.4788
0.47898
0.47917
0.47935
0.47953
0.47971
0.47989
0.48007
0.48025
0.48042
0.4806
0.48078
0.48096
0.48113
0.48131
0.48148
0.48166
0.48183
0.48201
0.48218
0.48235
0.48253
0.4827
0.48287
0.48304
0.48321
0.48339
0.48356
0.48373
0.4839
0.48407
0.48424
0.48441
0.48458
0.48475
0.48492
0.48509
0.48526
0.48543
0.48559
0.48576
0.48593
0.4861
0.48627
0.48644
0.4866
0.48677
0.48694
0.48711
0.48727
0.48744
0.48761
0.48777
0.48794
0.48811
0.48827
0.48844
0.48861
0.48877
0.48894
0.4891
0.48927
0.48943
0.4896
0.48977
0.48993
0.4901
0.49026
0.49043
0.49059
0.49076
0.49092
0.49109
0.49125
0.49142
0.49158
0.49175
0.49191
0.49207
0.49224
0.4924
0.49257
0.49273
0.4929
0.49306
0.49322
0.49339
0.49355
0.49372
0.49388
0.49404
0.49421
0.49437
0.49453
0.4947
0.49486
0.49503
0.49519
0.49535
0.49552
0.49568
0.49584
0.49601
0.49617
0.49633
0.4965
0.49666
0.49682
0.49699
0.49715
0.49731
0.49748
0.49764
0.4978
0.49797
0.49813
0.49829
0.49846
0.49862
0.49878
0.49894
0.49911
0.49927
0.49943
0.4996
0.49976
0.49992
0.50009
0.50025
0.50041
0.50057
0.50074
0.5009
0.50106
0.50123
0.50139
0.50155
0.50172
0.50188
0.50204
0.5022
0.50237
0.50253
0.50269
0.50286
0.50302
0.50318
0.50335
0.50351
0.50367
0.50383
0.504
0.50416
0.50432
0.50449
0.50465
0.50481
0.50498
0.50514
0.5053
0.50547
0.50563
0.50579
0.50596
0.50612
0.50628
0.50645
0.50661
0.50677
0.50694
0.5071
0.50726
0.50743
0.50759
0.50775
0.50792
0.50808
0.50824
0.50841
0.50857
0.50873
0.5089
0.50906
0.50922
0.50939
0.50955
0.50972
0.50988
0.51004
0.51021
0.51037
0.51053
0.5107
0.51086
0.51103
0.51119
0.51135
0.51152
0.51168
0.51185
0.51201
0.51217
0.51234
0.5125
0.51267
0.51283
0.51299
0.51316
0.51332
0.51349
0.51365
0.51382
0.51398
0.51414
0.51431
0.51447
0.51464
0.5148
0.51497
0.51513
0.5153
0.51546
0.51563
0.51579
0.51596
0.51612
0.51629
0.51645
0.51662
0.51678
0.51695
0.51711
0.51728
0.51744
0.51761
0.51777
0.51794
0.5181
0.51827
0.51843
0.5186
0.51876
0.51893
0.5191
0.51926
0.51943
0.51959
0.51976
0.51992
0.52009
0.52026
0.52042
0.52059
0.52075
0.52092
0.52109
0.52125
0.52142
0.52158
0.52175
0.52192
0.52208
0.52225
0.52242
0.52258
0.52275
0.52292
0.52308
0.52325
0.52342
0.52358
0.52375
0.52392
0.52408
0.52425
0.52442
0.52458
0.52475
0.52492
0.52508
0.52525
0.52542
0.52559
0.52575
0.52592
0.52609
0.52626
0.52642
0.52659
0.52676
0.52693
0.52709
0.52726
0.52743
0.5276
0.52777
0.52793
0.5281
0.52827
0.52844
0.52861
0.52877
0.52894
0.52911
0.52928
0.52945
0.52962
0.52978
0.52995
0.53012
0.53029
0.53046
0.53063
0.5308
0.53097
0.53113
0.5313
0.53147
0.53164
0.53181
0.53198
0.53215
0.53232
0.53249
0.53266
0.53283
0.533
0.53317
0.53334
0.53351
0.53368
0.53385
0.53402
0.53419
0.53436
0.53453
0.5347
0.53487
0.53504
0.53521
0.53538
0.53555
0.53572
0.53589
0.53606
0.53623
0.5364
0.53657
0.53674
0.53691
0.53708
0.53725
0.53742
0.5376
0.53777
0.53794
0.53811
0.53828
0.53845
0.53862
0.53879
0.53897
0.53914
0.53931
0.53948
0.53965
0.53982
0.54
0.54017
0.54034
0.54051
0.54068
0.54086
0.54103
0.5412
0.54137
0.54155
0.54172
0.54189
0.54206
0.54224
0.54241
0.54258
0.54275
0.54293
0.5431
0.54327
0.54345
0.54362
0.54379
0.54397
0.54414
0.54431
0.54449
0.54466
0.54483
0.54501
0.54518
0.54535
0.54553
0.5457
0.54588
0.54605
0.54622
0.5464
0.54657
0.54675
0.54692
0.5471
0.54727
0.54744
0.54762
0.54779
0.54797
0.54814
0.54832
0.54849
0.54867
0.54884
0.54902
0.54919
0.54937
0.54954
0.54972
0.54989
0.55007
0.55025
0.55042
0.5506
0.55077
0.55095
0.55112
0.5513
0.55148
0.55165
0.55183
0.552
0.55218
0.55236
0.55253
0.55271
0.55289
0.55306
0.55324
0.55342
0.55359
0.55377
0.55395
0.55412
0.5543
0.55448
0.55466
0.55483
0.55501
0.55519
0.55537
0.55554
0.55572
0.5559
0.55608
0.55625
0.55643
0.55661
0.55679
0.55697
0.55714
0.55732
0.5575
0.55768
0.55786
0.55804
0.55821
0.55839
0.55857
0.55875
0.55893
0.55911
0.55929
0.55947
0.55965
0.55983
0.56
0.56018
0.56036
0.56054
0.56072
0.5609
0.56108
0.56126
0.56144
0.56162
0.5618
0.56198
0.56216
0.56234
0.56252
0.5627
0.56288
0.56306
0.56324
0.56342
0.56361
0.56379
0.56397
0.56415
0.56433
0.56451
0.56469
0.56487
0.56505
0.56523
0.56542
0.5656
0.56578
0.56596
0.56614
0.56632
0.56651
0.56669
0.56687
0.56705
0.56723
0.56742
0.5676
0.56778
0.56796
0.56815
0.56833
0.56851
0.56869
0.56888
0.56906
0.56924
0.56943
0.56961
0.56979
0.56998
0.57016
0.57034
0.57053
0.57071
0.57089
0.57108
0.57126
0.57144
0.57163
0.57181
0.572
0.57218
0.57236
0.57255
0.57273
0.57292
0.5731
0.57329
0.57347
0.57366
0.57384
0.57403
0.57421
0.5744
0.57458
0.57477
0.57495
0.57514
0.57532
0.57551
0.57569
0.57588
0.57607
0.57625
0.57644
0.57662
0.57681
0.577
0.57718
0.57737
0.57755
0.57774
0.57793
0.57811
0.5783
0.57849
0.57867
0.57886
0.57905
0.57923
0.57942
0.57961
0.5798
0.57998
0.58017
0.58036
0.58055
0.58073
0.58092
0.58111
0.5813
0.58149
0.58167
0.58186
0.58205
0.58224
0.58243
0.58262
0.5828
0.58299
0.58318
0.58337
0.58356
0.58375
0.58394
0.58413
0.58431
0.5845
0.58469
0.58488
0.58507
0.58526
0.58545
0.58564
0.58583
0.58602
0.58621
0.5864
0.58659
0.58678
0.58697
0.58716
0.58735
0.58754
0.58773
0.58792
0.58812
0.58831
0.5885
0.58869
0.58888
0.58907
0.58926
0.58945
0.58964
0.58984
0.59003
0.59022
0.59041
0.5906
0.59079
0.59099
0.59118
0.59137
0.59156
0.59176
0.59195
0.59214
0.59233
0.59253
0.59272
0.59291
0.5931
0.5933
0.59349
0.59368
0.59388
0.59407
0.59426
0.59446
0.59465
0.59484
0.59504
0.59523
0.59543
0.59562
0.59581
0.59601
0.5962
0.5964
0.59659
0.59678
0.59698
0.59717
0.59737
0.59756
0.59776
0.59795
0.59815
0.59834
0.59854
0.59873
0.59893
0.59912
0.59932
0.59952
0.59971
0.59991
0.6001
0.6003
0.6005
0.60069
0.60089
0.60108
0.60128
0.60148
0.60167
0.60187
0.60207
0.60226
0.60246
0.60266
0.60285
0.60305
0.60325
0.60345
0.60364
0.60384
0.60404
0.60424
0.60443
0.60463
0.60483
0.60503
0.60523
0.60542
0.60562
0.60582
0.60602
0.60622
0.60642
0.60662
0.60681
0.60701
0.60721
0.60741
0.60761
0.60781
0.60801
0.60821
0.60841
0.60861
0.60881
0.60901
0.60921
0.60941
0.60961
0.60981
0.61001
0.61021
0.61041
0.61061
0.61081
0.61101
0.61121
0.61141
0.61161
0.61181
0.61201
0.61222
0.61242
0.61262
0.61282
0.61302
0.61322
0.61342
0.61363
0.61383
0.61403
0.61423
0.61443
0.61464
0.61484
0.61504
0.61524
0.61545
0.61565
0.61585
0.61605
0.61626
0.61646
0.61666
0.61687
0.61707
0.61727
0.61748
0.61768
0.61788
0.61809
0.61829
0.6185
0.6187
0.6189
0.61911
0.61931
0.61952
0.61972
0.61993
0.62013
0.62033
0.62054
0.62074
0.62095
0.62115
0.62136
0.62157
0.62177
0.62198
0.62218
0.62239
0.62259
0.6228
0.623
0.62321
0.62342
0.62362
0.62383
0.62404
0.62424
0.62445
0.62466
0.62486
0.62507
0.62528
0.62548
0.62569
0.6259
0.6261
0.62631
0.62652
0.62673
0.62693
0.62714
0.62735
0.62756
0.62777
0.62797
0.62818
0.62839
0.6286
0.62881
0.62902
0.62922
0.62943
0.62964
0.62985
0.63006
0.63027
0.63048
0.63069
0.6309
0.63111
0.63132
0.63153
0.63174
0.63195
0.63216
0.63237
0.63258
0.63279
0.633
0.63321
0.63342
0.63363
0.63384
0.63405
0.63426
0.63447
0.63468
0.63489
0.63511
0.63532
0.63553
0.63574
0.63595
0.63616
0.63638
0.63659
0.6368
0.63701
0.63722
0.63744
0.63765
0.63786
0.63807
0.63829
0.6385
0.63871
0.63893
0.63914
0.63935
0.63956
0.63978
0.63999
0.64021
0.64042
0.64063
0.64085
0.64106
0.64127
0.64149
0.6417
0.64192
0.64213
0.64235
0.64256
0.64278
0.64299
0.64321
0.64342
0.64364
0.64385
0.64407
0.64428
0.6445
0.64471
0.64493
0.64514
0.64536
0.64558
0.64579
0.64601
0.64622
0.64644
0.64666
0.64687
0.64709
0.64731
0.64752
0.64774
0.64796
0.64818
0.64839
0.64861
0.64883
0.64905
0.64926
0.64948
0.6497
0.64992
0.65013
0.65035
0.65057
0.65079
0.65101
0.65123
0.65144
0.65166
0.65188
0.6521
0.65232
0.65254
0.65276
0.65298
0.6532
0.65342
0.65364
0.65386
0.65408
0.6543
0.65452
0.65474
0.65496
0.65518
0.6554
0.65562
0.65584
0.65606
0.65628
0.6565
0.65672
0.65694
0.65716
0.65739
0.65761
0.65783
0.65805
0.65827
0.65849
0.65872
0.65894
0.65916
0.65938
0.6596
0.65983
0.66005
0.66027
0.6605
0.66072
0.66094
0.66116
0.66139
0.66161
0.66183
0.66206
0.66228
0.6625
0.66273
0.66295
0.66318
0.6634
0.66362
0.66385
0.66407
0.6643
0.66452
0.66475
0.66497
0.6652
0.66542
0.66565
0.66587
0.6661
0.66632
0.66655
0.66677
0.667
0.66722
0.66745
0.66768
0.6679
0.66813
0.66835
0.66858
0.66881
0.66903
0.66926
0.66949
0.66971
0.66994
0.67017
0.6704
0.67062
0.67085
0.67108
0.67131
0.67153
0.67176
0.67199
0.67222
0.67245
0.67267
0.6729
0.67313
0.67336
0.67359
0.67382
0.67405
0.67428
0.6745
0.67473
0.67496
0.67519
0.67542
0.67565
0.67588
0.67611
0.67634
0.67657
0.6768
0.67703
0.67726
0.67749
0.67772
0.67795
0.67818
0.67841
0.67865
0.67888
0.67911
0.67934
0.67957
0.6798
0.68003
0.68027
0.6805
0.68073
0.68096
0.68119
0.68143
0.68166
0.68189
0.68212
0.68236
0.68259
0.68282
0.68305
0.68329
0.68352
0.68375
0.68399
0.68422
0.68445
0.68469
0.68492
0.68516
0.68539
0.68562
0.68586
0.68609
0.68633
0.68656
0.6868
0.68703
0.68727
0.6875
0.68774
0.68797
0.68821
0.68844
0.68868
0.68891
0.68915
0.68939
0.68962
0.68986
0.69009
0.69033
0.69057
0.6908
0.69104
0.69128
0.69151
0.69175
0.69199
0.69223
0.69246
0.6927
0.69294
0.69317
0.69341
0.69365
0.69389
0.69413
0.69436
0.6946
0.69484
0.69508
0.69532
0.69556
0.6958
0.69603
0.69627
0.69651
0.69675
0.69699
0.69723
0.69747
0.69771
0.69795
0.69819
0.69843
0.69867
0.69891
0.69915
0.69939
0.69963
0.69987
0.70011
