0
0
0.010724
0.020424
0.030809
0.040445
0.052104
0.061291
0.071892
0.081053
0.091411
0.10317
0.11204
0.12154
0.13105
0.14058
0.15025
0.16002
0.17466
0.18459
0.19446
0.20441
0.21442
0.22456
0.23467
0.2449
0.25007
0.26039
0.27084
0.28145
0.29216
0.30303
0.31403
0.32509
0.33065
0.34184
0.35304
0.36419
0.37464
0.3841
0.39243
0.40009
0.41019
0.42164
0.43138
0.4415
0.45105
0.46073
0.47025
0.48007
0.4901
0.50009
0.51004
0.52009
0.53012
0.54017
0.55007
0.56
0.57016
0.58017
0.59003
0.6001
0.61001
0.62013
0.63006
0.64021
0.65013
0.66005
0.67017
0.68003
0.69009
0.70011
