0
0
3.6521e-05
7.0908e-05
0.00010533
0.00014055
0.00017733
0.00021648
0.00025862
0.00030406
0.00035046
0.00039499
0.00043822
0.0004807
0.00052295
0.00056557
0.00060916
0.00065443
0.00070216
0.00075326
0.00080862
0.00086885
0.00092857
0.00098588
0.0010416
0.0010963
0.0011507
0.0012055
0.0012615
0.0013196
0.0013809
0.0014461
0.0015163
0.001592
0.0016655
0.0017366
0.0018057
0.0018736
0.0019411
0.0020092
0.0020788
0.002151
0.0022267
0.0023072
0.0023932
0.0024856
0.0025759
0.0026631
0.0027479
0.0028312
0.0029138
0.0029969
0.0030818
0.0031695
0.0032617
0.0033596
0.0034649
0.0035779
0.0036873
0.0037924
0.0038945
0.0039946
0.0040938
0.0041935
0.004295
0.0043999
0.0045097
0.0046257
0.0047489
0.0048797
0.0050072
0.0051301
0.0052496
0.0053668
0.0054831
0.0055997
0.0057182
0.0058402
0.0059675
0.0061017
0.0062437
0.0063942
0.0065407
0.0066816
0.0068183
0.0069522
0.0070846
0.0072172
0.0073516
0.0074897
0.0076333
0.0077842
0.0079434
0.0081116
0.0082778
0.0084374
0.0085923
0.0087439
0.0088938
0.0090437
0.0091954
0.0093509
0.0095121
0.009681
0.0098587
0.010046
0.010233
0.010414
0.010589
0.01076
0.010928
0.011096
0.011265
0.011438
0.011617
0.011804
0.012
0.012206
0.01241
0.012608
0.012802
0.012991
0.013177
0.013361
0.013547
0.013736
0.013931
0.014134
0.014347
0.01457
0.014788
0.015
0.01521
0.015421
0.015627
0.015831
0.016036
0.016243
0.016456
0.016677
0.016907
0.017149
0.017384
0.017615
0.017843
0.018072
0.018301
0.018526
0.01875
0.018976
0.019206
0.019444
0.019691
0.01995
0.020203
0.02045
0.020695
0.020942
0.021194
0.02144
0.021684
0.021929
0.022177
0.022431
0.022694
0.022969
0.023243
0.023511
0.023776
0.024042
0.024313
0.024586
0.024855
0.025123
0.025392
0.025665
0.025946
0.026238
0.026536
0.026828
0.027116
0.027405
0.027698
0.028
0.028297
0.02859
0.028883
0.029178
0.029479
0.029789
0.030112
0.030429
0.030743
0.031056
0.031373
0.031699
0.032027
0.032349
0.032668
0.032987
0.03331
0.03364
0.033982
0.034324
0.034661
0.034999
0.035341
0.035691
0.036054
0.03641
0.03676
0.037107
0.037455
0.037808
0.03817
0.038543
0.03891
0.039275
0.039642
0.040016
0.040402
0.040799
0.041186
0.041567
0.041946
0.042327
0.042715
0.043114
0.043519
0.043919
0.04432
0.044726
0.045144
0.045577
0.046011
0.046435
0.046852
0.047267
0.047686
0.048112
0.048551
0.048989
0.049424
0.049862
0.050309
0.050769
0.051249
0.051716
0.052174
0.052627
0.053081
0.053539
0.054008
0.054486
0.05496
0.055434
0.055917
0.056413
0.056928
0.057452
0.057969
0.058476
0.058978
0.05948
0.059988
0.060508
0.061034
0.061556
0.062083
0.062621
0.063177
0.063739
0.064301
0.064859
0.065414
0.065965
0.066518
0.06708
0.067655
0.068229
0.068804
0.069388
0.069987
0.070609
0.071227
0.07184
0.072455
0.073072
0.073684
0.074299
0.074921
0.075559
0.076192
0.07683
0.077481
0.078152
0.078839
0.079517
0.080196
0.080885
0.081571
0.082253
0.082937
0.083633
0.084339
0.085046
0.085763
0.086498
0.087253
0.088001
0.088752
0.089514
0.090297
0.091073
0.091842
0.092615
0.093398
0.094194
0.094992
0.095803
0.096637
0.097467
0.098301
0.09915
0.10002
0.10091
0.10178
0.10265
0.10352
0.1044
0.10529
0.10619
0.10711
0.10805
0.10899
0.10994
0.11092
0.11192
0.11292
0.11392
0.11491
0.1159
0.11688
0.11785
0.11882
0.1198
0.12078
0.12177
0.12276
0.12377
0.12478
0.1258
0.12683
0.12785
0.12886
0.12985
0.13083
0.13181
0.1328
0.13379
0.1348
0.1358
0.13682
0.13785
0.13888
0.13991
0.14094
0.14194
0.14294
0.14393
0.14492
0.14592
0.14693
0.14794
0.14895
0.14998
0.15101
0.15205
0.15309
0.15412
0.15513
0.15613
0.15713
0.15813
0.15914
0.16015
0.16117
0.1622
0.16324
0.16428
0.16533
0.16638
0.16741
0.16842
0.16943
0.17044
0.17145
0.17247
0.17349
0.17452
0.17556
0.1766
0.17765
0.17869
0.17975
0.18079
0.1818
0.18282
0.18383
0.18485
0.18588
0.18691
0.18795
0.18899
0.19004
0.19109
0.19215
0.1932
0.19424
0.19526
0.19628
0.19731
0.19834
0.19937
0.20041
0.20146
0.20251
0.20357
0.20463
0.20569
0.20676
0.2078
0.20883
0.20985
0.21089
0.21192
0.21296
0.21401
0.21506
0.21612
0.21718
0.21824
0.21932
0.22038
0.22143
0.22247
0.22351
0.22455
0.22559
0.22664
0.2277
0.22876
0.22982
0.23089
0.23196
0.23304
0.23412
0.23517
0.23622
0.23726
0.23832
0.23937
0.24043
0.2415
0.24257
0.24364
0.24472
0.2458
0.24689
0.24797
0.24903
0.25009
0.25115
0.25221
0.25328
0.25435
0.25542
0.2565
0.25758
0.25866
0.25975
0.26084
0.26194
0.26302
0.26409
0.26516
0.26624
0.26732
0.2684
0.26949
0.27058
0.27166
0.27276
0.27386
0.27496
0.27606
0.27716
0.27825
0.27934
0.28043
0.28152
0.28262
0.28372
0.28482
0.28592
0.28703
0.28814
0.28925
0.29036
0.29147
0.29258
0.2937
0.29481
0.29593
0.29704
0.29816
0.29928
0.3004
0.30152
0.30265
0.30377
0.3049
0.30602
0.30714
0.30827
0.30939
0.31052
0.31165
0.31278
0.31391
0.31504
0.31617
0.31731
0.31844
0.31958
0.32071
0.32185
0.32298
0.32411
0.32524
0.32637
0.32751
0.32863
0.32976
0.33089
0.33202
0.33315
0.3343
0.33544
0.33659
0.33772
0.33885
0.33999
0.34112
0.34225
0.34338
0.3445
0.34563
0.34676
0.34791
0.34906
0.35019
0.35132
0.35247
0.35361
0.35474
0.35586
0.35699
0.35812
0.35924
0.36036
0.36148
0.36258
0.36367
0.36477
0.36583
0.36688
0.36795
0.36901
0.37004
0.37107
0.3721
0.3731
0.37409
0.37505
0.376
0.37694
0.37786
0.37879
0.3797
0.3806
0.3815
0.38242
0.38333
0.38421
0.38509
0.38597
0.38683
0.38768
0.3885
0.38931
0.39012
0.39091
0.39168
0.39246
0.39324
0.394
0.39476
0.39553
0.39631
0.39706
0.39781
0.39857
0.39934
0.40008
0.4008
0.40151
0.40219
0.40286
0.40353
0.40418
0.40484
0.40549
0.40614
0.40678
0.40741
0.40806
0.40871
0.40934
0.40996
0.41058
0.41122
0.41187
0.41252
0.41315
0.41376
0.41436
0.41493
0.41548
0.41603
0.41657
0.4171
0.41763
0.41815
0.41867
0.41919
0.41971
0.42022
0.42072
0.42123
0.42173
0.42225
0.42278
0.4233
0.4238
0.4243
0.42479
0.4253
0.42582
0.42635
0.42685
0.42732
0.42778
0.42822
0.42865
0.42907
0.42949
0.4299
0.43031
0.43072
0.43112
0.43152
0.43192
0.43234
0.43274
0.43314
0.43354
0.43394
0.43434
0.43476
0.43518
0.43561
0.43603
0.43643
0.43683
0.43723
0.43763
0.43803
0.43844
0.43882
0.43918
0.43953
0.43986
0.44019
0.44051
0.44082
0.44113
0.44144
0.44174
0.44204
0.44234
0.44265
0.44295
0.44326
0.44357
0.44387
0.44417
0.44447
0.44477
0.44507
0.44538
0.44569
0.44601
0.44633
0.44665
0.44696
0.44726
0.44755
0.44785
0.44815
0.44846
0.44874
0.44902
0.44928
0.44953
0.44978
0.45002
0.45026
0.45048
0.4507
0.45092
0.45113
0.45134
0.45155
0.45177
0.45198
0.45219
0.4524
0.45261
0.45282
0.45303
0.45324
0.45345
0.45366
0.45387
0.45408
0.4543
0.45452
0.45473
0.45496
0.45517
0.45539
0.4556
0.45581
0.45602
0.45623
0.45645
0.45666
0.45686
0.45705
0.45722
0.45739
0.45756
0.45772
0.45787
0.45803
0.45818
0.45832
0.45847
0.45862
0.45876
0.4589
0.45904
0.45917
0.4593
0.45943
0.45956
0.45969
0.45982
0.45994
0.46007
0.46019
0.46032
0.46044
0.46057
0.46069
0.46081
0.46094
0.46106
0.46118
0.46131
0.46143
0.46155
0.46168
0.4618
0.46192
0.46204
0.46216
0.46229
0.46241
0.46253
0.46265
0.46277
0.46289
0.46301
0.46312
0.46322
0.46332
0.46341
0.4635
0.46359
0.46367
0.46376
0.46384
0.46392
0.46399
0.46407
0.46414
0.46422
0.46429
0.46436
0.46443
0.4645
0.46456
0.46463
0.46469
0.46475
0.46481
0.46486
0.46492
0.46497
0.46503
0.46508
0.46514
0.46519
0.46525
0.4653
0.46536
0.46541
0.46546
0.46552
0.46557
0.46562
0.46567
0.46572
0.46577
0.46582
0.46586
0.46591
0.46596
0.46601
0.46605
0.4661
0.46614
0.46619
0.46624
0.46628
0.46632
0.46637
0.46641
0.46646
0.4665
0.46654
0.46659
0.46663
0.46667
0.46671
0.46676
0.4668
0.46684
0.46688
0.46692
0.46696
0.46701
0.46705
0.46709
0.46713
0.46717
0.46721
0.46725
0.46729
0.46733
0.46737
0.46741
0.46745
0.46749
0.46753
0.46757
0.46761
0.46765
0.46769
0.46773
0.46777
0.46781
0.46784
0.46788
0.46792
0.46796
0.468
0.46804
0.46808
0.46812
0.46816
0.46819
0.46823
0.46827
0.46831
0.46835
0.46839
0.46842
0.46846
0.4685
0.46854
0.46858
0.46861
0.46865
0.46869
0.46873
0.46877
0.4688
0.46884
0.46888
0.46892
0.46896
0.46899
0.46903
0.46907
0.46911
0.46915
0.46918
0.46922
0.46926
0.4693
0.46934
0.46937
0.46941
0.46945
0.46949
0.46953
0.46956
0.4696
0.46964
0.46968
0.46972
0.46975
0.46979
0.46983
0.46987
0.4699
0.46994
0.46998
0.47002
0.47005
0.47009
0.47013
0.47017
0.4702
0.47024
0.47028
0.47031
0.47035
0.47039
0.47043
0.47046
0.4705
0.47054
0.47057
0.47061
0.47065
0.47068
0.47072
0.47076
0.47079
0.47083
0.47087
0.47091
0.47094
0.47098
0.47102
0.47105
0.47109
0.47113
0.47116
0.4712
0.47124
0.47127
0.47131
0.47135
0.47138
0.47142
0.47146
0.4715
0.47153
0.47157
0.4716
0.47164
0.47168
0.47171
0.47175
0.47179
0.47182
0.47186
0.4719
0.47193
0.47197
0.47201
0.47204
0.47208
0.47211
0.47215
0.47219
0.47222
0.47226
0.47229
0.47233
0.47237
0.4724
0.47244
0.47247
0.47251
0.47254
0.47258
0.47261
0.47265
0.47269
0.47272
0.47276
0.47279
0.47283
0.47286
0.4729
0.47293
0.47297
0.473
0.47304
0.47307
0.47311
0.47314
0.47317
0.47321
0.47324
0.47328
0.47331
0.47335
0.47338
0.47342
0.47345
0.47349
0.47352
0.47355
0.47359
0.47362
0.47366
0.47369
0.47373
0.47376
0.4738
0.47383
0.47387
0.4739
0.47393
0.47397
0.474
0.47404
0.47407
0.47411
0.47414
0.47418
0.47421
0.47424
0.47428
0.47431
0.47435
0.47438
0.47442
0.47445
0.47448
0.47452
0.47455
0.47459
0.47462
0.47466
0.47469
0.47473
0.47476
0.47479
0.47483
0.47486
0.4749
0.47493
0.47497
0.475
0.47504
0.47507
0.4751
0.47514
0.47517
0.47521
0.47524
0.47528
0.47531
0.47534
0.47538
0.47541
0.47545
0.47548
0.47552
0.47555
0.47558
0.47562
0.47565
0.47569
0.47572
0.47575
0.47579
0.47582
0.47586
0.47589
0.47593
0.47596
0.47599
0.47603
0.47606
0.47609
0.47613
0.47616
0.4762
0.47623
0.47626
0.4763
0.47633
0.47637
0.4764
0.47643
0.47647
0.4765
0.47653
0.47657
0.4766
0.47663
0.47667
0.4767
0.47673
0.47677
0.4768
0.47684
0.47687
0.4769
0.47694
0.47697
0.477
0.47704
0.47707
0.47711
0.47714
0.47717
0.47721
0.47724
0.47727
0.47731
0.47734
0.47738
0.47741
0.47744
0.47748
0.47751
0.47754
0.47758
0.47761
0.47764
0.47768
0.47771
0.47775
0.47778
0.47781
0.47785
0.47788
0.47791
0.47795
0.47798
0.47802
0.47805
0.47808
0.47812
0.47815
0.47818
0.47822
0.47825
0.47829
0.47832
0.47835
0.47839
0.47842
0.47845
0.47849
0.47852
0.47855
0.47859
0.47862
0.47865
0.47869
0.47872
0.47876
0.47879
0.47882
0.47886
0.47889
0.47892
0.47896
0.47899
0.47902
0.47906
0.47909
0.47912
0.47916
0.47919
0.47922
0.47926
0.47929
0.47933
0.47936
0.47939
0.47943
0.47946
0.47949
0.47953
0.47956
0.47959
0.47963
0.47966
0.47969
0.47973
0.47976
0.47979
0.47983
0.47986
0.47989
0.47993
0.47996
0.47999
0.48003
0.48006
0.48009
0.48013
0.48016
0.48019
0.48023
0.48026
0.48029
0.48033
0.48036
0.48039
0.48043
0.48046
0.48049
0.48053
0.48056
0.48059
0.48063
0.48066
0.48069
0.48073
0.48076
0.48079
0.48083
0.48086
0.48089
0.48093
0.48096
0.48099
0.48103
0.48106
0.48109
0.48113
0.48116
0.48119
0.48122
0.48126
0.48129
0.48132
0.48136
0.48139
0.48142
0.48146
0.48149
0.48152
0.48156
0.48159
0.48162
0.48166
0.48169
0.48172
0.48176
0.48179
0.48182
0.48185
0.48189
0.48192
0.48195
0.48199
0.48202
0.48205
0.48209
0.48212
0.48215
0.48219
0.48222
0.48225
0.48228
0.48232
0.48235
0.48238
0.48242
0.48245
0.48248
0.48252
0.48255
0.48258
0.48262
0.48265
0.48268
0.48271
0.48275
0.48278
0.48281
0.48285
0.48288
0.48291
0.48295
0.48298
0.48301
0.48305
0.48308
0.48311
0.48314
0.48318
0.48321
0.48324
0.48328
0.48331
0.48334
0.48338
0.48341
0.48344
0.48347
0.48351
0.48354
0.48357
0.48361
0.48364
0.48367
0.48371
0.48374
0.48377
0.4838
0.48384
0.48387
0.4839
0.48394
0.48397
0.484
0.48403
0.48407
0.4841
0.48413
0.48417
0.4842
0.48423
0.48426
0.4843
0.48433
0.48436
0.4844
0.48443
0.48446
0.4845
0.48453
0.48456
0.48459
0.48463
0.48466
0.48469
0.48473
0.48476
0.48479
0.48482
0.48486
0.48489
0.48492
0.48496
0.48499
0.48502
0.48505
0.48509
0.48512
0.48515
0.48519
0.48522
0.48525
0.48528
0.48532
0.48535
0.48538
0.48542
0.48545
0.48548
0.48551
0.48555
0.48558
0.48561
0.48565
0.48568
0.48571
0.48574
0.48578
0.48581
0.48584
0.48588
0.48591
0.48594
0.48598
0.48601
0.48604
0.48607
0.48611
0.48614
0.48617
0.48621
0.48624
0.48627
0.4863
0.48634
0.48637
0.4864
0.48644
0.48647
0.4865
0.48653
0.48657
0.4866
0.48663
0.48667
0.4867
0.48673
0.48676
0.4868
0.48683
0.48686
0.48689
0.48693
0.48696
0.48699
0.48703
0.48706
0.48709
0.48712
0.48716
0.48719
0.48722
0.48725
0.48729
0.48732
0.48735
0.48739
0.48742
0.48745
0.48748
0.48752
0.48755
0.48758
0.48761
0.48765
0.48768
0.48771
0.48775
0.48778
0.48781
0.48784
0.48788
0.48791
0.48794
0.48797
0.48801
0.48804
0.48807
0.4881
0.48814
0.48817
0.4882
0.48824
0.48827
0.4883
0.48833
0.48837
0.4884
0.48843
0.48846
0.4885
0.48853
0.48856
0.48859
0.48863
0.48866
0.48869
0.48873
0.48876
0.48879
0.48882
0.48886
0.48889
0.48892
0.48895
0.48899
0.48902
0.48905
0.48908
0.48912
0.48915
0.48918
0.48922
0.48925
0.48928
0.48931
0.48935
0.48938
0.48941
0.48944
0.48948
0.48951
0.48954
0.48957
0.48961
0.48964
0.48967
0.48971
0.48974
0.48977
0.4898
0.48984
0.48987
0.4899
0.48993
0.48997
0.49
0.49003
0.49006
0.4901
0.49013
0.49016
0.4902
0.49023
0.49026
0.49029
0.49033
0.49036
0.49039
0.49042
0.49046
0.49049
0.49052
0.49055
0.49059
0.49062
0.49065
0.49069
0.49072
0.49075
0.49078
0.49082
0.49085
0.49088
0.49091
0.49095
0.49098
0.49101
0.49104
0.49108
0.49111
0.49114
0.49117
0.49121
0.49124
0.49127
0.49131
0.49134
0.49137
0.4914
0.49144
0.49147
0.4915
0.49153
0.49157
0.4916
0.49163
0.49166
0.4917
0.49173
0.49176
0.49179
0.49183
0.49186
0.49189
0.49192
0.49196
0.49199
0.49202
0.49206
0.49209
0.49212
0.49215
0.49219
0.49222
0.49225
0.49228
0.49232
0.49235
0.49238
0.49241
0.49245
0.49248
0.49251
0.49254
0.49258
0.49261
0.49264
0.49267
0.49271
0.49274
0.49277
0.4928
0.49284
0.49287
0.4929
0.49294
0.49297
0.493
0.49303
0.49307
0.4931
0.49313
0.49316
0.4932
0.49323
0.49326
0.49329
0.49333
0.49336
0.49339
0.49342
0.49346
0.49349
0.49352
0.49355
0.49359
0.49362
0.49365
0.49368
0.49372
0.49375
0.49378
0.49382
0.49385
0.49388
0.49391
0.49395
0.49398
0.49401
0.49404
0.49408
0.49411
0.49414
0.49417
0.49421
0.49424
0.49427
0.4943
0.49434
0.49437
0.4944
0.49443
0.49447
0.4945
0.49453
0.49457
0.4946
0.49463
0.49466
0.4947
0.49473
0.49476
0.49479
0.49483
0.49486
0.49489
0.49492
0.49496
0.49499
0.49502
0.49505
0.49509
0.49512
0.49515
0.49518
0.49522
0.49525
0.49528
0.49532
0.49535
0.49538
0.49541
0.49545
0.49548
0.49551
0.49554
0.49558
0.49561
0.49564
0.49567
0.49571
0.49574
0.49577
0.4958
0.49584
0.49587
0.4959
0.49593
0.49597
0.496
0.49603
0.49606
0.4961
0.49613
0.49616
0.4962
0.49623
0.49626
0.49629
0.49633
0.49636
0.49639
0.49642
0.49646
0.49649
0.49652
0.49655
0.49659
0.49662
0.49665
0.49668
0.49672
0.49675
0.49678
0.49681
0.49685
0.49688
0.49691
0.49695
0.49698
0.49701
0.49704
0.49708
0.49711
0.49714
0.49717
0.49721
0.49724
0.49727
0.4973
0.49734
0.49737
0.4974
0.49744
0.49747
0.4975
0.49753
0.49757
0.4976
0.49763
0.49766
0.4977
0.49773
0.49776
0.49779
0.49783
0.49786
0.49789
0.49792
0.49796
0.49799
0.49802
0.49805
0.49809
0.49812
0.49815
0.49819
0.49822
0.49825
0.49828
0.49832
0.49835
0.49838
0.49841
0.49845
0.49848
0.49851
0.49854
0.49858
0.49861
0.49864
0.49867
0.49871
0.49874
0.49877
0.4988
0.49884
0.49887
0.4989
0.49894
0.49897
0.499
0.49903
0.49907
0.4991
0.49913
0.49916
0.4992
0.49923
0.49926
0.49929
0.49933
0.49936
0.49939
0.49942
0.49946
0.49949
0.49952
0.49955
0.49959
0.49962
0.49965
0.49969
0.49972
0.49975
0.49978
0.49982
0.49985
0.49988
0.49991
0.49995
0.49998
0.50001
0.50004
0.50008
0.50011
0.50014
0.50017
0.50021
0.50024
0.50027
0.5003
0.50034
0.50037
0.5004
0.50044
0.50047
0.5005
0.50053
0.50057
0.5006
0.50063
0.50066
0.5007
0.50073
0.50076
0.50079
0.50083
0.50086
0.50089
0.50093
0.50096
0.50099
0.50102
0.50106
0.50109
0.50112
0.50115
0.50119
0.50122
0.50125
0.50128
0.50132
0.50135
0.50138
0.50141
0.50145
0.50148
0.50151
0.50155
0.50158
0.50161
0.50164
0.50168
0.50171
0.50174
0.50177
0.50181
0.50184
0.50187
0.5019
0.50194
0.50197
0.502
0.50204
0.50207
0.5021
0.50213
0.50217
0.5022
0.50223
0.50226
0.5023
0.50233
0.50236
0.50239
0.50243
0.50246
0.50249
0.50253
0.50256
0.50259
0.50262
0.50266
0.50269
0.50272
0.50275
0.50279
0.50282
0.50285
0.50289
0.50292
0.50295
0.50298
0.50302
0.50305
0.50308
0.50311
0.50315
0.50318
0.50321
0.50325
0.50328
0.50331
0.50334
0.50338
0.50341
0.50344
0.50347
0.50351
0.50354
0.50357
0.50361
0.50364
0.50367
0.5037
0.50374
0.50377
0.5038
0.50383
0.50387
0.5039
0.50393
0.50397
0.504
0.50403
0.50406
0.5041
0.50413
0.50416
0.50419
0.50423
0.50426
0.50429
0.50433
0.50436
0.50439
0.50442
0.50446
0.50449
0.50452
0.50455
0.50459
0.50462
0.50465
0.50468
0.50472
0.50475
0.50478
0.50482
0.50485
0.50488
0.50491
0.50495
0.50498
0.50501
0.50504
0.50508
0.50511
0.50514
0.50518
0.50521
0.50524
0.50527
0.50531
0.50534
0.50537
0.5054
0.50544
0.50547
0.5055
0.50554
0.50557
0.5056
0.50563
0.50567
0.5057
0.50573
0.50577
0.5058
0.50583
0.50586
0.5059
0.50593
0.50596
0.506
0.50603
0.50606
0.50609
0.50613
0.50616
0.50619
0.50622
0.50626
0.50629
0.50632
0.50636
0.50639
0.50642
0.50645
0.50649
0.50652
0.50655
0.50659
0.50662
0.50665
0.50668
0.50672
0.50675
0.50678
0.50682
0.50685
0.50688
0.50691
0.50695
0.50698
0.50701
0.50704
0.50708
0.50711
0.50714
0.50718
0.50721
0.50724
0.50727
0.50731
0.50734
0.50737
0.50741
0.50744
0.50747
0.5075
0.50754
0.50757
0.5076
0.50764
0.50767
0.5077
0.50773
0.50777
0.5078
0.50783
0.50787
0.5079
0.50793
0.50796
0.508
0.50803
0.50806
0.5081
0.50813
0.50816
0.50819
0.50823
0.50826
0.50829
0.50833
0.50836
0.50839
0.50843
0.50846
0.50849
0.50852
0.50856
0.50859
0.50862
0.50866
0.50869
0.50872
0.50875
0.50879
0.50882
0.50885
0.50889
0.50892
0.50895
0.50899
0.50902
0.50905
0.50908
0.50912
0.50915
0.50918
0.50922
0.50925
0.50928
0.50931
0.50935
0.50938
0.50941
0.50945
0.50948
0.50951
0.50955
0.50958
0.50961
0.50964
0.50968
0.50971
0.50974
0.50978
0.50981
0.50984
0.50987
0.50991
0.50994
0.50997
0.51001
0.51004
0.51007
0.51011
0.51014
0.51017
0.5102
0.51024
0.51027
0.5103
0.51034
0.51037
0.5104
0.51044
0.51047
0.5105
0.51053
0.51057
0.5106
0.51063
0.51067
0.5107
0.51073
0.51076
0.5108
0.51083
0.51086
0.5109
0.51093
0.51096
0.511
0.51103
0.51106
0.51109
0.51113
0.51116
0.51119
0.51123
0.51126
0.51129
0.51132
0.51136
0.51139
0.51142
0.51146
0.51149
0.51152
0.51155
0.51159
0.51162
0.51165
0.51169
0.51172
0.51175
0.51179
0.51182
0.51185
0.51188
0.51192
0.51195
0.51198
0.51202
0.51205
0.51208
0.51212
0.51215
0.51218
0.51221
0.51225
0.51228
0.51231
0.51235
0.51238
0.51241
0.51245
0.51248
0.51251
0.51254
0.51258
0.51261
0.51264
0.51268
0.51271
0.51274
0.51278
0.51281
0.51284
0.51287
0.51291
0.51294
0.51297
0.51301
0.51304
0.51307
0.51311
0.51314
0.51317
0.5132
0.51324
0.51327
0.5133
0.51334
0.51337
0.5134
0.51344
0.51347
0.5135
0.51354
0.51357
0.5136
0.51364
0.51367
0.5137
0.51373
0.51377
0.5138
0.51383
0.51387
0.5139
0.51393
0.51397
0.514
0.51403
0.51407
0.5141
0.51413
0.51417
0.5142
0.51423
0.51426
0.5143
0.51433
0.51436
0.5144
0.51443
0.51446
0.5145
0.51453
0.51456
0.5146
0.51463
0.51466
0.5147
0.51473
0.51476
0.51479
0.51483
0.51486
0.51489
0.51493
0.51496
0.51499
0.51503
0.51506
0.51509
0.51513
0.51516
0.51519
0.51523
0.51526
0.51529
0.51533
0.51536
0.51539
0.51543
0.51546
0.51549
0.51553
0.51556
0.51559
0.51563
0.51566
0.51569
0.51572
0.51576
0.51579
0.51582
0.51586
0.51589
0.51592
0.51596
0.51599
0.51602
0.51606
0.51609
0.51612
0.51616
0.51619
0.51622
0.51626
0.51629
0.51632
0.51636
0.51639
0.51642
0.51646
0.51649
0.51652
0.51656
0.51659
0.51662
0.51666
0.51669
0.51672
0.51675
0.51679
0.51682
0.51685
0.51689
0.51692
0.51695
0.51699
0.51702
0.51705
0.51709
0.51712
0.51715
0.51719
0.51722
0.51725
0.51729
0.51732
0.51735
0.51739
0.51742
0.51745
0.51749
0.51752
0.51755
0.51759
0.51762
0.51766
0.51769
0.51772
0.51776
0.51779
0.51782
0.51786
0.51789
0.51792
0.51796
0.51799
0.51802
0.51806
0.51809
0.51812
0.51816
0.51819
0.51822
0.51826
0.51829
0.51832
0.51836
0.51839
0.51842
0.51846
0.51849
0.51852
0.51856
0.51859
0.51863
0.51866
0.51869
0.51873
0.51876
0.51879
0.51883
0.51886
0.51889
0.51893
0.51896
0.519
0.51903
0.51906
0.5191
0.51913
0.51916
0.5192
0.51923
0.51927
0.5193
0.51933
0.51937
0.5194
0.51943
0.51947
0.5195
0.51954
0.51957
0.5196
0.51964
0.51967
0.5197
0.51974
0.51977
0.5198
0.51984
0.51987
0.5199
0.51994
0.51997
0.52
0.52004
0.52007
0.52011
0.52014
0.52017
0.52021
0.52024
0.52027
0.52031
0.52034
0.52037
0.52041
0.52044
0.52047
0.52051
0.52054
0.52057
0.52061
0.52064
0.52067
0.52071
0.52074
0.52077
0.52081
0.52084
0.52087
0.52091
0.52094
0.52097
0.52101
0.52104
0.52107
0.52111
0.52114
0.52117
0.52121
0.52124
0.52127
0.52131
0.52134
0.52137
0.52141
0.52144
0.52147
0.52151
0.52154
0.52157
0.52161
0.52164
0.52167
0.52171
0.52174
0.52177
0.52181
0.52184
0.52188
0.52191
0.52194
0.52198
0.52201
0.52204
0.52208
0.52211
0.52214
0.52218
0.52221
0.52224
0.52228
0.52231
0.52234
0.52238
0.52241
0.52244
0.52248
0.52251
0.52255
0.52258
0.52261
0.52265
0.52268
0.52271
0.52275
0.52278
0.52281
0.52285
0.52288
0.52292
0.52295
0.52298
0.52302
0.52305
0.52308
0.52312
0.52315
0.52319
0.52322
0.52325
0.52329
0.52332
0.52335
0.52339
0.52342
0.52346
0.52349
0.52352
0.52356
0.52359
0.52362
0.52366
0.52369
0.52372
0.52376
0.52379
0.52382
0.52386
0.52389
0.52392
0.52396
0.52399
0.52402
0.52406
0.52409
0.52412
0.52416
0.52419
0.52422
0.52426
0.52429
0.52432
0.52436
0.52439
0.52443
0.52446
0.52449
0.52453
0.52456
0.52459
0.52463
0.52466
0.52469
0.52473
0.52476
0.52479
0.52483
0.52486
0.52489
0.52493
0.52496
0.52499
0.52503
0.52506
0.5251
0.52513
0.52516
0.5252
0.52523
0.52526
0.5253
0.52533
0.52536
0.5254
0.52543
0.52546
0.5255
0.52553
0.52557
0.5256
0.52563
0.52567
0.5257
0.52573
0.52577
0.5258
0.52583
0.52587
0.5259
0.52594
0.52597
0.526
0.52604
0.52607
0.5261
0.52614
0.52617
0.5262
0.52624
0.52627
0.52631
0.52634
0.52637
0.52641
0.52644
0.52647
0.52651
0.52654
0.52658
0.52661
0.52664
0.52668
0.52671
0.52674
0.52678
0.52681
0.52685
0.52688
0.52691
0.52695
0.52698
0.52701
0.52705
0.52708
0.52712
0.52715
0.52718
0.52722
0.52725
0.52729
0.52732
0.52735
0.52739
0.52742
0.52746
0.52749
0.52752
0.52756
0.52759
0.52763
0.52766
0.52769
0.52773
0.52776
0.5278
0.52783
0.52786
0.5279
0.52793
0.52797
0.528
0.52803
0.52807
0.5281
0.52814
0.52817
0.52821
0.52824
0.52827
0.52831
0.52834
0.52838
0.52841
0.52844
0.52848
0.52851
0.52854
0.52858
0.52861
0.52865
0.52868
0.52871
0.52875
0.52878
0.52882
0.52885
0.52888
0.52892
0.52895
0.52898
0.52902
0.52905
0.52909
0.52912
0.52915
0.52919
0.52922
0.52926
0.52929
0.52932
0.52936
0.52939
0.52943
0.52946
0.52949
0.52953
0.52956
0.5296
0.52963
0.52966
0.5297
0.52973
0.52977
0.5298
0.52983
0.52987
0.5299
0.52994
0.52997
0.53
0.53004
0.53007
0.53011
0.53014
0.53018
0.53021
0.53024
0.53028
0.53031
0.53035
0.53038
0.53041
0.53045
0.53048
0.53052
0.53055
0.53058
0.53062
0.53065
0.53069
0.53072
0.53075
0.53079
0.53082
0.53086
0.53089
0.53093
0.53096
0.53099
0.53103
0.53106
0.5311
0.53113
0.53116
0.5312
0.53123
0.53127
0.5313
0.53133
0.53137
0.5314
0.53144
0.53147
0.5315
0.53154
0.53157
0.53161
0.53164
0.53167
0.53171
0.53174
0.53178
0.53181
0.53184
0.53188
0.53191
0.53195
0.53198
0.53201
0.53205
0.53208
0.53212
0.53215
0.53219
0.53222
0.53225
0.53229
0.53232
0.53236
0.53239
0.53242
0.53246
0.53249
0.53253
0.53256
0.5326
0.53263
0.53266
0.5327
0.53273
0.53277
0.5328
0.53284
0.53287
0.53291
0.53294
0.53297
0.53301
0.53304
0.53308
0.53311
0.53315
0.53318
0.53322
0.53325
0.53329
0.53332
0.53336
0.53339
0.53343
0.53346
0.5335
0.53353
0.53356
0.5336
0.53363
0.53367
0.5337
0.53374
0.53377
0.53381
0.53384
0.53388
0.53391
0.53395
0.53398
0.53402
0.53405
0.53408
0.53412
0.53415
0.53419
0.53422
0.53426
0.53429
0.53432
0.53436
0.53439
0.53443
0.53446
0.53449
0.53453
0.53456
0.5346
0.53463
0.53466
0.5347
0.53473
0.53477
0.5348
0.53484
0.53487
0.5349
0.53494
0.53497
0.53501
0.53504
0.53507
0.53511
0.53514
0.53518
0.53521
0.53524
0.53528
0.53531
0.53535
0.53538
0.53542
0.53545
0.53548
0.53552
0.53555
0.53559
0.53562
0.53566
0.53569
0.53573
0.53576
0.53579
0.53583
0.53586
0.5359
0.53593
0.53597
0.536
0.53603
0.53607
0.5361
0.53614
0.53617
0.53621
0.53624
0.53628
0.53631
0.53634
0.53638
0.53641
0.53645
0.53648
0.53652
0.53655
0.53658
0.53662
0.53665
0.53669
0.53672
0.53676
0.53679
0.53682
0.53686
0.53689
0.53693
0.53696
0.537
0.53703
0.53706
0.5371
0.53713
0.53717
0.5372
0.53724
0.53727
0.53731
0.53734
0.53737
0.53741
0.53744
0.53748
0.53751
0.53755
0.53758
0.53761
0.53765
0.53768
0.53772
0.53775
0.53779
0.53782
0.53786
0.53789
0.53793
0.53796
0.53799
0.53803
0.53806
0.5381
0.53813
0.53817
0.5382
0.53824
0.53827
0.53831
0.53834
0.53837
0.53841
0.53844
0.53848
0.53851
0.53855
0.53858
0.53862
0.53865
0.53869
0.53872
0.53875
0.53879
0.53882
0.53886
0.53889
0.53893
0.53896
0.539
0.53903
0.53907
0.5391
0.53913
0.53917
0.5392
0.53924
0.53927
0.53931
0.53934
0.53938
0.53941
0.53945
0.53948
0.53951
0.53955
0.53958
0.53962
0.53965
0.53969
0.53972
0.53976
0.53979
0.53983
0.53986
0.5399
0.53993
0.53996
0.54
0.54003
0.54007
0.5401
0.54014
0.54017
0.54021
0.54024
0.54028
0.54031
0.54035
0.54038
0.54041
0.54045
0.54048
0.54052
0.54055
0.54059
0.54062
0.54066
0.54069
0.54073
0.54076
0.5408
0.54083
0.54087
0.5409
0.54094
0.54097
0.541
0.54104
0.54107
0.54111
0.54114
0.54118
0.54121
0.54125
0.54128
0.54132
0.54135
0.54139
0.54142
0.54146
0.54149
0.54153
0.54156
0.5416
0.54163
0.54167
0.5417
0.54174
0.54177
0.54181
0.54184
0.54188
0.54191
0.54195
0.54198
0.54202
0.54205
0.54209
0.54212
0.54216
0.54219
0.54223
0.54226
0.5423
0.54233
0.54237
0.5424
0.54244
0.54247
0.54251
0.54254
0.54258
0.54261
0.54265
0.54268
0.54272
0.54275
0.54279
0.54282
0.54286
0.54289
0.54293
0.54296
0.543
0.54303
0.54307
0.5431
0.54314
0.54317
0.54321
0.54324
0.54328
0.54331
0.54335
0.54338
0.54342
0.54345
0.54348
0.54352
0.54355
0.54359
0.54362
0.54366
0.54369
0.54373
0.54376
0.5438
0.54384
0.54387
0.54391
0.54394
0.54398
0.54401
0.54405
0.54408
0.54412
0.54415
0.54419
0.54422
0.54426
0.54429
0.54433
0.54436
0.5444
0.54443
0.54447
0.5445
0.54454
0.54457
0.54461
0.54464
0.54468
0.54471
0.54475
0.54479
0.54482
0.54486
0.54489
0.54493
0.54496
0.545
0.54503
0.54507
0.5451
0.54514
0.54517
0.54521
0.54525
0.54528
0.54532
0.54535
0.54539
0.54542
0.54546
0.54549
0.54553
0.54556
0.5456
0.54563
0.54567
0.5457
0.54574
0.54577
0.54581
0.54584
0.54588
0.54591
0.54595
0.54598
0.54602
0.54605
0.54609
0.54612
0.54616
0.5462
0.54623
0.54627
0.5463
0.54634
0.54637
0.54641
0.54644
0.54648
0.54651
0.54655
0.54658
0.54662
0.54665
0.54669
0.54672
0.54676
0.5468
0.54683
0.54687
0.5469
0.54694
0.54697
0.54701
0.54704
0.54708
0.54711
0.54715
0.54718
0.54722
0.54725
0.54729
0.54733
0.54736
0.5474
0.54743
0.54747
0.5475
0.54754
0.54757
0.54761
0.54764
0.54768
0.54771
0.54775
0.54778
0.54782
0.54785
0.54789
0.54792
0.54796
0.54799
0.54803
0.54806
0.5481
0.54813
0.54817
0.5482
0.54824
0.54827
0.54831
0.54835
0.54838
0.54842
0.54845
0.54849
0.54852
0.54856
0.54859
0.54863
0.54866
0.5487
0.54873
0.54877
0.5488
0.54884
0.54887
0.54891
0.54895
0.54898
0.54902
0.54905
0.54909
0.54912
0.54916
0.54919
0.54923
0.54926
0.5493
0.54933
0.54937
0.5494
0.54944
0.54947
0.54951
0.54955
0.54958
0.54962
0.54965
0.54969
0.54972
0.54976
0.54979
0.54983
0.54986
0.5499
0.54994
0.54997
0.55001
0.55004
0.55008
0.55011
0.55015
0.55018
0.55022
0.55026
0.55029
0.55033
0.55036
0.5504
0.55043
0.55047
0.55051
0.55054
0.55058
0.55061
0.55065
0.55068
0.55072
0.55075
0.55079
0.55082
0.55086
0.5509
0.55093
0.55097
0.551
0.55104
0.55107
0.55111
0.55114
0.55118
0.55122
0.55125
0.55129
0.55132
0.55136
0.55139
0.55143
0.55147
0.5515
0.55154
0.55157
0.55161
0.55164
0.55168
0.55172
0.55175
0.55179
0.55182
0.55186
0.55189
0.55193
0.55196
0.552
0.55204
0.55207
0.55211
0.55214
0.55218
0.55221
0.55225
0.55228
0.55232
0.55236
0.55239
0.55243
0.55246
0.5525
0.55253
0.55257
0.5526
0.55264
0.55267
0.55271
0.55274
0.55278
0.55282
0.55285
0.55289
0.55292
0.55296
0.55299
0.55303
0.55306
0.5531
0.55314
0.55317
0.55321
0.55324
0.55328
0.55331
0.55335
0.55338
0.55342
0.55346
0.55349
0.55353
0.55356
0.5536
0.55363
0.55367
0.5537
0.55374
0.55378
0.55381
0.55385
0.55388
0.55392
0.55395
0.55399
0.55402
0.55406
0.5541
0.55413
0.55417
0.5542
0.55424
0.55427
0.55431
0.55435
0.55438
0.55442
0.55445
0.55449
0.55452
0.55456
0.5546
0.55463
0.55467
0.5547
0.55474
0.55477
0.55481
0.55485
0.55488
0.55492
0.55495
0.55499
0.55502
0.55506
0.5551
0.55513
0.55517
0.5552
0.55524
0.55527
0.55531
0.55535
0.55538
0.55542
0.55545
0.55549
0.55553
0.55556
0.5556
0.55563
0.55567
0.55571
0.55574
0.55578
0.55581
0.55585
0.55589
0.55592
0.55596
0.556
0.55603
0.55607
0.5561
0.55614
0.55618
0.55621
0.55625
0.55629
0.55632
0.55636
0.55639
0.55643
0.55647
0.5565
0.55654
0.55658
0.55661
0.55665
0.55668
0.55672
0.55676
0.55679
0.55683
0.55687
0.5569
0.55694
0.55697
0.55701
0.55705
0.55708
0.55712
0.55715
0.55719
0.55723
0.55726
0.5573
0.55733
0.55737
0.55741
0.55744
0.55748
0.55751
0.55755
0.55759
0.55762
0.55766
0.55769
0.55773
0.55777
0.5578
0.55784
0.55788
0.55791
0.55795
0.55798
0.55802
0.55805
0.55809
0.55813
0.55816
0.5582
0.55823
0.55827
0.55831
0.55834
0.55838
0.55841
0.55845
0.55848
0.55852
0.55856
0.55859
0.55863
0.55866
0.5587
0.55873
0.55877
0.55881
0.55884
0.55888
0.55891
0.55895
0.55898
0.55902
0.55906
0.55909
0.55913
0.55916
0.5592
0.55924
0.55927
0.55931
0.55934
0.55938
0.55942
0.55945
0.55949
0.55952
0.55956
0.5596
0.55963
0.55967
0.5597
0.55974
0.55978
0.55981
0.55985
0.55988
0.55992
0.55995
0.55999
0.56003
0.56006
0.5601
0.56013
0.56017
0.56021
0.56024
0.56028
0.56031
0.56035
0.56039
0.56042
0.56046
0.56049
0.56053
0.56057
0.5606
0.56064
0.56067
0.56071
0.56074
0.56078
0.56082
0.56085
0.56089
0.56092
0.56096
0.561
0.56103
0.56107
0.5611
0.56114
0.56118
0.56121
0.56125
0.56129
0.56132
0.56136
0.56139
0.56143
0.56147
0.5615
0.56154
0.56157
0.56161
0.56165
0.56168
0.56172
0.56176
0.56179
0.56183
0.56187
0.5619
0.56194
0.56198
0.56201
0.56205
0.56209
0.56212
0.56216
0.5622
0.56223
0.56227
0.5623
0.56234
0.56238
0.56241
0.56245
0.56249
0.56252
0.56256
0.56259
0.56263
0.56267
0.5627
0.56274
0.56277
0.56281
0.56285
0.56288
0.56292
0.56295
0.56299
0.56303
0.56306
0.5631
0.56314
0.56317
0.56321
0.56324
0.56328
0.56332
0.56335
0.56339
0.56342
0.56346
0.5635
0.56353
0.56357
0.5636
0.56364
0.56368
0.56371
0.56375
0.56379
0.56382
0.56386
0.56389
0.56393
0.56397
0.564
0.56404
0.56408
0.56411
0.56415
0.56418
0.56422
0.56426
0.56429
0.56433
0.56437
0.5644
0.56444
0.56448
0.56451
0.56455
0.56459
0.56462
0.56466
0.5647
0.56473
0.56477
0.56481
0.56484
0.56488
0.56491
0.56495
0.56499
0.56503
0.56506
0.5651
0.56514
0.56517
0.56521
0.56525
0.56528
0.56532
0.56536
0.56539
0.56543
0.56547
0.5655
0.56554
0.56558
0.56561
0.56565
0.56568
0.56572
0.56576
0.56579
0.56583
0.56587
0.5659
0.56594
0.56598
0.56601
0.56605
0.56609
0.56612
0.56616
0.5662
0.56623
0.56627
0.56631
0.56634
0.56638
0.56642
0.56645
0.56649
0.56653
0.56656
0.5666
0.56664
0.56667
0.56671
0.56675
0.56678
0.56682
0.56686
0.56689
0.56693
0.56697
0.567
0.56704
0.56708
0.56711
0.56715
0.56719
0.56722
0.56726
0.5673
0.56733
0.56737
0.56741
0.56744
0.56748
0.56752
0.56755
0.56759
0.56763
0.56766
0.5677
0.56774
0.56778
0.56781
0.56785
0.56789
0.56792
0.56796
0.568
0.56803
0.56807
0.56811
0.56814
0.56818
0.56822
0.56826
0.56829
0.56833
0.56837
0.5684
0.56844
0.56848
0.56852
0.56855
0.56859
0.56863
0.56867
0.5687
0.56874
0.56878
0.56882
0.56885
0.56889
0.56893
0.56897
0.569
0.56904
0.56908
0.56912
0.56915
0.56919
0.56923
0.56927
0.5693
0.56934
0.56938
0.56941
0.56945
0.56949
0.56952
0.56956
0.5696
0.56963
0.56967
0.56971
0.56974
0.56978
0.56982
0.56985
0.56989
0.56993
0.56996
0.57
0.57003
0.57007
0.57011
0.57014
0.57018
0.57022
0.57025
0.57029
0.57033
0.57036
0.5704
0.57043
0.57047
0.57051
0.57054
0.57058
0.57062
0.57065
0.57069
0.57073
0.57076
0.5708
0.57084
0.57087
0.57091
0.57094
0.57098
0.57102
0.57105
0.57109
0.57113
0.57116
0.5712
0.57124
0.57127
0.57131
0.57135
0.57138
0.57142
0.57146
0.57149
0.57153
0.57157
0.5716
0.57164
0.57168
0.57171
0.57175
0.57179
0.57182
0.57186
0.5719
0.57193
0.57197
0.57201
0.57204
0.57208
0.57212
0.57216
0.57219
0.57223
0.57227
0.5723
0.57234
0.57238
0.57241
0.57245
0.57249
0.57252
0.57256
0.5726
0.57264
0.57267
0.57271
0.57275
0.57278
0.57282
0.57286
0.5729
0.57293
0.57297
0.57301
0.57304
0.57308
0.57312
0.57316
0.57319
0.57323
0.57327
0.57331
0.57335
0.57338
0.57342
0.57346
0.5735
0.57353
0.57357
0.57361
0.57364
0.57368
0.57372
0.57376
0.57379
0.57383
0.57387
0.57391
0.57394
0.57398
0.57402
0.57405
0.57409
0.57413
0.57417
0.5742
0.57424
0.57428
0.57431
0.57435
0.57439
0.57443
0.57446
0.5745
0.57454
0.57458
0.57461
0.57465
0.57469
0.57472
0.57476
0.5748
0.57484
0.57487
0.57491
0.57495
0.57498
0.57502
0.57506
0.57509
0.57513
0.57517
0.57521
0.57524
0.57528
0.57532
0.57536
0.57539
0.57543
0.57547
0.5755
0.57554
0.57558
0.57562
0.57565
0.57569
0.57573
0.57577
0.5758
0.57584
0.57588
0.57592
0.57596
0.57599
0.57603
0.57607
0.5761
0.57614
0.57618
0.57622
0.57625
0.57629
0.57633
0.57637
0.5764
0.57644
0.57648
0.57652
0.57655
0.57659
0.57663
0.57667
0.5767
0.57674
0.57678
0.57682
0.57685
0.57689
0.57693
0.57696
0.577
0.57704
0.57708
0.57711
0.57715
0.57719
0.57723
0.57726
0.5773
0.57734
0.57738
0.57741
0.57745
0.57749
0.57752
0.57756
0.5776
0.57764
0.57767
0.57771
0.57775
0.57778
0.57782
0.57786
0.5779
0.57793
0.57797
0.57801
0.57804
0.57808
0.57812
0.57815
0.57819
0.57823
0.57827
0.5783
0.57834
0.57838
0.57841
0.57845
0.57849
0.57852
0.57856
0.5786
0.57864
0.57867
0.57871
0.57875
0.57878
0.57882
0.57886
0.5789
0.57893
0.57897
0.57901
0.57904
0.57908
0.57912
0.57916
0.57919
0.57923
0.57927
0.57931
0.57934
0.57938
0.57942
0.57945
0.57949
0.57953
0.57957
0.5796
0.57964
0.57968
0.57972
0.57975
0.57979
0.57983
0.57987
0.57991
0.57994
0.57998
0.58002
0.58006
0.58009
0.58013
0.58017
0.58021
0.58024
0.58028
0.58032
0.58036
0.5804
0.58043
0.58047
0.58051
0.58055
0.58059
0.58063
0.58066
0.5807
0.58074
0.58078
0.58082
0.58086
0.58089
0.58093
0.58097
0.58101
0.58105
0.58108
0.58112
0.58116
0.5812
0.58123
0.58127
0.58131
0.58135
0.58139
0.58142
0.58146
0.5815
0.58154
0.58158
0.58161
0.58165
0.58169
0.58173
0.58176
0.5818
0.58184
0.58188
0.58192
0.58195
0.58199
0.58203
0.58207
0.5821
0.58214
0.58218
0.58222
0.58226
0.58229
0.58233
0.58237
0.58241
0.58245
0.58248
0.58252
0.58256
0.5826
0.58264
0.58267
0.58271
0.58275
0.58279
0.58283
0.58286
0.5829
0.58294
0.58298
0.58302
0.58306
0.5831
0.58313
0.58317
0.58321
0.58325
0.58329
0.58333
0.58337
0.5834
0.58344
0.58348
0.58352
0.58356
0.5836
0.58363
0.58367
0.58371
0.58375
0.58379
0.58382
0.58386
0.5839
0.58394
0.58398
0.58402
0.58405
0.58409
0.58413
0.58417
0.58421
0.58424
0.58428
0.58432
0.58436
0.5844
0.58443
0.58447
0.58451
0.58455
0.58459
0.58462
0.58466
0.5847
0.58474
0.58477
0.58481
0.58485
0.58489
0.58493
0.58496
0.585
0.58504
0.58508
0.58512
0.58515
0.58519
0.58523
0.58527
0.58531
0.58534
0.58538
0.58542
0.58546
0.5855
0.58553
0.58557
0.58561
0.58565
0.58569
0.58572
0.58576
0.5858
0.58584
0.58588
0.58592
0.58595
0.58599
0.58603
0.58607
0.58611
0.58615
0.58618
0.58622
0.58626
0.5863
0.58634
0.58638
0.58642
0.58645
0.58649
0.58653
0.58657
0.58661
0.58664
0.58668
0.58672
0.58676
0.58679
0.58683
0.58687
0.58691
0.58695
0.58698
0.58702
0.58706
0.5871
0.58713
0.58717
0.58721
0.58725
0.58729
0.58732
0.58736
0.5874
0.58744
0.58747
0.58751
0.58755
0.58759
0.58762
0.58766
0.5877
0.58774
0.58778
0.58781
0.58785
0.58789
0.58793
0.58796
0.588
0.58804
0.58808
0.58812
0.58815
0.58819
0.58823
0.58827
0.58831
0.58834
0.58838
0.58842
0.58846
0.5885
0.58853
0.58857
0.58861
0.58865
0.58869
0.58872
0.58876
0.5888
0.58884
0.58888
0.58891
0.58895
0.58899
0.58903
0.58907
0.58911
0.58914
0.58918
0.58922
0.58926
0.5893
0.58933
0.58937
0.58941
0.58945
0.58949
0.58952
0.58956
0.5896
0.58964
0.58968
0.58972
0.58975
0.58979
0.58983
0.58987
0.58991
0.58995
0.58998
0.59002
0.59006
0.5901
0.59014
0.59018
0.59021
0.59025
0.59029
0.59033
0.59037
0.59041
0.59044
0.59048
0.59052
0.59056
0.5906
0.59064
0.59067
0.59071
0.59075
0.59079
0.59083
0.59087
0.5909
0.59094
0.59098
0.59102
0.59106
0.5911
0.59113
0.59117
0.59121
0.59125
0.59129
0.59133
0.59137
0.5914
0.59144
0.59148
0.59152
0.59156
0.5916
0.59164
0.59167
0.59171
0.59175
0.59179
0.59183
0.59187
0.59191
0.59195
0.59199
0.59203
0.59206
0.5921
0.59214
0.59218
0.59222
0.59226
0.5923
0.59234
0.59238
0.59241
0.59245
0.59249
0.59253
0.59257
0.59261
0.59265
0.59269
0.59272
0.59276
0.5928
0.59284
0.59288
0.59292
0.59296
0.593
0.59303
0.59307
0.59311
0.59315
0.59319
0.59323
0.59327
0.59331
0.59335
0.59338
0.59342
0.59346
0.5935
0.59354
0.59358
0.59362
0.59366
0.5937
0.59374
0.59378
0.59382
0.59385
0.59389
0.59393
0.59397
0.59401
0.59405
0.59409
0.59413
0.59417
0.59421
0.59425
0.59428
0.59432
0.59436
0.5944
0.59444
0.59448
0.59452
0.59456
0.59459
0.59463
0.59467
0.59471
0.59475
0.59479
0.59483
0.59486
0.5949
0.59494
0.59498
0.59502
0.59506
0.5951
0.59513
0.59517
0.59521
0.59525
0.59529
0.59533
0.59537
0.5954
0.59544
0.59548
0.59552
0.59556
0.5956
0.59564
0.59567
0.59571
0.59575
0.59579
0.59583
0.59587
0.59591
0.59595
0.59598
0.59602
0.59606
0.5961
0.59614
0.59618
0.59622
0.59626
0.59629
0.59633
0.59637
0.59641
0.59645
0.59649
0.59653
0.59657
0.59661
0.59665
0.59669
0.59673
0.59677
0.5968
0.59684
0.59688
0.59692
0.59696
0.597
0.59704
0.59708
0.59712
0.59716
0.5972
0.59724
0.59728
0.59731
0.59735
0.59739
0.59743
0.59747
0.59751
0.59755
0.59759
0.59763
0.59767
0.59771
0.59775
0.59779
0.59783
0.59787
0.5979
0.59794
0.59798
0.59802
0.59806
0.5981
0.59814
0.59818
0.59822
0.59826
0.5983
0.59834
0.59838
0.59842
0.59845
0.59849
0.59853
0.59857
0.59861
0.59865
0.59869
0.59873
0.59877
0.59881
0.59885
0.59888
0.59892
0.59896
0.599
0.59904
0.59908
0.59912
0.59916
0.5992
0.59924
0.59927
0.59931
0.59935
0.59939
0.59943
0.59947
0.59951
0.59955
0.59959
0.59963
0.59966
0.5997
0.59974
0.59978
0.59982
0.59986
0.5999
0.59994
0.59998
0.60001
0.60005
0.60009
0.60013
0.60017
0.60021
0.60025
0.60029
0.60033
0.60037
0.60041
0.60045
0.60048
0.60052
0.60056
0.6006
0.60064
0.60068
0.60072
0.60076
0.6008
0.60084
0.60088
0.60092
0.60095
0.60099
0.60103
0.60107
0.60111
0.60115
0.60119
0.60123
0.60127
0.60131
0.60135
0.60139
0.60143
0.60147
0.60151
0.60155
0.60158
0.60162
0.60166
0.6017
0.60174
0.60178
0.60182
0.60186
0.6019
0.60194
0.60198
0.60202
0.60206
0.60209
0.60213
0.60217
0.60221
0.60225
0.60229
0.60233
0.60237
0.60241
0.60245
0.60249
0.60253
0.60257
0.60261
0.60265
0.60269
0.60273
0.60277
0.60281
0.60284
0.60288
0.60292
0.60296
0.603
0.60304
0.60308
0.60312
0.60316
0.6032
0.60324
0.60328
0.60332
0.60336
0.6034
0.60344
0.60348
0.60352
0.60356
0.6036
0.60364
0.60368
0.60372
0.60376
0.6038
0.60384
0.60388
0.60392
0.60396
0.604
0.60404
0.60408
0.60412
0.60416
0.60419
0.60423
0.60427
0.60431
0.60435
0.60439
0.60443
0.60447
0.60451
0.60455
0.60459
0.60463
0.60467
0.60471
0.60475
0.60479
0.60483
0.60487
0.60491
0.60495
0.60499
0.60502
0.60506
0.6051
0.60514
0.60518
0.60522
0.60526
0.6053
0.60534
0.60538
0.60542
0.60546
0.6055
0.60554
0.60558
0.60562
0.60566
0.6057
0.60573
0.60577
0.60581
0.60585
0.60589
0.60593
0.60597
0.60601
0.60605
0.60609
0.60613
0.60617
0.60621
0.60625
0.60629
0.60633
0.60637
0.60641
0.60645
0.60649
0.60653
0.60657
0.60661
0.60665
0.60669
0.60673
0.60677
0.60681
0.60685
0.60689
0.60693
0.60697
0.60701
0.60705
0.60709
0.60713
0.60717
0.60721
0.60725
0.60728
0.60732
0.60736
0.6074
0.60744
0.60748
0.60752
0.60756
0.6076
0.60764
0.60768
0.60772
0.60776
0.6078
0.60784
0.60788
0.60792
0.60796
0.608
0.60804
0.60808
0.60812
0.60816
0.6082
0.60824
0.60828
0.60832
0.60836
0.6084
0.60844
0.60848
0.60852
0.60856
0.6086
0.60864
0.60868
0.60872
0.60876
0.6088
0.60884
0.60888
0.60892
0.60896
0.609
0.60904
0.60908
0.60912
0.60916
0.6092
0.60924
0.60928
0.60932
0.60936
0.6094
0.60944
0.60948
0.60952
0.60956
0.6096
0.60964
0.60968
0.60972
0.60976
0.6098
0.60984
0.60988
0.60992
0.60996
0.61
0.61004
0.61008
0.61011
0.61015
0.61019
0.61023
0.61027
0.61031
0.61035
0.61039
0.61043
0.61047
0.61051
0.61055
0.61059
0.61063
0.61067
0.61071
0.61075
0.61079
0.61083
0.61087
0.61091
0.61095
0.61099
0.61103
0.61107
0.61111
0.61115
0.61119
0.61123
0.61127
0.61131
0.61135
0.61139
0.61143
0.61147
0.61151
0.61155
0.6116
0.61164
0.61168
0.61172
0.61176
0.6118
0.61184
0.61188
0.61192
0.61196
0.612
0.61204
0.61208
0.61212
0.61216
0.6122
0.61224
0.61228
0.61232
0.61236
0.6124
0.61244
0.61248
0.61252
0.61256
0.6126
0.61265
0.61269
0.61273
0.61277
0.61281
0.61285
0.61289
0.61293
0.61297
0.61301
0.61305
0.61309
0.61313
0.61317
0.61321
0.61325
0.61329
0.61333
0.61337
0.61341
0.61345
0.61349
0.61353
0.61357
0.61361
0.61365
0.61369
0.61373
0.61377
0.61381
0.61385
0.61389
0.61393
0.61397
0.61401
0.61405
0.61409
0.61413
0.61417
0.61421
0.61425
0.61429
0.61434
0.61438
0.61442
0.61446
0.6145
0.61454
0.61458
0.61462
0.61466
0.6147
0.61474
0.61478
0.61482
0.61486
0.6149
0.61494
0.61498
0.61502
0.61506
0.6151
0.61514
0.61518
0.61522
0.61527
0.61531
0.61535
0.61539
0.61543
0.61547
0.61551
0.61555
0.61559
0.61563
0.61567
0.61571
0.61575
0.61579
0.61583
0.61587
0.61592
0.61596
0.616
0.61604
0.61608
0.61612
0.61616
0.6162
0.61624
0.61628
0.61633
0.61637
0.61641
0.61645
0.61649
0.61653
0.61657
0.61661
0.61665
0.61669
0.61673
0.61677
0.61682
0.61686
0.6169
0.61694
0.61698
0.61702
0.61706
0.6171
0.61714
0.61718
0.61723
0.61727
0.61731
0.61735
0.61739
0.61743
0.61747
0.61751
0.61755
0.61759
0.61764
0.61768
0.61772
0.61776
0.6178
0.61784
0.61788
0.61792
0.61796
0.618
0.61805
0.61809
0.61813
0.61817
0.61821
0.61825
0.61829
0.61833
0.61837
0.61841
0.61846
0.6185
0.61854
0.61858
0.61862
0.61866
0.6187
0.61874
0.61878
0.61882
0.61886
0.6189
0.61894
0.61898
0.61902
0.61906
0.6191
0.61914
0.61918
0.61922
0.61926
0.6193
0.61934
0.61938
0.61942
0.61946
0.61951
0.61955
0.61959
0.61963
0.61967
0.61971
0.61975
0.61979
0.61983
0.61987
0.61991
0.61995
0.61999
0.62003
0.62007
0.62011
0.62015
0.62019
0.62023
0.62028
0.62032
0.62036
0.6204
0.62044
0.62048
0.62052
0.62056
0.6206
0.62064
0.62068
0.62072
0.62076
0.6208
0.62084
0.62089
0.62093
0.62097
0.62101
0.62105
0.62109
0.62113
0.62117
0.62121
0.62125
0.62129
0.62133
0.62137
0.62141
0.62146
0.6215
0.62154
0.62158
0.62162
0.62166
0.6217
0.62174
0.62178
0.62182
0.62186
0.6219
0.62195
0.62199
0.62203
0.62207
0.62211
0.62215
0.62219
0.62223
0.62227
0.62231
0.62236
0.6224
0.62244
0.62248
0.62252
0.62256
0.6226
0.62264
0.62268
0.62272
0.62277
0.62281
0.62285
0.62289
0.62293
0.62297
0.62301
0.62306
0.6231
0.62314
0.62318
0.62322
0.62326
0.6233
0.62334
0.62339
0.62343
0.62347
0.62351
0.62355
0.62359
0.62363
0.62367
0.62372
0.62376
0.6238
0.62384
0.62388
0.62392
0.62397
0.62401
0.62405
0.62409
0.62413
0.62417
0.62421
0.62426
0.6243
0.62434
0.62438
0.62442
0.62446
0.62451
0.62455
0.62459
0.62463
0.62467
0.62471
0.62476
0.6248
0.62484
0.62488
0.62492
0.62496
0.625
0.62505
0.62509
0.62513
0.62517
0.62521
0.62525
0.62529
0.62534
0.62538
0.62542
0.62546
0.6255
0.62554
0.62558
0.62562
0.62566
0.62571
0.62575
0.62579
0.62583
0.62587
0.62591
0.62595
0.62599
0.62603
0.62608
0.62612
0.62616
0.6262
0.62624
0.62628
0.62632
0.62636
0.6264
0.62645
0.62649
0.62653
0.62657
0.62661
0.62665
0.62669
0.62673
0.62678
0.62682
0.62686
0.6269
0.62694
0.62698
0.62702
0.62707
0.62711
0.62715
0.62719
0.62723
0.62727
0.62731
0.62736
0.6274
0.62744
0.62748
0.62752
0.62756
0.6276
0.62765
0.62769
0.62773
0.62777
0.62781
0.62785
0.62789
0.62794
0.62798
0.62802
0.62806
0.6281
0.62815
0.62819
0.62823
0.62827
0.62831
0.62835
0.6284
0.62844
0.62848
0.62852
0.62856
0.62861
0.62865
0.62869
0.62873
0.62877
0.62881
0.62886
0.6289
0.62894
0.62898
0.62902
0.62906
0.62911
0.62915
0.62919
0.62923
0.62927
0.62931
0.62936
0.6294
0.62944
0.62948
0.62952
0.62957
0.62961
0.62965
0.62969
0.62973
0.62977
0.62982
0.62986
0.6299
0.62994
0.62998
0.63002
0.63007
0.63011
0.63015
0.63019
0.63023
0.63027
0.63032
0.63036
0.6304
0.63044
0.63048
0.63053
0.63057
0.63061
0.63065
0.63069
0.63074
0.63078
0.63082
0.63086
0.6309
0.63094
0.63099
0.63103
0.63107
0.63111
0.63115
0.6312
0.63124
0.63128
0.63132
0.63136
0.63141
0.63145
0.63149
0.63153
0.63157
0.63161
0.63166
0.6317
0.63174
0.63178
0.63182
0.63187
0.63191
0.63195
0.63199
0.63203
0.63207
0.63212
0.63216
0.6322
0.63224
0.63228
0.63232
0.63237
0.63241
0.63245
0.63249
0.63253
0.63258
0.63262
0.63266
0.6327
0.63274
0.63279
0.63283
0.63287
0.63291
0.63295
0.633
0.63304
0.63308
0.63312
0.63316
0.63321
0.63325
0.63329
0.63333
0.63338
0.63342
0.63346
0.6335
0.63354
0.63358
0.63363
0.63367
0.63371
0.63375
0.63379
0.63384
0.63388
0.63392
0.63396
0.634
0.63405
0.63409
0.63413
0.63417
0.63422
0.63426
0.6343
0.63434
0.63438
0.63443
0.63447
0.63451
0.63455
0.6346
0.63464
0.63468
0.63472
0.63477
0.63481
0.63485
0.63489
0.63494
0.63498
0.63502
0.63506
0.6351
0.63515
0.63519
0.63523
0.63527
0.63532
0.63536
0.6354
0.63544
0.63549
0.63553
0.63557
0.63561
0.63565
0.6357
0.63574
0.63578
0.63582
0.63587
0.63591
0.63595
0.63599
0.63603
0.63608
0.63612
0.63616
0.6362
0.63625
0.63629
0.63633
0.63637
0.63642
0.63646
0.6365
0.63654
0.63658
0.63663
0.63667
0.63671
0.63675
0.6368
0.63684
0.63688
0.63692
0.63697
0.63701
0.63705
0.63709
0.63714
0.63718
0.63722
0.63726
0.6373
0.63735
0.63739
0.63743
0.63747
0.63752
0.63756
0.6376
0.63764
0.63769
0.63773
0.63777
0.63781
0.63785
0.6379
0.63794
0.63798
0.63802
0.63807
0.63811
0.63815
0.63819
0.63823
0.63828
0.63832
0.63836
0.6384
0.63845
0.63849
0.63853
0.63857
0.63862
0.63866
0.6387
0.63874
0.63879
0.63883
0.63887
0.63892
0.63896
0.639
0.63904
0.63909
0.63913
0.63917
0.63921
0.63926
0.6393
0.63934
0.63938
0.63943
0.63947
0.63951
0.63956
0.6396
0.63964
0.63968
0.63973
0.63977
0.63981
0.63985
0.6399
0.63994
0.63998
0.64002
0.64007
0.64011
0.64015
0.6402
0.64024
0.64028
0.64032
0.64037
0.64041
0.64045
0.64049
0.64054
0.64058
0.64062
0.64067
0.64071
0.64075
0.6408
0.64084
0.64088
0.64092
0.64097
0.64101
0.64105
0.6411
0.64114
0.64118
0.64122
0.64127
0.64131
0.64135
0.6414
0.64144
0.64148
0.64153
0.64157
0.64161
0.64165
0.6417
0.64174
0.64178
0.64183
0.64187
0.64191
0.64195
0.642
0.64204
0.64208
0.64213
0.64217
0.64221
0.64226
0.6423
0.64234
0.64238
0.64243
0.64247
0.64251
0.64255
0.6426
0.64264
0.64268
0.64273
0.64277
0.64281
0.64285
0.6429
0.64294
0.64298
0.64302
0.64307
0.64311
0.64315
0.64319
0.64324
0.64328
0.64332
0.64336
0.64341
0.64345
0.64349
0.64354
0.64358
0.64362
0.64366
0.64371
0.64375
0.64379
0.64384
0.64388
0.64392
0.64396
0.64401
0.64405
0.64409
0.64413
0.64418
0.64422
0.64426
0.64431
0.64435
0.64439
0.64443
0.64448
0.64452
0.64456
0.64461
0.64465
0.64469
0.64473
0.64478
0.64482
0.64486
0.64491
0.64495
0.64499
0.64504
0.64508
0.64512
0.64516
0.64521
0.64525
0.64529
0.64534
0.64538
0.64542
0.64547
0.64551
0.64555
0.64559
0.64564
0.64568
0.64572
0.64577
0.64581
0.64585
0.6459
0.64594
0.64598
0.64602
0.64607
0.64611
0.64615
0.6462
0.64624
0.64628
0.64633
0.64637
0.64641
0.64646
0.6465
0.64654
0.64659
0.64663
0.64667
0.64672
0.64676
0.6468
0.64685
0.64689
0.64693
0.64698
0.64702
0.64706
0.64711
0.64715
0.64719
0.64724
0.64728
0.64732
0.64737
0.64741
0.64745
0.6475
0.64754
0.64758
0.64763
0.64767
0.64771
0.64776
0.6478
0.64784
0.64789
0.64793
0.64797
0.64801
0.64806
0.6481
0.64814
0.64819
0.64823
0.64827
0.64832
0.64836
0.6484
0.64845
0.64849
0.64853
0.64858
0.64862
0.64866
0.64871
0.64875
0.64879
0.64884
0.64888
0.64892
0.64897
0.64901
0.64905
0.6491
0.64914
0.64919
0.64923
0.64927
0.64932
0.64936
0.6494
0.64945
0.64949
0.64954
0.64958
0.64962
0.64967
0.64971
0.64975
0.6498
0.64984
0.64989
0.64993
0.64997
0.65002
0.65006
0.6501
0.65015
0.65019
0.65023
0.65028
0.65032
0.65037
0.65041
0.65045
0.6505
0.65054
0.65058
0.65063
0.65067
0.65071
0.65076
0.6508
0.65085
0.65089
0.65093
0.65098
0.65102
0.65106
0.65111
0.65115
0.65119
0.65124
0.65128
0.65133
0.65137
0.65141
0.65146
0.6515
0.65154
0.65159
0.65163
0.65167
0.65172
0.65176
0.65181
0.65185
0.65189
0.65194
0.65198
0.65202
0.65207
0.65211
0.65215
0.6522
0.65224
0.65229
0.65233
0.65237
0.65242
0.65246
0.65251
0.65255
0.65259
0.65264
0.65268
0.65273
0.65277
0.65281
0.65286
0.6529
0.65295
0.65299
0.65303
0.65308
0.65312
0.65317
0.65321
0.65326
0.6533
0.65334
0.65339
0.65343
0.65348
0.65352
0.65356
0.65361
0.65365
0.6537
0.65374
0.65378
0.65383
0.65387
0.65392
0.65396
0.654
0.65405
0.65409
0.65413
0.65418
0.65422
0.65427
0.65431
0.65435
0.6544
0.65444
0.65448
0.65453
0.65457
0.65462
0.65466
0.6547
0.65475
0.65479
0.65483
0.65488
0.65492
0.65497
0.65501
0.65505
0.6551
0.65514
0.65519
0.65523
0.65527
0.65532
0.65536
0.65541
0.65545
0.65549
0.65554
0.65558
0.65563
0.65567
0.65571
0.65576
0.6558
0.65585
0.65589
0.65594
0.65598
0.65602
0.65607
0.65611
0.65616
0.6562
0.65624
0.65629
0.65633
0.65638
0.65642
0.65646
0.65651
0.65655
0.6566
0.65664
0.65668
0.65673
0.65677
0.65682
0.65686
0.65691
0.65695
0.657
0.65704
0.65708
0.65713
0.65717
0.65722
0.65726
0.6573
0.65735
0.65739
0.65744
0.65748
0.65753
0.65757
0.65762
0.65766
0.6577
0.65775
0.65779
0.65784
0.65788
0.65793
0.65797
0.65802
0.65806
0.6581
0.65815
0.65819
0.65824
0.65828
0.65833
0.65837
0.65841
0.65846
0.6585
0.65855
0.65859
0.65864
0.65868
0.65872
0.65877
0.65881
0.65886
0.6589
0.65895
0.65899
0.65904
0.65908
0.65912
0.65917
0.65921
0.65926
0.6593
0.65935
0.65939
0.65944
0.65948
0.65953
0.65957
0.65961
0.65966
0.6597
0.65975
0.65979
0.65984
0.65988
0.65993
0.65997
0.66001
0.66006
0.6601
0.66015
0.66019
0.66024
0.66028
0.66033
0.66037
0.66042
0.66046
0.6605
0.66055
0.66059
0.66064
0.66068
0.66073
0.66077
0.66082
0.66086
0.6609
0.66095
0.66099
0.66104
0.66108
0.66113
0.66117
0.66122
0.66126
0.66131
0.66135
0.66139
0.66144
0.66148
0.66153
0.66157
0.66162
0.66166
0.66171
0.66175
0.6618
0.66184
0.66189
0.66193
0.66197
0.66202
0.66206
0.66211
0.66215
0.6622
0.66224
0.66229
0.66233
0.66238
0.66242
0.66246
0.66251
0.66255
0.6626
0.66264
0.66269
0.66273
0.66278
0.66282
0.66287
0.66291
0.66296
0.663
0.66304
0.66309
0.66313
0.66318
0.66322
0.66327
0.66331
0.66336
0.6634
0.66345
0.66349
0.66354
0.66358
0.66363
0.66367
0.66372
0.66376
0.66381
0.66385
0.6639
0.66394
0.66399
0.66403
0.66407
0.66412
0.66416
0.66421
0.66425
0.6643
0.66434
0.66439
0.66443
0.66448
0.66452
0.66457
0.66461
0.66466
0.6647
0.66475
0.66479
0.66483
0.66488
0.66492
0.66497
0.66501
0.66506
0.6651
0.66515
0.66519
0.66524
0.66528
0.66533
0.66537
0.66542
0.66546
0.66551
0.66555
0.6656
0.66564
0.66569
0.66573
0.66577
0.66582
0.66586
0.66591
0.66595
0.666
0.66604
0.66609
0.66613
0.66618
0.66622
0.66627
0.66631
0.66636
0.6664
0.66645
0.66649
0.66654
0.66658
0.66663
0.66667
0.66672
0.66676
0.66681
0.66685
0.6669
0.66694
0.66699
0.66703
0.66708
0.66713
0.66717
0.66722
0.66726
0.66731
0.66735
0.6674
0.66744
0.66749
0.66753
0.66758
0.66762
0.66767
0.66771
0.66776
0.66781
0.66785
0.6679
0.66794
0.66799
0.66803
0.66808
0.66812
0.66817
0.66821
0.66826
0.6683
0.66835
0.66839
0.66844
0.66848
0.66853
0.66857
0.66862
0.66866
0.66871
0.66875
0.6688
0.66885
0.66889
0.66894
0.66898
0.66903
0.66907
0.66912
0.66916
0.66921
0.66925
0.6693
0.66935
0.66939
0.66944
0.66948
0.66953
0.66957
0.66962
0.66966
0.66971
0.66976
0.6698
0.66985
0.66989
0.66994
0.66998
0.67003
0.67007
0.67012
0.67017
0.67021
0.67026
0.6703
0.67035
0.67039
0.67044
0.67048
0.67053
0.67057
0.67062
0.67067
0.67071
0.67076
0.6708
0.67085
0.67089
0.67094
0.67098
0.67103
0.67107
0.67112
0.67116
0.67121
0.67125
0.6713
0.67134
0.67139
0.67143
0.67148
0.67152
0.67157
0.67161
0.67166
0.6717
0.67175
0.67179
0.67184
0.67189
0.67193
0.67198
0.67202
0.67207
0.67211
0.67216
0.6722
0.67225
0.67229
0.67234
0.67238
0.67243
0.67247
0.67252
0.67256
0.67261
0.67265
0.6727
0.67275
0.67279
0.67284
0.67288
0.67293
0.67297
0.67302
0.67306
0.67311
0.67315
0.6732
0.67325
0.67329
0.67334
0.67338
0.67343
0.67347
0.67352
0.67356
0.67361
0.67366
0.6737
0.67375
0.67379
0.67384
0.67388
0.67393
0.67397
0.67402
0.67407
0.67411
0.67416
0.6742
0.67425
0.67429
0.67434
0.67439
0.67443
0.67448
0.67452
0.67457
0.67462
0.67466
0.67471
0.67475
0.6748
0.67484
0.67489
0.67494
0.67498
0.67503
0.67507
0.67512
0.67516
0.67521
0.67526
0.6753
0.67535
0.67539
0.67544
0.67549
0.67553
0.67558
0.67562
0.67567
0.67571
0.67576
0.67581
0.67585
0.6759
0.67595
0.67599
0.67604
0.67608
0.67613
0.67617
0.67622
0.67627
0.67631
0.67636
0.6764
0.67645
0.6765
0.67654
0.67659
0.67663
0.67668
0.67673
0.67677
0.67682
0.67686
0.67691
0.67696
0.677
0.67705
0.67709
0.67714
0.67718
0.67723
0.67728
0.67732
0.67737
0.67741
0.67746
0.67751
0.67755
0.6776
0.67764
0.67769
0.67774
0.67778
0.67783
0.67787
0.67792
0.67797
0.67801
0.67806
0.6781
0.67815
0.6782
0.67824
0.67829
0.67833
0.67838
0.67843
0.67847
0.67852
0.67857
0.67861
0.67866
0.6787
0.67875
0.6788
0.67884
0.67889
0.67893
0.67898
0.67903
0.67907
0.67912
0.67916
0.67921
0.67926
0.6793
0.67935
0.67939
0.67944
0.67949
0.67953
0.67958
0.67962
0.67967
0.67972
0.67976
0.67981
0.67985
0.6799
0.67995
0.67999
0.68004
0.68008
0.68013
0.68018
0.68022
0.68027
0.68032
0.68036
0.68041
0.68045
0.6805
0.68055
0.68059
0.68064
0.68069
0.68073
0.68078
0.68083
0.68087
0.68092
0.68097
0.68101
0.68106
0.68111
0.68115
0.6812
0.68124
0.68129
0.68134
0.68138
0.68143
0.68148
0.68152
0.68157
0.68161
0.68166
0.68171
0.68175
0.6818
0.68185
0.68189
0.68194
0.68198
0.68203
0.68208
0.68212
0.68217
0.68221
0.68226
0.68231
0.68235
0.6824
0.68245
0.68249
0.68254
0.68258
0.68263
0.68268
0.68272
0.68277
0.68282
0.68286
0.68291
0.68296
0.683
0.68305
0.6831
0.68314
0.68319
0.68324
0.68328
0.68333
0.68338
0.68342
0.68347
0.68352
0.68356
0.68361
0.68365
0.6837
0.68375
0.68379
0.68384
0.68389
0.68393
0.68398
0.68403
0.68407
0.68412
0.68417
0.68421
0.68426
0.68431
0.68435
0.6844
0.68445
0.68449
0.68454
0.68459
0.68463
0.68468
0.68473
0.68477
0.68482
0.68487
0.68491
0.68496
0.68501
0.68505
0.6851
0.68515
0.68519
0.68524
0.68529
0.68533
0.68538
0.68543
0.68547
0.68552
0.68557
0.68561
0.68566
0.68571
0.68575
0.6858
0.68585
0.68589
0.68594
0.68599
0.68603
0.68608
0.68613
0.68617
0.68622
0.68627
0.68632
0.68636
0.68641
0.68646
0.6865
0.68655
0.6866
0.68664
0.68669
0.68674
0.68678
0.68683
0.68688
0.68692
0.68697
0.68702
0.68706
0.68711
0.68716
0.6872
0.68725
0.6873
0.68735
0.68739
0.68744
0.68749
0.68753
0.68758
0.68763
0.68767
0.68772
0.68777
0.68781
0.68786
0.68791
0.68796
0.688
0.68805
0.6881
0.68814
0.68819
0.68824
0.68828
0.68833
0.68838
0.68843
0.68847
0.68852
0.68857
0.68861
0.68866
0.68871
0.68876
0.6888
0.68885
0.6889
0.68895
0.68899
0.68904
0.68909
0.68914
0.68918
0.68923
0.68928
0.68932
0.68937
0.68942
0.68947
0.68951
0.68956
0.68961
0.68966
0.6897
0.68975
0.6898
0.68984
0.68989
0.68994
0.68999
0.69003
0.69008
0.69013
0.69017
0.69022
0.69027
0.69031
0.69036
0.69041
0.69045
0.6905
0.69055
0.6906
0.69064
0.69069
0.69074
0.69078
0.69083
0.69088
0.69093
0.69097
0.69102
0.69107
0.69111
0.69116
0.69121
0.69126
0.6913
0.69135
0.6914
0.69145
0.69149
0.69154
0.69159
0.69163
0.69168
0.69173
0.69178
0.69182
0.69187
0.69192
0.69197
0.69201
0.69206
0.69211
0.69216
0.6922
0.69225
0.6923
0.69235
0.69239
0.69244
0.69249
0.69254
0.69258
0.69263
0.69268
0.69273
0.69277
0.69282
0.69287
0.69292
0.69297
0.69301
0.69306
0.69311
0.69316
0.6932
0.69325
0.6933
0.69335
0.69339
0.69344
0.69349
0.69354
0.69358
0.69363
0.69368
0.69373
0.69377
0.69382
0.69387
0.69392
0.69396
0.69401
0.69406
0.69411
0.69415
0.6942
0.69425
0.6943
0.69434
0.69439
0.69444
0.69449
0.69453
0.69458
0.69463
0.69468
0.69472
0.69477
0.69482
0.69487
0.69492
0.69496
0.69501
0.69506
0.69511
0.69515
0.6952
0.69525
0.6953
0.69534
0.69539
0.69544
0.69549
0.69554
0.69558
0.69563
0.69568
0.69573
0.69577
0.69582
0.69587
0.69592
0.69597
0.69601
0.69606
0.69611
0.69616
0.69621
0.69625
0.6963
0.69635
0.6964
0.69645
0.69649
0.69654
0.69659
0.69664
0.69669
0.69673
0.69678
0.69683
0.69688
0.69692
0.69697
0.69702
0.69707
0.69712
0.69716
0.69721
0.69726
0.69731
0.69736
0.6974
0.69745
0.6975
0.69755
0.6976
0.69764
0.69769
0.69774
0.69779
0.69784
0.69788
0.69793
0.69798
0.69803
0.69808
0.69812
0.69817
0.69822
0.69827
0.69832
0.69836
0.69841
0.69846
0.69851
0.69856
0.69861
0.69865
0.6987
0.69875
0.6988
0.69884
0.69889
0.69894
0.69899
0.69904
0.69909
0.69913
0.69918
0.69923
0.69928
0.69933
0.69937
0.69942
0.69947
0.69952
0.69957
0.69961
0.69966
0.69971
0.69976
0.69981
0.69985
0.6999
0.69995
0.7
0.70005
