0
0
0.010046
0.020203
0.030112
0.040016
0.050309
0.060508
0.070609
0.080196
0.090297
0.10002
0.11092
0.12078
0.13083
0.14094
0.15101
0.16015
0.17044
0.18079
0.19004
0.20041
0.21089
0.22038
0.23089
0.24043
0.25009
0.26084
0.27058
0.28043
0.29036
0.3004
0.31052
0.32071
0.33089
0.34112
0.35019
0.36036
0.37004
0.3806
0.39012
0.40008
0.41058
0.42022
0.43031
0.44019
0.45002
0.46007
0.47002
0.48003
0.49003
0.50001
0.51001
0.52
0.53
0.54003
0.55001
0.56003
0.57003
0.58002
0.59002
0.60001
0.61004
0.62003
0.63002
0.64002
0.65002
0.66001
0.67003
0.68004
0.69003
0.70005
