0
0
0.00035252
0.00069486
0.0010931
0.001502
0.0018987
0.002292
0.0026964
0.0031332
0.003634
0.004189
0.0047101
0.0052053
0.005692
0.0061935
0.0067382
0.0073613
0.0080147
0.008626
0.0092112
0.0097943
0.010404
0.011075
0.011844
0.012598
0.013299
0.013982
0.014674
0.01541
0.016221
0.017122
0.017962
0.018766
0.019563
0.020384
0.021264
0.022232
0.023293
0.024284
0.025239
0.026192
0.027178
0.028237
0.029399
0.030668
0.031857
0.033005
0.034153
0.035347
0.036641
0.038088
0.039666
0.041137
0.042554
0.043972
0.045455
0.047063
0.048831
0.050746
0.052558
0.054329
0.056124
0.05801
0.06006
0.062314
0.064796
0.067202
0.069556
0.071938
0.074438
0.07715
0.08013
0.083405
0.086766
0.090038
0.09333
0.096759
0.10045
0.10453
0.10893
0.1135
0.11824
0.12286
0.1274
0.13201
0.13668
0.14162
0.14639
0.15084
0.15514
0.15943
0.16373
0.16815
0.17286
0.17796
0.1826
0.18699
0.19135
0.19562
0.20013
0.20459
0.20946
0.21454
0.21938
0.22417
0.22903
0.23399
0.23908
0.24421
0.24925
0.25395
0.25841
0.26279
0.26727
0.27173
0.27635
0.28092
0.28559
0.2902
0.29475
0.29934
0.30406
0.30876
0.31341
0.3174
0.32135
0.32518
0.32868
0.3322
0.33597
0.34016
0.34463
0.34914
0.35365
0.35787
0.36208
0.36671
0.37151
0.37667
0.38208
0.38733
0.39238
0.39742
0.40255
0.40769
0.41273
0.41789
0.42306
0.4283
0.4331
0.43669
0.43981
0.44263
0.44529
0.44781
0.45031
0.45286
0.45527
0.45766
0.46011
