0
0
0.00057324
0.00097886
0.0013604
0.0017565
0.0022058
0.0026106
0.0029894
0.0033762
0.0037928
0.0042117
0.004593
0.0049745
0.0053833
0.0058281
0.006287
0.0067342
0.0071992
0.0077037
0.0082559
0.0088404
0.0094414
0.010054
0.010692
0.011364
0.012068
0.012809
0.013601
0.01443
0.015254
0.016068
0.016895
0.017741
0.018602
0
0.00067596
0.0012737
0.0018668
0.0025087
0.0032763
0.0041031
0.0048776
0.0056728
0.0065778
0.0076221
0.0085633
0.0095068
0.010558
0.011812
0.012935
0.014043
0.015257
0.016683
0.018045
0.019364
0.020781
0.022427
0.024117
0.025717
0.027392
0.029302
0.03142
0.033371
0.035367
0.037604
0.04022
0.042624
0.045029
0.047683
0.050782
0.05391
0.056962
0.060244
0.06405
0.068369
0.072453
0.076717
0.081574
0.087297
0.093099
0.098925
0.10532
0.11219
0.12009
0.12768
0.13523
0.14302
0.15109
0.15832
0.16545
0.17272
0.1802
0.18706
0.1935
0.19965
0.20588
0.21232
0.21952
0.22745
0.23551
0.24395
0.25267
0.26074
0.2681
0.27554
0.28327
0.29106
0.29874
0.30642
0.3141
0.32076
0.32654
0.33224
0.33752
0.34328
0.35003
0.35701
0.36356
0.37039
0.37755
0.38568
0.39397
0.4021
0.41059
0.41901
0.4277
0.43599
0.4429
0.44777
0.45199
0.45606
0.45996
0.46392
